1 0.3329326923076923 0.5168269230769231 0.06370192307692307 0.07932692307692307
1 0.49759615384615385 0.5132211538461539 0.015625 0.019230769230769232
1 0.5372596153846154 0.5168269230769231 0.021634615384615384 0.027644230769230768
3 0.7151442307692307 0.5264423076923077 0.015625 0.052884615384615384
1 0.41225961538461536 0.5180288461538461 0.027644230769230768 0.030048076923076924
1 0.5144230769230769 0.5180288461538461 0.020432692307692308 0.021634615384615384
1 0.037259615384615384 0.5600961538461539 0.07451923076923077 0.1875
1 0.06490384615384616 0.5360576923076923 0.12740384615384615 0.18509615384615385
3 0.8016826923076923 0.5516826923076923 0.03485576923076923 0.140625
4 0.5733173076923077 0.5060096153846154 0.04567307692307692 0.06490384615384616
1 0.4651442307692308 0.5240384615384616 0.05048076923076923 0.05048076923076923
3 0.7572115384615384 0.5552884615384616 0.036057692307692304 0.12860576923076922
4 0.20793269230769232 0.5576923076923077 0.10096153846153846 0.09134615384615384
1 0.6526442307692307 0.5348557692307693 0.1045673076923077 0.054086538461538464
1 0.8653846153846154 0.5673076923076923 0.14423076923076922 0.15504807692307693
1 0.9387019230769231 0.5865384615384616 0.1141826923076923 0.2536057692307692
3 0.17067307692307693 0.49399038461538464 0.020432692307692308 0.057692307692307696
3 0.18389423076923078 0.5 0.021634615384615384 0.04567307692307692
2 0.43149038461538464 0.5240384615384616 0.025240384615384616 0.06610576923076923
3 0.7019230769230769 0.5240384615384616 0.014423076923076924 0.06009615384615385
2 0.203125 0.5588942307692307 0.10096153846153846 0.09134615384615384
2 0.3737980769230769 0.5204326923076923 0.019230769230769232 0.04567307692307692