3 0.1935096153846154 0.5084134615384616 0.019230769230769232 0.051682692307692304
3 0.6875 0.5276442307692307 0.016826923076923076 0.0625
1 0.5192307692307693 0.5168269230769231 0.019230769230769232 0.026442307692307692
1 0.4795673076923077 0.515625 0.019230769230769232 0.020432692307692308
1 0.5036057692307693 0.5180288461538461 0.020432692307692308 0.025240384615384616
1 0.5372596153846154 0.5192307692307693 0.025240384615384616 0.028846153846153848
1 0.039663461538461536 0.5612980769230769 0.07692307692307693 0.18629807692307693
1 0.4110576923076923 0.5180288461538461 0.025240384615384616 0.030048076923076924
2 0.4387019230769231 0.5408653846153846 0.046875 0.125
1 0.06610576923076923 0.5360576923076923 0.12860576923076922 0.18269230769230768
3 0.8377403846153846 0.5600961538461539 0.04567307692307692 0.19110576923076922
3 0.7944711538461539 0.5637019230769231 0.040865384615384616 0.17908653846153846
4 0.5721153846153846 0.5072115384615384 0.04567307692307692 0.06610576923076923
2 0.19831730769230768 0.5564903846153846 0.09495192307692307 0.10336538461538461
1 0.7487980769230769 0.5336538461538461 0.07932692307692307 0.06009615384615385
1 0.3317307692307692 0.5180288461538461 0.06490384615384616 0.078125
1 0.9411057692307693 0.578125 0.10817307692307693 0.23557692307692307
3 0.13581730769230768 0.49399038461538464 0.02403846153846154 0.06129807692307692
1 0.4699519230769231 0.515625 0.01201923076923077 0.019230769230769232
3 0.7055288461538461 0.5288461538461539 0.015625 0.05889423076923077
1 0.8882211538461539 0.5300480769230769 0.10336538461538461 0.0829326923076923
2 0.375 0.5180288461538461 0.019230769230769232 0.046875