1 0.5420673076923077 0.5180288461538461 0.021634615384615384 0.027644230769230768
3 0.21995192307692307 0.5024038461538461 0.020432692307692308 0.042067307692307696
1 0.5024038461538461 0.5180288461538461 0.021634615384615384 0.02403846153846154
1 0.47596153846153844 0.515625 0.021634615384615384 0.025240384615384616
1 0.5228365384615384 0.5192307692307693 0.021634615384615384 0.026442307692307692
1 0.040865384615384616 0.5588942307692307 0.08052884615384616 0.17908653846153846
1 0.41225961538461536 0.5180288461538461 0.03125 0.03125
1 0.7608173076923077 0.5348557692307693 0.078125 0.056490384615384616
4 0.5733173076923077 0.5072115384615384 0.04567307692307692 0.06971153846153846
3 0.9158653846153846 0.5877403846153846 0.07451923076923077 0.28125
2 0.20072115384615385 0.5625 0.09615384615384616 0.0889423076923077
1 0.3317307692307692 0.5180288461538461 0.06490384615384616 0.078125
1 0.06610576923076923 0.5348557692307693 0.12740384615384615 0.17548076923076922
1 0.9591346153846154 0.5805288461538461 0.08173076923076923 0.24759615384615385
3 0.8137019230769231 0.5913461538461539 0.0829326923076923 0.2692307692307692
1 0.4230769230769231 0.515625 0.020432692307692308 0.03485576923076923
1 0.4338942307692308 0.5144230769230769 0.015625 0.026442307692307692
3 0.4543269230769231 0.5180288461538461 0.010817307692307692 0.026442307692307692
1 0.4543269230769231 0.5120192307692307 0.019230769230769232 0.030048076923076924
1 0.49038461538461536 0.515625 0.015625 0.020432692307692308
3 0.6694711538461539 0.5216346153846154 0.016826923076923076 0.05048076923076923
3 0.6911057692307693 0.5264423076923077 0.015625 0.051682692307692304
1 0.8677884615384616 0.5336538461538461 0.07692307692307693 0.09014423076923077
2 0.3737980769230769 0.5192307692307693 0.019230769230769232 0.046875