1 0.4375 0.4723557692307692 0.028846153846153848 0.04567307692307692
4 0.47475961538461536 0.46634615384615385 0.06129807692307692 0.0985576923076923
1 0.28125 0.4951923076923077 0.06009615384615385 0.05889423076923077
1 0.35697115384615385 0.5048076923076923 0.06129807692307692 0.07451923076923077
1 0.19230769230769232 0.5504807692307693 0.14182692307692307 0.13822115384615385
1 0.3389423076923077 0.484375 0.038461538461538464 0.046875
1 0.5060096153846154 0.46033653846153844 0.013221153846153846 0.021634615384615384
4 0.5120192307692307 0.453125 0.019230769230769232 0.030048076923076924
1 0.3629807692307692 0.46274038461538464 0.03245192307692308 0.030048076923076924
4 0.43028846153846156 0.44591346153846156 0.013221153846153846 0.02403846153846154
1 0.41346153846153844 0.44711538461538464 0.009615384615384616 0.009615384615384616
1 0.38221153846153844 0.4579326923076923 0.009615384615384616 0.009615384615384616
4 0.3641826923076923 0.44591346153846156 0.020432692307692308 0.019230769230769232
1 0.3389423076923077 0.46153846153846156 0.01201923076923077 0.009615384615384616
1 0.4050480769230769 0.45552884615384615 0.01201923076923077 0.009615384615384616