1 0.33774038461538464 0.4675480769230769 0.01201923076923077 0.014423076923076924
1 0.4579326923076923 0.4735576923076923 0.025240384615384616 0.03365384615384615
4 0.49759615384615385 0.46634615384615385 0.042067307692307696 0.07572115384615384
1 0.41947115384615385 0.49038461538461536 0.037259615384615384 0.051682692307692304
1 0.1346153846153846 0.5348557692307693 0.10817307692307693 0.09495192307692307
4 0.47596153846153844 0.46033653846153844 0.014423076923076924 0.038461538461538464
4 0.43028846153846156 0.4495192307692308 0.015625 0.021634615384615384
1 0.41586538461538464 0.4543269230769231 0.010817307692307692 0.013221153846153846
4 0.3629807692307692 0.45552884615384615 0.025240384615384616 0.030048076923076924
1 0.3641826923076923 0.48677884615384615 0.038461538461538464 0.04326923076923077
1 0.3918269230769231 0.4735576923076923 0.026442307692307692 0.026442307692307692
1 0.4014423076923077 0.46274038461538464 0.027644230769230768 0.02283653846153846
1 0.38221153846153844 0.5060096153846154 0.06490384615384616 0.06490384615384616