4 0.4987980769230769 0.4723557692307692 0.027644230769230768 0.04927884615384615
1 0.37740384615384615 0.49038461538461536 0.03365384615384615 0.03485576923076923
4 0.20192307692307693 0.45913461538461536 0.22115384615384615 0.3449519230769231
4 0.47716346153846156 0.4675480769230769 0.020432692307692308 0.042067307692307696
1 0.4411057692307692 0.4879807692307692 0.030048076923076924 0.036057692307692304
1 0.4567307692307692 0.484375 0.019230769230769232 0.030048076923076924
1 0.4675480769230769 0.47596153846153844 0.019230769230769232 0.030048076923076924
4 0.4266826923076923 0.4579326923076923 0.016826923076923076 0.020432692307692308
1 0.4110576923076923 0.46274038461538464 0.01201923076923077 0.010817307692307692
1 0.43149038461538464 0.48197115384615385 0.020432692307692308 0.027644230769230768
1 0.4206730769230769 0.4807692307692308 0.015625 0.027644230769230768
4 0.3557692307692308 0.4639423076923077 0.019230769230769232 0.028846153846153848
1 0.328125 0.47716346153846156 0.01201923076923077 0.01201923076923077
1 0.35096153846153844 0.47596153846153844 0.014423076923076924 0.010817307692307692
1 0.39302884615384615 0.45913461538461536 0.009615384615384616 0.009615384615384616
1 0.38100961538461536 0.45913461538461536 0.007211538461538462 0.008413461538461538
1 0.37259615384615385 0.4567307692307692 0.008413461538461538 0.009615384615384616