1 0.33413461538461536 0.515625 0.06370192307692307 0.078125
2 0.3713942307692308 0.5192307692307693 0.019230769230769232 0.040865384615384616
1 0.5396634615384616 0.5168269230769231 0.025240384615384616 0.030048076923076924
1 0.4795673076923077 0.515625 0.0733173076923077 0.042067307692307696
1 0.41225961538461536 0.5180288461538461 0.03125 0.03125
4 0.5733173076923077 0.5072115384615384 0.04567307692307692 0.06490384615384616
1 0.042067307692307696 0.5612980769230769 0.08413461538461539 0.17548076923076922
1 0.0673076923076923 0.5324519230769231 0.12740384615384615 0.171875
2 0.1971153846153846 0.5612980769230769 0.09134615384615384 0.0889423076923077
1 0.8689903846153846 0.5685096153846154 0.1466346153846154 0.15504807692307693
1 0.9423076923076923 0.578125 0.10817307692307693 0.23677884615384615
3 0.20072115384615385 0.4987980769230769 0.030048076923076924 0.06850961538461539
1 0.42427884615384615 0.515625 0.02403846153846154 0.03485576923076923
1 0.4362980769230769 0.5168269230769231 0.016826923076923076 0.027644230769230768
1 0.44591346153846156 0.515625 0.016826923076923076 0.026442307692307692