1 0.46634615384615385 0.5144230769230769 0.015625 0.020432692307692308
2 0.3737980769230769 0.5192307692307693 0.021634615384615384 0.037259615384615384
2 0.19951923076923078 0.5612980769230769 0.09735576923076923 0.08653846153846154
1 0.48677884615384615 0.5144230769230769 0.014423076923076924 0.016826923076923076
1 0.41225961538461536 0.5192307692307693 0.030048076923076924 0.03245192307692308
4 0.5745192307692307 0.5072115384615384 0.04807692307692308 0.0673076923076923
1 0.042067307692307696 0.5588942307692307 0.08413461538461539 0.1814903846153846
1 0.3329326923076923 0.5180288461538461 0.06370192307692307 0.07932692307692307
1 0.0673076923076923 0.5336538461538461 0.12740384615384615 0.16706730769230768
1 0.8677884615384616 0.5709134615384616 0.14543269230769232 0.15745192307692307
1 0.9411057692307693 0.5877403846153846 0.109375 0.25600961538461536
1 0.421875 0.515625 0.02403846153846154 0.03485576923076923
1 0.43509615384615385 0.5144230769230769 0.014423076923076924 0.027644230769230768
1 0.44471153846153844 0.515625 0.016826923076923076 0.021634615384615384
1 0.4951923076923077 0.515625 0.01201923076923077 0.014423076923076924
1 0.5060096153846154 0.515625 0.016826923076923076 0.02283653846153846
1 0.546875 0.5180288461538461 0.015625 0.030048076923076924
1 0.5396634615384616 0.5168269230769231 0.020432692307692308 0.026442307692307692
1 0.5288461538461539 0.5168269230769231 0.013221153846153846 0.026442307692307692