3 0.7067307692307693 0.5024038461538461 0.010817307692307692 0.03125
1 0.3641826923076923 0.5036057692307693 0.02403846153846154 0.021634615384615384
1 0.4987980769230769 0.6262019230769231 0.234375 0.2608173076923077
1 0.3245192307692308 0.5060096153846154 0.038461538461538464 0.025240384615384616
1 0.40625 0.5 0.025240384615384616 0.021634615384615384
4 0.40625 0.484375 0.026442307692307692 0.038461538461538464
1 0.41947115384615385 0.4987980769230769 0.010817307692307692 0.014423076923076924
4 0.5276442307692307 0.4735576923076923 0.04326923076923077 0.037259615384615384
4 0.6201923076923077 0.4795673076923077 0.040865384615384616 0.07091346153846154
1 0.5685096153846154 0.5096153846153846 0.027644230769230768 0.039663461538461536
1 0.5793269230769231 0.5 0.019230769230769232 0.026442307692307692
4 0.5925480769230769 0.49038461538461536 0.02403846153846154 0.042067307692307696