2 0.37259615384615385 0.5180288461538461 0.020432692307692308 0.039663461538461536
4 0.4879807692307692 0.5108173076923077 0.026442307692307692 0.03365384615384615
2 0.20072115384615385 0.5612980769230769 0.09495192307692307 0.09014423076923077
4 0.5769230769230769 0.5084134615384616 0.051682692307692304 0.06610576923076923
1 0.042067307692307696 0.5588942307692307 0.08413461538461539 0.18028846153846154
1 0.3329326923076923 0.5180288461538461 0.06490384615384616 0.078125
1 0.0673076923076923 0.5336538461538461 0.12740384615384615 0.171875
1 0.8677884615384616 0.5673076923076923 0.14903846153846154 0.15384615384615385
1 0.9423076923076923 0.5877403846153846 0.10817307692307693 0.2608173076923077
1 0.41225961538461536 0.5204326923076923 0.030048076923076924 0.03485576923076923
1 0.4230769230769231 0.5144230769230769 0.02403846153846154 0.03365384615384615
1 0.43509615384615385 0.5144230769230769 0.016826923076923076 0.027644230769230768
1 0.44711538461538464 0.515625 0.01201923076923077 0.02283653846153846
1 0.4543269230769231 0.5132211538461539 0.018028846153846152 0.030048076923076924
1 0.5480769230769231 0.5180288461538461 0.015625 0.030048076923076924
1 0.5396634615384616 0.515625 0.021634615384615384 0.026442307692307692