4 0.49038461538461536 0.5084134615384616 0.03125 0.039663461538461536
2 0.37259615384615385 0.5180288461538461 0.020432692307692308 0.042067307692307696
1 0.46875 0.5144230769230769 0.021634615384615384 0.025240384615384616
2 0.20192307692307693 0.5600961538461539 0.10216346153846154 0.09254807692307693
4 0.5757211538461539 0.5072115384615384 0.04927884615384615 0.06490384615384616
1 0.042067307692307696 0.5588942307692307 0.08413461538461539 0.18028846153846154
1 0.3329326923076923 0.5180288461538461 0.06370192307692307 0.078125
1 0.0673076923076923 0.5336538461538461 0.12860576923076922 0.17067307692307693
1 0.8665865384615384 0.5685096153846154 0.14903846153846154 0.15504807692307693
1 0.9435096153846154 0.5865384615384616 0.1045673076923077 0.25600961538461536
1 0.4110576923076923 0.5192307692307693 0.03125 0.03365384615384615
1 0.4230769230769231 0.5144230769230769 0.02403846153846154 0.03365384615384615
1 0.4362980769230769 0.5144230769230769 0.013221153846153846 0.02403846153846154
1 0.44471153846153844 0.515625 0.015625 0.021634615384615384
1 0.5480769230769231 0.5204326923076923 0.014423076923076924 0.026442307692307692
1 0.5372596153846154 0.5168269230769231 0.020432692307692308 0.026442307692307692
1 0.5276442307692307 0.515625 0.015625 0.026442307692307692