2 0.3713942307692308 0.5180288461538461 0.016826923076923076 0.04326923076923077
1 0.5108173076923077 0.515625 0.015625 0.026442307692307692
2 0.19951923076923078 0.5600961538461539 0.09254807692307693 0.09014423076923077
1 0.042067307692307696 0.5600961538461539 0.08413461538461539 0.17668269230769232
3 0.7848557692307693 0.5372596153846154 0.02403846153846154 0.07451923076923077
1 0.41346153846153844 0.5180288461538461 0.030048076923076924 0.03125
4 0.5769230769230769 0.5084134615384616 0.05048076923076923 0.0673076923076923
4 0.47836538461538464 0.49158653846153844 0.05889423076923077 0.09975961538461539
1 0.3329326923076923 0.5180288461538461 0.06610576923076923 0.078125
1 0.06610576923076923 0.5348557692307693 0.12860576923076922 0.17548076923076922
1 0.8689903846153846 0.5673076923076923 0.14543269230769232 0.15144230769230768
1 0.9435096153846154 0.5865384615384616 0.10697115384615384 0.25721153846153844
1 0.4230769230769231 0.5132211538461539 0.020432692307692308 0.03245192307692308
1 0.43509615384615385 0.5144230769230769 0.015625 0.026442307692307692
1 0.44711538461538464 0.5168269230769231 0.016826923076923076 0.021634615384615384
1 0.5480769230769231 0.5192307692307693 0.015625 0.030048076923076924
1 0.5372596153846154 0.5168269230769231 0.020432692307692308 0.025240384615384616
1 0.5276442307692307 0.515625 0.01201923076923077 0.020432692307692308