4 0.3112980769230769 0.4951923076923077 0.06490384615384616 0.10336538461538461
1 0.3713942307692308 0.5060096153846154 0.046875 0.055288461538461536
1 0.5204326923076923 0.5084134615384616 0.042067307692307696 0.052884615384615384
1 0.4254807692307692 0.5180288461538461 0.054086538461538464 0.06129807692307692
1 0.125 0.5024038461538461 0.037259615384615384 0.030048076923076924
4 0.1814903846153846 0.484375 0.056490384615384616 0.05889423076923077
1 0.44471153846153844 0.5012019230769231 0.03485576923076923 0.054086538461538464
4 0.4723557692307692 0.48197115384615385 0.03365384615384615 0.05889423076923077
1 0.25721153846153844 0.4543269230769231 0.010817307692307692 0.013221153846153846
1 0.24639423076923078 0.4543269230769231 0.007211538461538462 0.01201923076923077
1 0.2620192307692308 0.5048076923076923 0.05048076923076923 0.06129807692307692
1 0.34615384615384615 0.46634615384615385 0.009615384615384616 0.014423076923076924
1 0.35216346153846156 0.47115384615384615 0.01201923076923077 0.016826923076923076
4 0.38461538461538464 0.46875 0.016826923076923076 0.026442307692307692
1 0.40384615384615385 0.4795673076923077 0.015625 0.021634615384615384
1 0.3942307692307692 0.4795673076923077 0.010817307692307692 0.015625
4 0.4326923076923077 0.47115384615384615 0.027644230769230768 0.030048076923076924
1 0.4182692307692308 0.47596153846153844 0.01201923076923077 0.01201923076923077