1 0.4543269230769231 0.5 0.028846153846153848 0.046875
4 0.3137019230769231 0.5 0.07692307692307693 0.10817307692307693
1 0.5060096153846154 0.5024038461538461 0.028846153846153848 0.037259615384615384
1 0.3942307692307692 0.5084134615384616 0.042067307692307696 0.04807692307692308
1 0.1141826923076923 0.5048076923076923 0.036057692307692304 0.03245192307692308
1 0.171875 0.5 0.028846153846153848 0.027644230769230768
1 0.22235576923076922 0.4963942307692308 0.030048076923076924 0.028846153846153848
4 0.2620192307692308 0.4855769230769231 0.040865384615384616 0.05048076923076923
4 0.46033653846153844 0.484375 0.036057692307692304 0.06009615384615385
3 0.5336538461538461 0.49158653846153844 0.010817307692307692 0.030048076923076924
1 0.4110576923076923 0.49759615384615385 0.02403846153846154 0.03245192307692308
1 0.4098557692307692 0.4795673076923077 0.014423076923076924 0.018028846153846152
4 0.3858173076923077 0.4735576923076923 0.025240384615384616 0.040865384615384616
1 0.3629807692307692 0.47836538461538464 0.015625 0.02403846153846154
1 0.3485576923076923 0.47596153846153844 0.013221153846153846 0.016826923076923076
4 0.2608173076923077 0.4519230769230769 0.019230769230769232 0.027644230769230768
4 0.23557692307692307 0.48197115384615385 0.036057692307692304 0.051682692307692304