2 0.20192307692307693 0.5552884615384616 0.09735576923076923 0.0985576923076923
1 0.5408653846153846 0.515625 0.025240384615384616 0.030048076923076924
1 0.06610576923076923 0.5324519230769231 0.12740384615384615 0.17668269230769232
4 0.5733173076923077 0.5060096153846154 0.046875 0.07091346153846154
1 0.04326923076923077 0.5588942307692307 0.08653846153846154 0.171875
1 0.33413461538461536 0.5168269230769231 0.06490384615384616 0.08052884615384616
4 0.453125 0.46153846153846156 0.15264423076923078 0.25600961538461536
4 0.7055288461538461 0.5216346153846154 0.19951923076923078 0.2860576923076923
1 0.8713942307692307 0.5673076923076923 0.140625 0.15384615384615385
1 0.9423076923076923 0.5853365384615384 0.10697115384615384 0.2548076923076923
2 0.3713942307692308 0.5204326923076923 0.016826923076923076 0.046875