4 0.5733173076923077 0.5084134615384616 0.04567307692307692 0.0673076923076923
2 0.3713942307692308 0.5216346153846154 0.016826923076923076 0.038461538461538464
2 0.20192307692307693 0.5576923076923077 0.09975961538461539 0.08774038461538461
4 0.04927884615384615 0.6069711538461539 0.09735576923076923 0.3701923076923077
4 0.07091346153846154 0.5324519230769231 0.12620192307692307 0.1814903846153846
1 0.3329326923076923 0.5192307692307693 0.06610576923076923 0.08052884615384616
1 0.9435096153846154 0.5853365384615384 0.10576923076923077 0.2536057692307692
4 0.6514423076923077 0.5204326923076923 0.10817307692307693 0.13822115384615385
1 0.8701923076923077 0.5649038461538461 0.1466346153846154 0.15504807692307693
1 0.4098557692307692 0.5192307692307693 0.030048076923076924 0.03485576923076923
1 0.4230769230769231 0.5132211538461539 0.020432692307692308 0.03485576923076923
1 0.4362980769230769 0.515625 0.013221153846153846 0.028846153846153848
1 0.44471153846153844 0.5144230769230769 0.014423076923076924 0.019230769230769232
4 0.453125 0.5120192307692307 0.018028846153846152 0.027644230769230768
1 0.4675480769230769 0.5132211538461539 0.014423076923076924 0.02403846153846154
1 0.4807692307692308 0.5144230769230769 0.018028846153846152 0.018028846153846152
1 0.4951923076923077 0.5144230769230769 0.013221153846153846 0.016826923076923076
1 0.5108173076923077 0.515625 0.03125 0.02283653846153846
1 0.5444711538461539 0.5192307692307693 0.016826923076923076 0.025240384615384616
1 0.5372596153846154 0.515625 0.020432692307692308 0.026442307692307692