4 0.5673076923076923 0.5096153846153846 0.037259615384615384 0.0673076923076923
2 0.3701923076923077 0.5180288461538461 0.020432692307692308 0.04326923076923077
1 0.5072115384615384 0.5168269230769231 0.016826923076923076 0.018028846153846152
2 0.203125 0.5540865384615384 0.109375 0.09615384615384616
1 0.042067307692307696 0.5588942307692307 0.08413461538461539 0.17908653846153846
1 0.06850961538461539 0.5324519230769231 0.12860576923076922 0.16947115384615385
1 0.3317307692307692 0.5180288461538461 0.06490384615384616 0.078125
4 0.6153846153846154 0.515625 0.09134615384615384 0.11778846153846154
1 0.8677884615384616 0.5673076923076923 0.14783653846153846 0.15504807692307693
1 0.9411057692307693 0.5841346153846154 0.109375 0.2512019230769231
1 0.41225961538461536 0.5180288461538461 0.028846153846153848 0.03365384615384615
1 0.4230769230769231 0.5144230769230769 0.020432692307692308 0.03125
1 0.43509615384615385 0.5144230769230769 0.015625 0.025240384615384616
1 0.44591346153846156 0.515625 0.015625 0.02403846153846154
1 0.4579326923076923 0.515625 0.015625 0.016826923076923076
1 0.4795673076923077 0.5144230769230769 0.03245192307692308 0.018028846153846152
1 0.49759615384615385 0.515625 0.013221153846153846 0.014423076923076924
1 0.546875 0.5168269230769231 0.015625 0.026442307692307692
1 0.5360576923076923 0.515625 0.019230769230769232 0.025240384615384616
1 0.5264423076923077 0.515625 0.015625 0.021634615384615384