2 0.36778846153846156 0.515625 0.014423076923076924 0.039663461538461536
4 0.5973557692307693 0.5144230769230769 0.0829326923076923 0.10576923076923077
2 0.19591346153846154 0.5528846153846154 0.10216346153846154 0.09735576923076923
1 0.41225961538461536 0.5192307692307693 0.030048076923076924 0.03245192307692308
1 0.042067307692307696 0.5588942307692307 0.08413461538461539 0.17908653846153846
1 0.0673076923076923 0.5336538461538461 0.12860576923076922 0.171875
1 0.3329326923076923 0.5180288461538461 0.06610576923076923 0.078125
1 0.8677884615384616 0.5673076923076923 0.14903846153846154 0.15504807692307693
1 0.9435096153846154 0.5853365384615384 0.10817307692307693 0.25240384615384615
1 0.42427884615384615 0.5144230769230769 0.019230769230769232 0.03125
1 0.43509615384615385 0.5132211538461539 0.014423076923076924 0.021634615384615384
1 0.4519230769230769 0.515625 0.02403846153846154 0.020432692307692308
1 0.5480769230769231 0.5192307692307693 0.016826923076923076 0.028846153846153848
1 0.5384615384615384 0.5180288461538461 0.020432692307692308 0.026442307692307692
1 0.5276442307692307 0.515625 0.01201923076923077 0.021634615384615384
1 0.4879807692307692 0.5144230769230769 0.03125 0.018028846153846152