2 0.3713942307692308 0.5204326923076923 0.016826923076923076 0.042067307692307696
2 0.20072115384615385 0.5540865384615384 0.10216346153846154 0.09615384615384616
1 0.4098557692307692 0.5180288461538461 0.025240384615384616 0.03245192307692308
1 0.5168269230769231 0.515625 0.015625 0.019230769230769232
1 0.49759615384615385 0.515625 0.015625 0.018028846153846152
1 0.042067307692307696 0.5588942307692307 0.08173076923076923 0.17427884615384615
1 0.3329326923076923 0.5180288461538461 0.06490384615384616 0.078125
1 0.06850961538461539 0.5324519230769231 0.12860576923076922 0.16947115384615385
1 0.8665865384615384 0.5673076923076923 0.14903846153846154 0.15264423076923078
1 0.9411057692307693 0.5853365384615384 0.109375 0.25
3 0.42427884615384615 0.5192307692307693 0.010817307692307692 0.04567307692307692
2 0.4375 0.5180288461538461 0.013221153846153846 0.037259615384615384
1 0.453125 0.515625 0.021634615384615384 0.021634615384615384
1 0.47475961538461536 0.5144230769230769 0.014423076923076924 0.018028846153846152
4 0.5516826923076923 0.5144230769230769 0.056490384615384616 0.08533653846153846
4 0.5829326923076923 0.5060096153846154 0.02403846153846154 0.06009615384615385