1 0.43509615384615385 0.5132211538461539 0.019230769230769232 0.02403846153846154
4 0.5204326923076923 0.5132211538461539 0.03485576923076923 0.042067307692307696
3 0.7283653846153846 0.5300480769230769 0.010817307692307692 0.046875
1 0.4951923076923077 0.5144230769230769 0.015625 0.018028846153846152
3 0.7151442307692307 0.5264423076923077 0.014423076923076924 0.05048076923076923
2 0.19831730769230768 0.5588942307692307 0.09975961538461539 0.09134615384615384
4 0.5733173076923077 0.5060096153846154 0.04567307692307692 0.06610576923076923
1 0.41225961538461536 0.5180288461538461 0.030048076923076924 0.03125
1 0.042067307692307696 0.5576923076923077 0.0829326923076923 0.18389423076923078
1 0.3245192307692308 0.5144230769230769 0.04927884615384615 0.07572115384615384
2 0.35216346153846156 0.5456730769230769 0.04927884615384615 0.13581730769230768
1 0.6394230769230769 0.5336538461538461 0.12620192307692307 0.056490384615384616
1 0.0673076923076923 0.5348557692307693 0.12860576923076922 0.17067307692307693
1 0.8665865384615384 0.5661057692307693 0.14903846153846154 0.1502403846153846
1 0.9411057692307693 0.5829326923076923 0.10817307692307693 0.24759615384615385
1 0.453125 0.5144230769230769 0.026442307692307692 0.021634615384615384
1 0.46875 0.515625 0.01201923076923077 0.019230769230769232
1 0.42427884615384615 0.5144230769230769 0.016826923076923076 0.03365384615384615
1 0.5480769230769231 0.5180288461538461 0.015625 0.026442307692307692
3 0.5396634615384616 0.5228365384615384 0.010817307692307692 0.03485576923076923