4 0.5168269230769231 0.5132211538461539 0.030048076923076924 0.038461538461538464
1 0.4963942307692308 0.515625 0.016826923076923076 0.021634615384615384
2 0.36899038461538464 0.5168269230769231 0.019230769230769232 0.039663461538461536
1 0.41466346153846156 0.5192307692307693 0.03365384615384615 0.03245192307692308
4 0.5733173076923077 0.5072115384615384 0.042067307692307696 0.06850961538461539
2 0.19831730769230768 0.5564903846153846 0.0985576923076923 0.09735576923076923
1 0.042067307692307696 0.5588942307692307 0.07932692307692307 0.17548076923076922
3 0.7560096153846154 0.5348557692307693 0.020432692307692308 0.07451923076923077
1 0.33413461538461536 0.5180288461538461 0.06610576923076923 0.07932692307692307
1 0.8665865384615384 0.5673076923076923 0.14302884615384615 0.14903846153846154
1 0.0673076923076923 0.5336538461538461 0.12860576923076922 0.16826923076923078
1 0.9423076923076923 0.5853365384615384 0.11298076923076923 0.2548076923076923
1 0.42427884615384615 0.5120192307692307 0.020432692307692308 0.028846153846153848
1 0.4362980769230769 0.5132211538461539 0.014423076923076924 0.021634615384615384
1 0.4495192307692308 0.5168269230769231 0.02403846153846154 0.021634615384615384
4 0.45913461538461536 0.5120192307692307 0.016826923076923076 0.030048076923076924
1 0.4723557692307692 0.5144230769230769 0.01201923076923077 0.015625
1 0.48197115384615385 0.5168269230769231 0.016826923076923076 0.021634615384615384
1 0.5480769230769231 0.5180288461538461 0.016826923076923076 0.026442307692307692
1 0.5372596153846154 0.515625 0.016826923076923076 0.025240384615384616
3 0.8088942307692307 0.5336538461538461 0.02403846153846154 0.06610576923076923