4 0.5132211538461539 0.5120192307692307 0.025240384615384616 0.036057692307692304
1 0.47836538461538464 0.5144230769230769 0.021634615384615384 0.02283653846153846
2 0.19471153846153846 0.5540865384615384 0.09735576923076923 0.10096153846153846
4 0.5721153846153846 0.5084134615384616 0.04326923076923077 0.06971153846153846
1 0.040865384615384616 0.5588942307692307 0.07932692307692307 0.1778846153846154
1 0.3329326923076923 0.5168269230769231 0.0625 0.07932692307692307
1 0.06850961538461539 0.5324519230769231 0.12860576923076922 0.16826923076923078
1 0.8677884615384616 0.5661057692307693 0.14543269230769232 0.15144230769230768
1 0.9435096153846154 0.5865384615384616 0.10576923076923077 0.25600961538461536
3 0.4230769230769231 0.5192307692307693 0.015625 0.04326923076923077
1 0.4098557692307692 0.5192307692307693 0.027644230769230768 0.03485576923076923
1 0.44711538461538464 0.515625 0.027644230769230768 0.028846153846153848
1 0.49399038461538464 0.5168269230769231 0.021634615384615384 0.02283653846153846
2 0.5384615384615384 0.5204326923076923 0.015625 0.04567307692307692
1 0.5480769230769231 0.5180288461538461 0.01201923076923077 0.026442307692307692