3 0.6838942307692307 0.5264423076923077 0.010817307692307692 0.046875
1 0.5108173076923077 0.5120192307692307 0.021634615384615384 0.028846153846153848
3 0.6959134615384616 0.5264423076923077 0.013221153846153846 0.05889423076923077
1 0.41346153846153844 0.5192307692307693 0.027644230769230768 0.03125
3 0.3954326923076923 0.5228365384615384 0.014423076923076924 0.04567307692307692
4 0.5733173076923077 0.5060096153846154 0.04567307692307692 0.06490384615384616
2 0.20432692307692307 0.5540865384615384 0.11057692307692307 0.10216346153846154
1 0.47596153846153844 0.5144230769230769 0.021634615384615384 0.02403846153846154
1 0.042067307692307696 0.5576923076923077 0.0829326923076923 0.18269230769230768
1 0.3329326923076923 0.5168269230769231 0.0625 0.07932692307692307
1 0.8677884615384616 0.5673076923076923 0.1466346153846154 0.15384615384615385
1 0.0673076923076923 0.5324519230769231 0.12740384615384615 0.16826923076923078
1 0.9423076923076923 0.5841346153846154 0.109375 0.25240384615384615
1 0.4254807692307692 0.5144230769230769 0.019230769230769232 0.03365384615384615
1 0.4362980769230769 0.5144230769230769 0.015625 0.026442307692307692
1 0.44591346153846156 0.5168269230769231 0.018028846153846152 0.02403846153846154
3 0.48677884615384615 0.515625 0.010817307692307692 0.02403846153846154
1 0.4951923076923077 0.515625 0.010817307692307692 0.015625
1 0.5480769230769231 0.5180288461538461 0.016826923076923076 0.026442307692307692
1 0.5372596153846154 0.5180288461538461 0.015625 0.02403846153846154
3 0.703125 0.5348557692307693 0.010817307692307692 0.040865384615384616