4 0.5072115384615384 0.5120192307692307 0.020432692307692308 0.028846153846153848
3 0.8149038461538461 0.515625 0.015625 0.042067307692307696
4 0.5757211538461539 0.5084134615384616 0.04927884615384615 0.06850961538461539
2 0.20192307692307693 0.5540865384615384 0.10096153846153846 0.09735576923076923
1 0.41225961538461536 0.5180288461538461 0.030048076923076924 0.03125
3 0.38461538461538464 0.5240384615384616 0.015625 0.04927884615384615
3 0.71875 0.5288461538461539 0.019230769230769232 0.056490384615384616
1 0.042067307692307696 0.5564903846153846 0.0829326923076923 0.18389423076923078
1 0.3317307692307692 0.5180288461538461 0.06129807692307692 0.078125
1 0.0673076923076923 0.5336538461538461 0.12860576923076922 0.171875
1 0.8677884615384616 0.5661057692307693 0.14903846153846154 0.15144230769230768
1 0.9399038461538461 0.5853365384615384 0.11298076923076923 0.25600961538461536
1 0.42427884615384615 0.5132211538461539 0.019230769230769232 0.030048076923076924
1 0.43509615384615385 0.5132211538461539 0.018028846153846152 0.026442307692307692
1 0.44711538461538464 0.515625 0.015625 0.02283653846153846
1 0.46274038461538464 0.5144230769230769 0.01201923076923077 0.014423076923076924
1 0.47115384615384615 0.515625 0.018028846153846152 0.02403846153846154
1 0.484375 0.5144230769230769 0.019230769230769232 0.016826923076923076
1 0.546875 0.5180288461538461 0.016826923076923076 0.030048076923076924
1 0.5372596153846154 0.5168269230769231 0.018028846153846152 0.026442307692307692
1 0.5276442307692307 0.5168269230769231 0.014423076923076924 0.020432692307692308
1 0.5180288461538461 0.5168269230769231 0.013221153846153846 0.020432692307692308