1 0.4987980769230769 0.5144230769230769 0.020432692307692308 0.016826923076923076
1 0.5216346153846154 0.5180288461538461 0.020432692307692308 0.021634615384615384
2 0.20192307692307693 0.5552884615384616 0.09735576923076923 0.09495192307692307
1 0.4795673076923077 0.5132211538461539 0.014423076923076924 0.018028846153846152
1 0.41225961538461536 0.5180288461538461 0.03125 0.030048076923076924
1 0.3329326923076923 0.5168269230769231 0.0625 0.078125
1 0.8689903846153846 0.5661057692307693 0.14423076923076922 0.15144230769230768
1 0.9423076923076923 0.5853365384615384 0.1141826923076923 0.25240384615384615
1 0.046875 0.5600961538461539 0.09134615384615384 0.18990384615384615
1 0.06971153846153846 0.53125 0.12139423076923077 0.18509615384615385
1 0.4230769230769231 0.5132211538461539 0.019230769230769232 0.03245192307692308
1 0.4362980769230769 0.515625 0.014423076923076924 0.027644230769230768
1 0.44591346153846156 0.5168269230769231 0.014423076923076924 0.02283653846153846
1 0.5384615384615384 0.515625 0.019230769230769232 0.027644230769230768
1 0.5480769230769231 0.5204326923076923 0.018028846153846152 0.026442307692307692
4 0.5733173076923077 0.5060096153846154 0.04567307692307692 0.06490384615384616
2 0.46274038461538464 0.5168269230769231 0.009615384615384616 0.02403846153846154