1 0.5216346153846154 0.5144230769230769 0.015625 0.018028846153846152
1 0.5336538461538461 0.515625 0.020432692307692308 0.026442307692307692
1 0.5480769230769231 0.5228365384615384 0.016826923076923076 0.026442307692307692
1 0.042067307692307696 0.5576923076923077 0.07692307692307693 0.1875
4 0.5757211538461539 0.5084134615384616 0.051682692307692304 0.06610576923076923
1 0.41225961538461536 0.5180288461538461 0.03245192307692308 0.030048076923076924
1 0.4651442307692308 0.5144230769230769 0.020432692307692308 0.021634615384615384
1 0.4963942307692308 0.515625 0.018028846153846152 0.019230769230769232
1 0.0673076923076923 0.5360576923076923 0.12620192307692307 0.17427884615384615
1 0.3329326923076923 0.5180288461538461 0.0625 0.078125
1 0.8689903846153846 0.5661057692307693 0.14543269230769232 0.15144230769230768
1 0.9435096153846154 0.5829326923076923 0.10576923076923077 0.25
2 0.19471153846153846 0.5600961538461539 0.09014423076923077 0.09495192307692307
1 0.4254807692307692 0.5144230769230769 0.019230769230769232 0.03125
1 0.43509615384615385 0.5144230769230769 0.015625 0.02403846153846154
1 0.44591346153846156 0.5168269230769231 0.019230769230769232 0.020432692307692308