1 0.3293269230769231 0.4807692307692308 0.02283653846153846 0.025240384615384616
3 0.7608173076923077 0.5348557692307693 0.02403846153846154 0.07091346153846154
3 0.7403846153846154 0.5288461538461539 0.019230769230769232 0.0733173076923077
1 0.6045673076923077 0.5228365384615384 0.054086538461538464 0.057692307692307696
1 0.6658653846153846 0.5384615384615384 0.07572115384615384 0.0733173076923077
1 0.8725961538461539 0.5661057692307693 0.1814903846153846 0.171875
1 0.5685096153846154 0.5204326923076923 0.036057692307692304 0.054086538461538464
1 0.5504807692307693 0.515625 0.042067307692307696 0.054086538461538464
2 0.5168269230769231 0.5108173076923077 0.020432692307692308 0.05889423076923077
1 0.46634615384615385 0.5036057692307693 0.040865384615384616 0.039663461538461536
1 0.44591346153846156 0.5024038461538461 0.019230769230769232 0.03125
1 0.4338942307692308 0.49759615384615385 0.025240384615384616 0.030048076923076924
1 0.4206730769230769 0.49158653846153844 0.027644230769230768 0.036057692307692304
1 0.4050480769230769 0.4891826923076923 0.02283653846153846 0.03125
2 0.38822115384615385 0.49038461538461536 0.01201923076923077 0.03485576923076923
2 0.3581730769230769 0.4831730769230769 0.009615384615384616 0.028846153846153848
1 0.375 0.4831730769230769 0.016826923076923076 0.02403846153846154
2 0.34615384615384615 0.4807692307692308 0.01201923076923077 0.026442307692307692
1 0.2776442307692308 0.49158653846153844 0.05048076923076923 0.05889423076923077
1 0.2824519230769231 0.4879807692307692 0.054086538461538464 0.0625