1 0.44350961538461536 0.515625 0.02283653846153846 0.02283653846153846
1 0.41225961538461536 0.5180288461538461 0.030048076923076924 0.03125
2 0.2776442307692308 0.5252403846153846 0.03125 0.10697115384615384
1 0.040865384615384616 0.5612980769230769 0.07692307692307693 0.18389423076923078
1 0.06610576923076923 0.5360576923076923 0.12740384615384615 0.17427884615384615
1 0.8665865384615384 0.5649038461538461 0.140625 0.1466346153846154
1 0.9399038461538461 0.578125 0.10817307692307693 0.23918269230769232
2 0.19591346153846154 0.5612980769230769 0.08653846153846154 0.0889423076923077
1 0.42427884615384615 0.5132211538461539 0.021634615384615384 0.03245192307692308
3 0.4543269230769231 0.5144230769230769 0.007211538461538462 0.026442307692307692
3 0.46153846153846156 0.5144230769230769 0.008413461538461538 0.027644230769230768
1 0.4723557692307692 0.5144230769230769 0.020432692307692308 0.021634615384615384
1 0.5480769230769231 0.5192307692307693 0.015625 0.026442307692307692
1 0.5372596153846154 0.5180288461538461 0.015625 0.026442307692307692
4 0.5721153846153846 0.5084134615384616 0.04326923076923077 0.06610576923076923
1 0.5108173076923077 0.5144230769230769 0.028846153846153848 0.021634615384615384
1 0.49399038461538464 0.515625 0.016826923076923076 0.019230769230769232