2 0.20432692307692307 0.5576923076923077 0.09495192307692307 0.09014423076923077
4 0.5132211538461539 0.5108173076923077 0.015625 0.026442307692307692
1 0.4795673076923077 0.5132211538461539 0.018028846153846152 0.025240384615384616
1 0.41225961538461536 0.5180288461538461 0.030048076923076924 0.030048076923076924
1 0.039663461538461536 0.5600961538461539 0.07692307692307693 0.18269230769230768
1 0.8689903846153846 0.5637019230769231 0.14423076923076922 0.14543269230769232
1 0.06610576923076923 0.5348557692307693 0.12860576923076922 0.17548076923076922
1 0.9411057692307693 0.578125 0.10697115384615384 0.2403846153846154
1 0.42427884615384615 0.5132211538461539 0.020432692307692308 0.03365384615384615
3 0.4411057692307692 0.5144230769230769 0.008413461538461538 0.030048076923076924
3 0.4483173076923077 0.5144230769230769 0.009615384615384616 0.03125
3 0.4567307692307692 0.515625 0.009615384615384616 0.028846153846153848
3 0.46274038461538464 0.5144230769230769 0.007211538461538462 0.02403846153846154
1 0.4963942307692308 0.5132211538461539 0.013221153846153846 0.018028846153846152
1 0.5360576923076923 0.515625 0.010817307692307692 0.02403846153846154
4 0.5733173076923077 0.5084134615384616 0.040865384615384616 0.06610576923076923
1 0.5120192307692307 0.5144230769230769 0.01201923076923077 0.016826923076923076