3 0.16826923076923078 0.5 0.33533653846153844 0.9987980769230769
4 0.8509615384615384 0.5180288461538461 0.1141826923076923 0.10697115384615384
1 0.5432692307692307 0.5192307692307693 0.02403846153846154 0.026442307692307692
1 0.47716346153846156 0.515625 0.018028846153846152 0.021634615384615384
4 0.5733173076923077 0.5072115384615384 0.04807692307692308 0.06850961538461539
1 0.4110576923076923 0.5180288461538461 0.026442307692307692 0.030048076923076924
3 0.7956730769230769 0.5336538461538461 0.015625 0.05889423076923077
1 0.4495192307692308 0.5168269230769231 0.046875 0.06610576923076923
1 0.8689903846153846 0.5661057692307693 0.14423076923076922 0.14783653846153846
1 0.9435096153846154 0.5805288461538461 0.1045673076923077 0.24759615384615385
1 0.5012019230769231 0.515625 0.019230769230769232 0.021634615384615384
3 0.5300480769230769 0.515625 0.009615384615384616 0.027644230769230768
3 0.5192307692307693 0.515625 0.008413461538461538 0.026442307692307692