1 0.5132211538461539 0.46634615384615385 0.019230769230769232 0.021634615384615384
3 0.9831730769230769 0.5348557692307693 0.03125 0.1201923076923077
1 0.5961538461538461 0.4795673076923077 0.028846153846153848 0.03245192307692308
1 0.6418269230769231 0.5060096153846154 0.040865384615384616 0.0625
1 0.7019230769230769 0.5324519230769231 0.08774038461538461 0.10096153846153846
1 0.09014423076923077 0.6538461538461539 0.17908653846153846 0.2608173076923077
1 0.21514423076923078 0.5180288461538461 0.09014423076923077 0.0985576923076923
4 0.046875 0.49158653846153844 0.09375 0.11899038461538461
1 0.6935096153846154 0.5024038461538461 0.08173076923076923 0.0889423076923077
3 0.6213942307692307 0.46875 0.01201923076923077 0.027644230769230768
1 0.5817307692307693 0.47596153846153844 0.014423076923076924 0.030048076923076924
4 0.5384615384615384 0.4495192307692308 0.014423076923076924 0.026442307692307692
1 0.5540865384615384 0.44350961538461536 0.010817307692307692 0.014423076923076924