2 0.6129807692307693 0.4423076923076923 0.016826923076923076 0.040865384615384616
1 0.5096153846153846 0.46153846153846156 0.0733173076923077 0.04326923076923077
2 0.6286057692307693 0.4423076923076923 0.014423076923076924 0.03365384615384615
2 0.09735576923076923 0.4675480769230769 0.021634615384615384 0.06971153846153846
1 0.3545673076923077 0.48677884615384615 0.08653846153846154 0.09014423076923077
1 0.5144230769230769 0.5348557692307693 0.11899038461538461 0.14302884615384615
3 0.4050480769230769 0.42908653846153844 0.009615384615384616 0.025240384615384616
1 0.6442307692307693 0.4375 0.021634615384615384 0.028846153846153848
4 0.59375 0.39302884615384615 0.015625 0.02403846153846154
1 0.6141826923076923 0.39302884615384615 0.010817307692307692 0.013221153846153846
1 0.625 0.4026442307692308 0.01201923076923077 0.015625
1 0.6286057692307693 0.3954326923076923 0.01201923076923077 0.015625
1 0.6346153846153846 0.3858173076923077 0.008413461538461538 0.014423076923076924
1 0.5889423076923077 0.41346153846153844 0.013221153846153846 0.018028846153846152
1 0.5997596153846154 0.421875 0.015625 0.021634615384615384
1 0.5793269230769231 0.4338942307692308 0.021634615384615384 0.036057692307692304
2 0.5973557692307693 0.44591346153846156 0.015625 0.040865384615384616
3 0.9086538461538461 0.4795673076923077 0.038461538461538464 0.10817307692307693