1 0.5961538461538461 0.41586538461538464 0.019230769230769232 0.026442307692307692
1 0.6959134615384616 0.4579326923076923 0.03125 0.038461538461538464
1 0.6418269230769231 0.41947115384615385 0.014423076923076924 0.018028846153846152
2 0.6694711538461539 0.4579326923076923 0.014423076923076924 0.040865384615384616
1 0.4651442307692308 0.7524038461538461 0.4326923076923077 0.49399038461538464
2 0.6538461538461539 0.4567307692307692 0.016826923076923076 0.038461538461538464
1 0.5528846153846154 0.44591346153846156 0.026442307692307692 0.03245192307692308
3 0.38822115384615385 0.44711538461538464 0.01201923076923077 0.028846153846153848
1 0.6141826923076923 0.4266826923076923 0.014423076923076924 0.018028846153846152
1 0.6189903846153846 0.4423076923076923 0.020432692307692308 0.028846153846153848
1 0.6538461538461539 0.4014423076923077 0.010817307692307692 0.016826923076923076
1 0.5396634615384616 0.4362980769230769 0.013221153846153846 0.015625