4 0.6033653846153846 0.4254807692307692 0.021634615384615384 0.030048076923076924
1 0.6358173076923077 0.44711538461538464 0.020432692307692308 0.026442307692307692
1 0.6141826923076923 0.4411057692307692 0.016826923076923076 0.020432692307692308
1 0.7067307692307693 0.46634615384615385 0.030048076923076924 0.03485576923076923
2 0.6622596153846154 0.46153846153846156 0.015625 0.036057692307692304
2 0.6790865384615384 0.4651442307692308 0.014423076923076924 0.037259615384615384
1 0.515625 0.45913461538461536 0.03245192307692308 0.038461538461538464
1 0.4495192307692308 0.7764423076923077 0.609375 0.4411057692307692
3 0.39903846153846156 0.4543269230769231 0.009615384615384616 0.02403846153846154
1 0.6730769230769231 0.3870192307692308 0.009615384615384616 0.014423076923076924
1 0.6538461538461539 0.4206730769230769 0.014423076923076924 0.015625
1 0.6646634615384616 0.40625 0.013221153846153846 0.016826923076923076
1 0.5504807692307693 0.44471153846153844 0.016826923076923076 0.020432692307692308