1 0.44471153846153844 0.8882211538461539 0.030048076923076924 0.03485576923076923
1 0.33774038461538464 0.4795673076923077 0.021634615384615384 0.04567307692307692
1 0.6382211538461539 0.41466346153846156 0.013221153846153846 0.020432692307692308
3 0.59375 0.42788461538461536 0.009615384615384616 0.021634615384615384
1 0.6754807692307693 0.44591346153846156 0.019230769230769232 0.02283653846153846
1 0.7091346153846154 0.46875 0.028846153846153848 0.037259615384615384
4 0.5408653846153846 0.4375 0.04326923076923077 0.06370192307692307
1 0.36658653846153844 0.4807692307692308 0.06850961538461539 0.078125
1 0.41947115384615385 0.47596153846153844 0.05048076923076923 0.06610576923076923
1 0.6622596153846154 0.41346153846153844 0.010817307692307692 0.014423076923076924
1 0.6658653846153846 0.4050480769230769 0.01201923076923077 0.013221153846153846
2 0.6923076923076923 0.4519230769230769 0.009615384615384616 0.026442307692307692
3 0.7043269230769231 0.44711538461538464 0.010817307692307692 0.014423076923076924
1 0.453125 0.7824519230769231 0.6298076923076923 0.4338942307692308