4 0.5300480769230769 0.4543269230769231 0.04567307692307692 0.06610576923076923
1 0.6814903846153846 0.45552884615384615 0.016826923076923076 0.021634615384615384
1 0.39302884615384615 0.4951923076923077 0.051682692307692304 0.07451923076923077
1 0.2824519230769231 0.5024038461538461 0.055288461538461536 0.05889423076923077
1 0.3401442307692308 0.5 0.0733173076923077 0.08653846153846154
3 0.4254807692307692 0.46634615384615385 0.01201923076923077 0.026442307692307692
1 0.5552884615384616 0.4579326923076923 0.016826923076923076 0.020432692307692308
3 0.5949519230769231 0.44591346153846156 0.007211538461538462 0.021634615384615384
1 0.6694711538461539 0.421875 0.01201923076923077 0.018028846153846152
1 0.6454326923076923 0.43028846153846156 0.01201923076923077 0.015625
1 0.6418269230769231 0.43509615384615385 0.01201923076923077 0.018028846153846152
2 0.7007211538461539 0.4651442307692308 0.010817307692307692 0.025240384615384616
3 0.7103365384615384 0.46033653846153844 0.007211538461538462 0.015625
1 0.7151442307692307 0.4807692307692308 0.03245192307692308 0.036057692307692304
1 0.4651442307692308 0.7944711538461539 0.6033653846153846 0.4050480769230769