3 0.3737980769230769 0.5012019230769231 0.010817307692307692 0.026442307692307692
1 0.5865384615384616 0.47475961538461536 0.014423076923076924 0.020432692307692308
1 0.6334134615384616 0.48197115384615385 0.015625 0.021634615384615384
1 0.08774038461538461 0.5504807692307693 0.04447115384615385 0.07211538461538461
1 0.6706730769230769 0.5144230769230769 0.030048076923076924 0.037259615384615384
4 0.4567307692307692 0.49158653846153844 0.04807692307692308 0.0733173076923077
1 0.4567307692307692 0.7307692307692307 0.3004807692307692 0.3425480769230769
1 0.2860576923076923 0.5360576923076923 0.0733173076923077 0.08774038461538461
1 0.06009615384615385 0.6923076923076923 0.11899038461538461 0.2860576923076923
1 0.14302884615384615 0.5540865384615384 0.12379807692307693 0.12620192307692307
1 0.5060096153846154 0.49158653846153844 0.015625 0.018028846153846152
3 0.5384615384615384 0.4831730769230769 0.008413461538461538 0.02283653846153846
3 0.5973557692307693 0.453125 0.004807692307692308 0.010817307692307692
1 0.59375 0.46875 0.010817307692307692 0.015625
1 0.6213942307692307 0.45552884615384615 0.013221153846153846 0.015625
2 0.6502403846153846 0.4987980769230769 0.009615384615384616 0.025240384615384616
3 0.6598557692307693 0.4963942307692308 0.007211538461538462 0.020432692307692308