1 0.5576923076923077 0.43509615384615385 0.014423076923076924 0.018028846153846152
1 0.609375 0.45552884615384615 0.015625 0.019230769230769232
1 0.47716346153846156 0.47475961538461536 0.018028846153846152 0.020432692307692308
1 0.65625 0.5 0.03365384615384615 0.042067307692307696
4 0.3942307692307692 0.4723557692307692 0.06370192307692307 0.09375
1 0.11177884615384616 0.6237980769230769 0.22355769230769232 0.21995192307692307
1 0.484375 0.6454326923076923 0.20793269230769232 0.24158653846153846
1 0.05048076923076923 0.5336538461538461 0.0985576923076923 0.11538461538461539
3 0.5048076923076923 0.46875 0.007211538461538462 0.02283653846153846
1 0.5588942307692307 0.46153846153846156 0.018028846153846152 0.025240384615384616
2 0.6262019230769231 0.4807692307692308 0.010817307692307692 0.025240384615384616
2 0.6370192307692307 0.4807692307692308 0.009615384615384616 0.026442307692307692
3 0.6418269230769231 0.484375 0.009615384615384616 0.026442307692307692
1 0.5949519230769231 0.4362980769230769 0.01201923076923077 0.018028846153846152
1 0.6009615384615384 0.42788461538461536 0.010817307692307692 0.015625