1 0.5396634615384616 0.4375 0.025240384615384616 0.03245192307692308
1 0.5108173076923077 0.3918269230769231 0.016826923076923076 0.021634615384615384
1 0.45552884615384615 0.41586538461538464 0.018028846153846152 0.025240384615384616
1 0.5132211538461539 0.48197115384615385 0.06971153846153846 0.0889423076923077
1 0.35336538461538464 0.45913461538461536 0.04927884615384615 0.056490384615384616
1 0.421875 0.4735576923076923 0.05889423076923077 0.06370192307692307
1 0.8076923076923077 0.5372596153846154 0.14543269230769232 0.14423076923076922
3 0.06610576923076923 0.4567307692307692 0.020432692307692308 0.054086538461538464
4 0.14543269230769232 0.5 0.2764423076923077 0.28846153846153844
1 0.6225961538461539 0.44350961538461536 0.03125 0.046875
1 0.7992788461538461 0.42427884615384615 0.051682692307692304 0.04326923076923077
2 0.5841346153846154 0.43990384615384615 0.009615384615384616 0.028846153846153848
2 0.5925480769230769 0.43509615384615385 0.009615384615384616 0.026442307692307692
1 0.5432692307692307 0.3894230769230769 0.01201923076923077 0.016826923076923076
1 0.5216346153846154 0.39302884615384615 0.01201923076923077 0.018028846153846152
1 0.4699519230769231 0.39302884615384615 0.021634615384615384 0.020432692307692308