3 0.3137019230769231 0.5108173076923077 0.009615384615384616 0.026442307692307692
1 0.5564903846153846 0.5204326923076923 0.02283653846153846 0.028846153846153848
2 0.20432692307692307 0.5540865384615384 0.1045673076923077 0.0985576923076923
1 0.4110576923076923 0.5204326923076923 0.026442307692307692 0.028846153846153848
1 0.5048076923076923 0.5168269230769231 0.021634615384615384 0.02403846153846154
1 0.5769230769230769 0.5204326923076923 0.030048076923076924 0.03485576923076923
1 0.042067307692307696 0.5576923076923077 0.0829326923076923 0.18629807692307693
1 0.8665865384615384 0.5637019230769231 0.140625 0.14302884615384615
1 0.0673076923076923 0.5324519230769231 0.12860576923076922 0.171875
1 0.9411057692307693 0.578125 0.10576923076923077 0.23798076923076922
3 0.32211538461538464 0.5096153846153846 0.009615384615384616 0.038461538461538464
1 0.5396634615384616 0.5180288461538461 0.019230769230769232 0.02403846153846154
1 0.5276442307692307 0.5168269230769231 0.013221153846153846 0.021634615384615384
1 0.4266826923076923 0.515625 0.027644230769230768 0.028846153846153848
1 0.44350961538461536 0.515625 0.019230769230769232 0.021634615384615384
1 0.46153846153846156 0.515625 0.016826923076923076 0.018028846153846152
1 0.4831730769230769 0.515625 0.020432692307692308 0.021634615384615384
3 0.5168269230769231 0.515625 0.007211538461538462 0.025240384615384616