1 0.5276442307692307 0.4098557692307692 0.019230769230769232 0.02403846153846154
1 0.46153846153846156 0.38100961538461536 0.015625 0.02403846153846154
2 0.6033653846153846 0.43990384615384615 0.015625 0.04567307692307692
3 0.09014423076923077 0.4519230769230769 0.016826923076923076 0.04567307692307692
3 0.026442307692307692 0.453125 0.016826923076923076 0.051682692307692304
1 0.4855769230769231 0.4206730769230769 0.021634615384615384 0.03245192307692308
3 0.6850961538461539 0.4387019230769231 0.018028846153846152 0.04807692307692308
2 0.5865384615384616 0.4411057692307692 0.015625 0.05048076923076923
1 0.5348557692307693 0.47836538461538464 0.06850961538461539 0.0889423076923077
1 0.3425480769230769 0.5096153846153846 0.10336538461538461 0.14903846153846154
3 0.2956730769230769 0.4206730769230769 0.009615384615384616 0.027644230769230768
1 0.41586538461538464 0.42427884615384615 0.027644230769230768 0.038461538461538464
1 0.46153846153846156 0.4266826923076923 0.04326923076923077 0.052884615384615384
2 0.546875 0.4254807692307692 0.01201923076923077 0.03245192307692308