1 0.5132211538461539 0.42908653846153844 0.016826923076923076 0.021634615384615384
1 0.4579326923076923 0.44711538461538464 0.036057692307692304 0.046875
1 0.47596153846153844 0.44591346153846156 0.018028846153846152 0.025240384615384616
2 0.5661057692307693 0.4675480769230769 0.015625 0.04927884615384615
2 0.5817307692307693 0.46634615384615385 0.016826923076923076 0.046875
4 0.3737980769230769 0.4387019230769231 0.042067307692307696 0.06129807692307692
1 0.41586538461538464 0.43149038461538464 0.018028846153846152 0.02403846153846154
2 0.6033653846153846 0.46875 0.016826923076923076 0.04927884615384615
1 0.4014423076923077 0.49278846153846156 0.06129807692307692 0.09014423076923077
1 0.5204326923076923 0.47716346153846156 0.05048076923076923 0.06370192307692307
1 0.28365384615384615 0.47596153846153844 0.06490384615384616 0.08052884615384616
2 0.3425480769230769 0.44591346153846156 0.010817307692307692 0.027644230769230768
2 0.5324519230769231 0.44711538461538464 0.01201923076923077 0.021634615384615384