1 0.5805288461538461 0.5192307692307693 0.037259615384615384 0.038461538461538464
1 0.042067307692307696 0.5600961538461539 0.08173076923076923 0.18629807692307693
1 0.47836538461538464 0.5144230769230769 0.021634615384615384 0.027644230769230768
2 0.20072115384615385 0.5588942307692307 0.08533653846153846 0.09014423076923077
1 0.0673076923076923 0.5348557692307693 0.12620192307692307 0.17427884615384615
1 0.8665865384615384 0.5637019230769231 0.13942307692307693 0.14302884615384615
1 0.9411057692307693 0.578125 0.10576923076923077 0.23677884615384615
3 0.22115384615384615 0.5036057692307693 0.019230769230769232 0.04326923076923077
1 0.41225961538461536 0.5180288461538461 0.030048076923076924 0.03485576923076923
1 0.45913461538461536 0.5144230769230769 0.02403846153846154 0.016826923076923076
1 0.5048076923076923 0.5180288461538461 0.015625 0.020432692307692308
1 0.4951923076923077 0.5144230769230769 0.014423076923076924 0.015625
2 0.5336538461538461 0.515625 0.009615384615384616 0.028846153846153848
3 0.5564903846153846 0.5240384615384616 0.013221153846153846 0.040865384615384616