1 0.48677884615384615 0.4579326923076923 0.016826923076923076 0.027644230769230768
2 0.6177884615384616 0.4807692307692308 0.016826923076923076 0.055288461538461536
2 0.6045673076923077 0.47836538461538464 0.015625 0.05889423076923077
3 0.15865384615384615 0.4675480769230769 0.014423076923076924 0.03485576923076923
2 0.6418269230769231 0.4795673076923077 0.019230769230769232 0.056490384615384616
4 0.26802884615384615 0.45552884615384615 0.0733173076923077 0.11899038461538461
1 0.5276442307692307 0.4735576923076923 0.042067307692307696 0.054086538461538464
1 0.4362980769230769 0.4807692307692308 0.04567307692307692 0.06610576923076923
3 0.9891826923076923 0.5 0.020432692307692308 0.10336538461538461
1 0.5384615384615384 0.41947115384615385 0.015625 0.021634615384615384
1 0.4675480769230769 0.4567307692307692 0.03365384615384615 0.04447115384615385
3 0.17307692307692307 0.4675480769230769 0.010817307692307692 0.030048076923076924