1 0.43149038461538464 0.5144230769230769 0.02283653846153846 0.03365384615384615
1 0.5745192307692307 0.5204326923076923 0.03125 0.030048076923076924
1 0.4110576923076923 0.5180288461538461 0.027644230769230768 0.03125
1 0.5120192307692307 0.5180288461538461 0.019230769230769232 0.020432692307692308
1 0.042067307692307696 0.5588942307692307 0.08173076923076923 0.18269230769230768
1 0.4699519230769231 0.515625 0.03245192307692308 0.04567307692307692
2 0.20432692307692307 0.5576923076923077 0.09735576923076923 0.09014423076923077
1 0.0673076923076923 0.5348557692307693 0.12740384615384615 0.171875
1 0.8677884615384616 0.5637019230769231 0.14423076923076922 0.14182692307692307
1 0.9411057692307693 0.5769230769230769 0.10576923076923077 0.23798076923076922
3 0.16346153846153846 0.5096153846153846 0.027644230769230768 0.07211538461538461
3 0.18629807692307693 0.5084134615384616 0.025240384615384616 0.07091346153846154
3 0.44350961538461536 0.5168269230769231 0.010817307692307692 0.028846153846153848
1 0.4963942307692308 0.5144230769230769 0.015625 0.018028846153846152
1 0.5540865384615384 0.5180288461538461 0.021634615384615384 0.025240384615384616
3 0.5432692307692307 0.5180288461538461 0.008413461538461538 0.03125
1 0.5348557692307693 0.5180288461538461 0.014423076923076924 0.026442307692307692
1 0.5276442307692307 0.5168269230769231 0.01201923076923077 0.020432692307692308