2 0.5637019230769231 0.4795673076923077 0.014423076923076924 0.037259615384615384
1 0.45913461538461536 0.484375 0.021634615384615384 0.042067307692307696
2 0.7127403846153846 0.515625 0.03245192307692308 0.08774038461538461
2 0.04567307692307692 0.5036057692307693 0.021634615384615384 0.07091346153846154
2 0.6490384615384616 0.5024038461538461 0.020432692307692308 0.07091346153846154
2 0.6706730769230769 0.5144230769230769 0.027644230769230768 0.08533653846153846
1 0.5300480769230769 0.484375 0.039663461538461536 0.052884615384615384
4 0.4362980769230769 0.48197115384615385 0.054086538461538464 0.08653846153846154
3 0.3581730769230769 0.421875 0.009615384615384616 0.026442307692307692
1 0.5240384615384616 0.421875 0.014423076923076924 0.018028846153846152
3 0.5348557692307693 0.4567307692307692 0.007211538461538462 0.015625