3 0.6875 0.4675480769230769 0.019230769230769232 0.04447115384615385
2 0.75 0.5048076923076923 0.02283653846153846 0.07692307692307693
1 0.5420673076923077 0.4879807692307692 0.025240384615384616 0.054086538461538464
2 0.8413461538461539 0.5300480769230769 0.03365384615384615 0.10336538461538461
2 0.7896634615384616 0.5264423076923077 0.03365384615384615 0.09975961538461539
1 0.6237980769230769 0.48677884615384615 0.04447115384615385 0.054086538461538464
1 0.5120192307692307 0.48677884615384615 0.06009615384615385 0.09495192307692307
3 0.4338942307692308 0.4230769230769231 0.009615384615384616 0.027644230769230768
1 0.6081730769230769 0.4254807692307692 0.014423076923076924 0.016826923076923076
1 0.640625 0.47596153846153844 0.028846153846153848 0.042067307692307696
1 0.2824519230769231 0.49038461538461536 0.06610576923076923 0.052884615384615384
3 0.23557692307692307 0.4831730769230769 0.014423076923076924 0.04447115384615385