3 0.38461538461538464 0.5204326923076923 0.014423076923076924 0.04447115384615385
1 0.39903846153846156 0.5168269230769231 0.03365384615384615 0.037259615384615384
3 0.28846153846153844 0.5276442307692307 0.03245192307692308 0.08653846153846154
1 0.4651442307692308 0.5180288461538461 0.030048076923076924 0.03365384615384615
1 0.042067307692307696 0.5588942307692307 0.0829326923076923 0.17668269230769232
2 0.20552884615384615 0.5552884615384616 0.10336538461538461 0.0985576923076923
1 0.06610576923076923 0.5336538461538461 0.12740384615384615 0.17307692307692307
1 0.8641826923076923 0.5697115384615384 0.14783653846153846 0.15504807692307693
1 0.9411057692307693 0.5877403846153846 0.1141826923076923 0.25841346153846156
1 0.5480769230769231 0.5192307692307693 0.03245192307692308 0.028846153846153848
1 0.4951923076923077 0.5144230769230769 0.014423076923076924 0.021634615384615384
1 0.5084134615384616 0.515625 0.020432692307692308 0.026442307692307692
1 0.5252403846153846 0.5168269230769231 0.01201923076923077 0.021634615384615384
3 0.35216346153846156 0.5060096153846154 0.01201923076923077 0.026442307692307692