1 0.026442307692307692 0.5588942307692307 0.051682692307692304 0.19951923076923078
2 0.1971153846153846 0.5600961538461539 0.09495192307692307 0.09375
3 0.32572115384615385 0.5264423076923077 0.019230769230769232 0.07211538461538461
3 0.0733173076923077 0.5600961538461539 0.06850961538461539 0.234375
1 0.8677884615384616 0.5685096153846154 0.14543269230769232 0.15625
1 0.9459134615384616 0.5865384615384616 0.10817307692307693 0.2548076923076923
1 0.45072115384615385 0.5877403846153846 0.22716346153846154 0.27283653846153844
1 0.5516826923076923 0.5204326923076923 0.021634615384615384 0.03245192307692308
3 0.578125 0.5180288461538461 0.010817307692307692 0.027644230769230768
3 0.3016826923076923 0.5096153846153846 0.015625 0.042067307692307696
1 0.0733173076923077 0.5348557692307693 0.11899038461538461 0.1778846153846154