4 0.43990384615384615 0.44591346153846156 0.07091346153846154 0.14543269230769232
1 0.5168269230769231 0.43028846153846156 0.030048076923076924 0.051682692307692304
1 0.47836538461538464 0.4579326923076923 0.019230769230769232 0.042067307692307696
4 0.5168269230769231 0.42908653846153844 0.030048076923076924 0.04927884615384615
1 0.40024038461538464 0.46634615384615385 0.030048076923076924 0.038461538461538464
0 0.12259615384615384 0.45552884615384615 0.0625 0.07692307692307693
1 0.2776442307692308 0.4483173076923077 0.02403846153846154 0.026442307692307692
1 0.28725961538461536 0.4182692307692308 0.014423076923076924 0.020432692307692308
1 0.31490384615384615 0.421875 0.010817307692307692 0.018028846153846152
1 0.3233173076923077 0.4254807692307692 0.014423076923076924 0.018028846153846152
4 0.34615384615384615 0.4254807692307692 0.014423076923076924 0.02403846153846154
4 0.3605769230769231 0.41586538461538464 0.016826923076923076 0.026442307692307692
1 0.375 0.4182692307692308 0.013221153846153846 0.015625