4 0.5036057692307693 0.5132211538461539 0.02283653846153846 0.03245192307692308
1 0.5336538461538461 0.5168269230769231 0.016826923076923076 0.02403846153846154
1 0.5024038461538461 0.5144230769230769 0.021634615384615384 0.03245192307692308
1 0.5504807692307693 0.5180288461538461 0.03125 0.027644230769230768
1 0.9423076923076923 0.5853365384615384 0.10336538461538461 0.2536057692307692
1 0.8653846153846154 0.5685096153846154 0.15144230769230768 0.15504807692307693
3 0.45552884615384615 0.5144230769230769 0.008413461538461538 0.02283653846153846
2 0.46875 0.515625 0.010817307692307692 0.028846153846153848
1 0.4807692307692308 0.5144230769230769 0.015625 0.020432692307692308
1 0.5192307692307693 0.5132211538461539 0.019230769230769232 0.021634615384615384
3 0.5709134615384616 0.5192307692307693 0.010817307692307692 0.03485576923076923
1 0.3894230769230769 0.6814903846153846 0.7716346153846154 0.6322115384615384