2 0.20192307692307693 0.5516826923076923 0.08653846153846154 0.10336538461538461
1 0.5132211538461539 0.515625 0.014423076923076924 0.018028846153846152
3 0.640625 0.5324519230769231 0.020432692307692308 0.07932692307692307
1 0.042067307692307696 0.5588942307692307 0.0829326923076923 0.17668269230769232
1 0.3942307692307692 0.5180288461538461 0.03365384615384615 0.037259615384615384
1 0.0673076923076923 0.5348557692307693 0.12740384615384615 0.17427884615384615
1 0.9399038461538461 0.5865384615384616 0.109375 0.2608173076923077
1 0.8653846153846154 0.5673076923076923 0.14423076923076922 0.15384615384615385
2 0.45552884615384615 0.5144230769230769 0.010817307692307692 0.027644230769230768
3 0.4795673076923077 0.515625 0.007211538461538462 0.02403846153846154
1 0.4951923076923077 0.515625 0.013221153846153846 0.016826923076923076
1 0.5564903846153846 0.5216346153846154 0.021634615384615384 0.026442307692307692
1 0.5492788461538461 0.5180288461538461 0.020432692307692308 0.026442307692307692
1 0.5372596153846154 0.5168269230769231 0.016826923076923076 0.025240384615384616
1 0.5288461538461539 0.515625 0.015625 0.02283653846153846