2 0.19951923076923078 0.5600961538461539 0.09254807692307693 0.09014423076923077
1 0.4987980769230769 0.515625 0.020432692307692308 0.014423076923076924
1 0.46274038461538464 0.5180288461538461 0.016826923076923076 0.020432692307692308
1 0.4795673076923077 0.5132211538461539 0.015625 0.018028846153846152
1 0.3954326923076923 0.5168269230769231 0.036057692307692304 0.038461538461538464
1 0.042067307692307696 0.5588942307692307 0.08173076923076923 0.17668269230769232
3 0.5901442307692307 0.5432692307692307 0.036057692307692304 0.1502403846153846
1 0.0673076923076923 0.5336538461538461 0.12860576923076922 0.17307692307692307
3 0.7427884615384616 0.5588942307692307 0.05889423076923077 0.17668269230769232
1 0.8665865384615384 0.5673076923076923 0.14423076923076922 0.15625
1 0.9423076923076923 0.5841346153846154 0.10817307692307693 0.25240384615384615
3 0.44711538461538464 0.515625 0.007211538461538462 0.027644230769230768
1 0.5576923076923077 0.5216346153846154 0.02283653846153846 0.025240384615384616
1 0.5492788461538461 0.5180288461538461 0.020432692307692308 0.026442307692307692
1 0.5372596153846154 0.5168269230769231 0.016826923076923076 0.025240384615384616
1 0.5276442307692307 0.515625 0.015625 0.021634615384615384