4 0.4411057692307692 0.44350961538461536 0.06610576923076923 0.12860576923076922
1 0.019230769230769232 0.4855769230769231 0.038461538461538464 0.04567307692307692
2 0.09375 0.46153846153846156 0.015625 0.040865384615384616
1 0.40024038461538464 0.45552884615384615 0.028846153846153848 0.040865384615384616
4 0.39663461538461536 0.421875 0.019230769230769232 0.03125
4 0.4879807692307692 0.4266826923076923 0.03245192307692308 0.05048076923076923
1 0.25600961538461536 0.4266826923076923 0.016826923076923076 0.02283653846153846
1 0.2800480769230769 0.44711538461538464 0.025240384615384616 0.030048076923076924
1 0.28725961538461536 0.4326923076923077 0.015625 0.020432692307692308
1 0.3016826923076923 0.4230769230769231 0.014423076923076924 0.018028846153846152
1 0.3137019230769231 0.4338942307692308 0.019230769230769232 0.021634615384615384
4 0.3329326923076923 0.41947115384615385 0.020432692307692308 0.03125