2 0.203125 0.5552884615384616 0.10096153846153846 0.09735576923076923
1 0.41586538461538464 0.5180288461538461 0.021634615384615384 0.03485576923076923
1 0.4735576923076923 0.515625 0.015625 0.018028846153846152
1 0.3942307692307692 0.5180288461538461 0.03485576923076923 0.037259615384615384
1 0.042067307692307696 0.5588942307692307 0.07932692307692307 0.17548076923076922
3 0.7860576923076923 0.5384615384615384 0.028846153846153848 0.09014423076923077
1 0.9411057692307693 0.5829326923076923 0.10817307692307693 0.25240384615384615
1 0.0673076923076923 0.5324519230769231 0.12860576923076922 0.17307692307692307
1 0.8689903846153846 0.5661057692307693 0.14423076923076922 0.15144230769230768
1 0.44350961538461536 0.515625 0.014423076923076924 0.02283653846153846
1 0.4987980769230769 0.515625 0.01201923076923077 0.018028846153846152
1 0.5564903846153846 0.5216346153846154 0.020432692307692308 0.026442307692307692
1 0.5492788461538461 0.5180288461538461 0.020432692307692308 0.026442307692307692
1 0.5348557692307693 0.5180288461538461 0.015625 0.026442307692307692
1 0.5216346153846154 0.5192307692307693 0.02403846153846154 0.021634615384615384
3 0.5745192307692307 0.5204326923076923 0.010817307692307692 0.03365384615384615