2 0.19591346153846154 0.5564903846153846 0.09975961538461539 0.09254807692307693
1 0.5 0.5144230769230769 0.015625 0.016826923076923076
1 0.5252403846153846 0.5180288461538461 0.016826923076923076 0.020432692307692308
1 0.4735576923076923 0.5144230769230769 0.016826923076923076 0.020432692307692308
1 0.3954326923076923 0.5180288461538461 0.03485576923076923 0.037259615384615384
1 0.042067307692307696 0.5564903846153846 0.0829326923076923 0.18269230769230768
3 0.7367788461538461 0.53125 0.021634615384615384 0.07572115384615384
1 0.9399038461538461 0.578125 0.10576923076923077 0.2403846153846154
1 0.0673076923076923 0.5324519230769231 0.12860576923076922 0.171875
1 0.8677884615384616 0.5625 0.14423076923076922 0.14302884615384615
3 0.5108173076923077 0.5168269230769231 0.007211538461538462 0.021634615384615384
1 0.44471153846153844 0.5168269230769231 0.019230769230769232 0.02283653846153846
1 0.5576923076923077 0.5204326923076923 0.021634615384615384 0.02283653846153846
1 0.5504807692307693 0.5180288461538461 0.019230769230769232 0.02403846153846154
1 0.5372596153846154 0.5168269230769231 0.016826923076923076 0.026442307692307692