2 0.5012019230769231 0.4651442307692308 0.010817307692307692 0.02403846153846154
3 0.5612980769230769 0.4699519230769231 0.013221153846153846 0.026442307692307692
1 0.9723557692307693 0.6394230769230769 0.04807692307692308 0.24278846153846154
1 0.4026442307692308 0.4723557692307692 0.025240384615384616 0.042067307692307696
3 0.7800480769230769 0.5096153846153846 0.02403846153846154 0.0985576923076923
1 0.90625 0.5973557692307693 0.17307692307692307 0.1875
0 0.09975961538461539 0.47596153846153844 0.1346153846153846 0.14783653846153846
1 0.43028846153846156 0.46153846153846156 0.008413461538461538 0.01201923076923077
1 0.44350961538461536 0.46153846153846156 0.009615384615384616 0.013221153846153846
1 0.47716346153846156 0.4639423076923077 0.009615384615384616 0.014423076923076924
1 0.4639423076923077 0.4651442307692308 0.018028846153846152 0.026442307692307692
1 0.8473557692307693 0.578125 0.12379807692307693 0.16346153846153846
1 0.41586538461538464 0.45913461538461536 0.009615384615384616 0.013221153846153846