1 0.5240384615384616 0.5180288461538461 0.016826923076923076 0.018028846153846152
3 0.36538461538461536 0.5072115384615384 0.009615384615384616 0.021634615384615384
1 0.49399038461538464 0.5144230769230769 0.015625 0.018028846153846152
2 0.20432692307692307 0.5540865384615384 0.09735576923076923 0.09735576923076923
1 0.47596153846153844 0.5144230769230769 0.018028846153846152 0.021634615384615384
3 0.35336538461538464 0.5072115384615384 0.007211538461538462 0.020432692307692308
1 0.5588942307692307 0.5204326923076923 0.021634615384615384 0.026442307692307692
3 0.7115384615384616 0.5264423076923077 0.016826923076923076 0.056490384615384616
1 0.3954326923076923 0.5180288461538461 0.03365384615384615 0.037259615384615384
1 0.042067307692307696 0.5588942307692307 0.0829326923076923 0.17307692307692307
2 0.6322115384615384 0.5600961538461539 0.06370192307692307 0.19110576923076922
1 0.0673076923076923 0.5348557692307693 0.12860576923076922 0.171875
1 0.9411057692307693 0.5841346153846154 0.109375 0.2536057692307692
1 0.8677884615384616 0.5673076923076923 0.1466346153846154 0.15264423076923078
1 0.5504807692307693 0.5180288461538461 0.019230769230769232 0.026442307692307692
1 0.5384615384615384 0.5168269230769231 0.016826923076923076 0.025240384615384616
1 0.5120192307692307 0.515625 0.010817307692307692 0.015625