1 0.4951923076923077 0.515625 0.013221153846153846 0.018028846153846152
1 0.46875 0.5180288461538461 0.021634615384615384 0.02403846153846154
1 0.040865384615384616 0.5612980769230769 0.078125 0.18269230769230768
1 0.3942307692307692 0.5168269230769231 0.03365384615384615 0.038461538461538464
1 0.0673076923076923 0.5360576923076923 0.12860576923076922 0.17548076923076922
1 0.8677884615384616 0.5625 0.14543269230769232 0.14543269230769232
1 0.9411057692307693 0.578125 0.10576923076923077 0.23918269230769232
2 0.19591346153846154 0.5600961538461539 0.09254807692307693 0.09495192307692307
1 0.5096153846153846 0.5144230769230769 0.015625 0.027644230769230768
1 0.5216346153846154 0.5180288461538461 0.03365384615384615 0.030048076923076924
1 0.5564903846153846 0.5216346153846154 0.020432692307692308 0.025240384615384616
1 0.5504807692307693 0.5168269230769231 0.018028846153846152 0.026442307692307692
3 0.578125 0.515625 0.008413461538461538 0.027644230769230768
1 0.41586538461538464 0.5180288461538461 0.025240384615384616 0.03125
1 0.42427884615384615 0.5144230769230769 0.02403846153846154 0.037259615384615384
1 0.44711538461538464 0.515625 0.021634615384615384 0.026442307692307692