1 0.4807692307692308 0.515625 0.025240384615384616 0.019230769230769232
2 0.20192307692307693 0.5576923076923077 0.09134615384615384 0.0889423076923077
1 0.5024038461538461 0.5168269230769231 0.019230769230769232 0.021634615384615384
1 0.042067307692307696 0.5588942307692307 0.08413461538461539 0.17548076923076922
1 0.3942307692307692 0.5180288461538461 0.03365384615384615 0.037259615384615384
1 0.0673076923076923 0.5348557692307693 0.12860576923076922 0.17307692307692307
1 0.9399038461538461 0.578125 0.10576923076923077 0.23918269230769232
1 0.8665865384615384 0.5637019230769231 0.140625 0.14543269230769232
3 0.25 0.5012019230769231 0.019230769230769232 0.03245192307692308
3 0.4326923076923077 0.5168269230769231 0.015625 0.04447115384615385
1 0.44350961538461536 0.5192307692307693 0.020432692307692308 0.02403846153846154
3 0.5793269230769231 0.5168269230769231 0.009615384615384616 0.027644230769230768
1 0.5564903846153846 0.5216346153846154 0.020432692307692308 0.02403846153846154
1 0.5492788461538461 0.5180288461538461 0.020432692307692308 0.026442307692307692
1 0.5372596153846154 0.5180288461538461 0.019230769230769232 0.02403846153846154
1 0.5276442307692307 0.515625 0.015625 0.02283653846153846