1 0.5012019230769231 0.5144230769230769 0.021634615384615384 0.028846153846153848
1 0.3942307692307692 0.5180288461538461 0.03365384615384615 0.037259615384615384
1 0.042067307692307696 0.5588942307692307 0.08413461538461539 0.17548076923076922
2 0.19951923076923078 0.5576923076923077 0.0985576923076923 0.09975961538461539
1 0.0673076923076923 0.5348557692307693 0.12860576923076922 0.17548076923076922
1 0.9411057692307693 0.5829326923076923 0.11298076923076923 0.2512019230769231
1 0.8641826923076923 0.5709134615384616 0.14543269230769232 0.15985576923076922
3 0.42427884615384615 0.5168269230769231 0.016826923076923076 0.052884615384615384
1 0.44350961538461536 0.5180288461538461 0.019230769230769232 0.02403846153846154
1 0.5144230769230769 0.515625 0.014423076923076924 0.018028846153846152
3 0.5564903846153846 0.5204326923076923 0.019230769230769232 0.02403846153846154
1 0.5492788461538461 0.5180288461538461 0.020432692307692308 0.027644230769230768
1 0.5372596153846154 0.5168269230769231 0.016826923076923076 0.025240384615384616
1 0.5276442307692307 0.5144230769230769 0.013221153846153846 0.021634615384615384