1 0.37740384615384615 0.48197115384615385 0.030048076923076924 0.038461538461538464
1 0.2764423076923077 0.47596153846153844 0.021634615384615384 0.020432692307692308
3 0.49759615384615385 0.4807692307692308 0.014423076923076924 0.04447115384615385
3 0.46274038461538464 0.4855769230769231 0.016826923076923076 0.042067307692307696
1 0.21514423076923078 0.48197115384615385 0.026442307692307692 0.03365384615384615
1 0.25961538461538464 0.5360576923076923 0.10576923076923077 0.1141826923076923
1 0.30528846153846156 0.4735576923076923 0.016826923076923076 0.021634615384615384
1 0.34375 0.4675480769230769 0.014423076923076924 0.020432692307692308
4 0.2403846153846154 0.4699519230769231 0.03485576923076923 0.042067307692307696
1 0.8173076923076923 0.4795673076923077 0.11298076923076923 0.06009615384615385
1 0.8569711538461539 0.4519230769230769 0.10336538461538461 0.042067307692307696