1 0.4675480769230769 0.515625 0.015625 0.018028846153846152
1 0.41586538461538464 0.5192307692307693 0.02403846153846154 0.03365384615384615
3 0.7043269230769231 0.5264423076923077 0.015625 0.054086538461538464
4 0.5048076923076923 0.515625 0.021634615384615384 0.028846153846153848
1 0.040865384615384616 0.5600961538461539 0.078125 0.1814903846153846
3 0.23197115384615385 0.5300480769230769 0.03365384615384615 0.11778846153846154
1 0.3954326923076923 0.5168269230769231 0.03365384615384615 0.038461538461538464
1 0.9435096153846154 0.5853365384615384 0.11177884615384616 0.25240384615384615
1 0.06610576923076923 0.5360576923076923 0.12860576923076922 0.17548076923076922
1 0.8641826923076923 0.5709134615384616 0.14423076923076922 0.15985576923076922
2 0.19230769230769232 0.5625 0.0829326923076923 0.09014423076923077
1 0.45552884615384615 0.5180288461538461 0.019230769230769232 0.021634615384615384
1 0.4423076923076923 0.5192307692307693 0.015625 0.02283653846153846
3 0.5697115384615384 0.5204326923076923 0.010817307692307692 0.03485576923076923
1 0.5504807692307693 0.5192307692307693 0.02403846153846154 0.028846153846153848
1 0.5372596153846154 0.5180288461538461 0.016826923076923076 0.026442307692307692
1 0.5264423076923077 0.515625 0.015625 0.025240384615384616