1 0.3449519230769231 0.48197115384615385 0.020432692307692308 0.030048076923076924
1 0.39783653846153844 0.4699519230769231 0.014423076923076924 0.014423076923076924
1 0.43990384615384615 0.47596153846153844 0.02403846153846154 0.030048076923076924
3 0.5997596153846154 0.49399038461538464 0.015625 0.051682692307692304
2 0.5276442307692307 0.49158653846153844 0.016826923076923076 0.04927884615384615
1 0.36177884615384615 0.49158653846153844 0.039663461538461536 0.04326923076923077
4 0.13221153846153846 0.47836538461538464 0.09615384615384616 0.09975961538461539
1 0.2536057692307692 0.4879807692307692 0.036057692307692304 0.04447115384615385
1 0.2620192307692308 0.49759615384615385 0.04326923076923077 0.04927884615384615
1 0.47475961538461536 0.47475961538461536 0.025240384615384616 0.03125
1 0.41947115384615385 0.46634615384615385 0.007211538461538462 0.009615384615384616