3 0.9879807692307693 0.5588942307692307 0.018028846153846152 0.055288461538461536
1 0.5072115384615384 0.4723557692307692 0.014423076923076924 0.016826923076923076
4 0.5961538461538461 0.47596153846153844 0.030048076923076924 0.042067307692307696
1 0.46634615384615385 0.4675480769230769 0.015625 0.014423076923076924
1 0.5961538461538461 0.49158653846153844 0.021634615384615384 0.025240384615384616
1 0.6334134615384616 0.49399038461538464 0.018028846153846152 0.021634615384615384
4 0.49038461538461536 0.46153846153846156 0.028846153846153848 0.038461538461538464
3 0.5408653846153846 0.5348557692307693 0.013221153846153846 0.037259615384615384
2 0.39783653846153844 0.515625 0.014423076923076924 0.03485576923076923
4 0.5324519230769231 0.4639423076923077 0.030048076923076924 0.039663461538461536
1 0.7163461538461539 0.5060096153846154 0.021634615384615384 0.030048076923076924
1 0.48197115384615385 0.47836538461538464 0.015625 0.019230769230769232
1 0.6634615384615384 0.5072115384615384 0.021634615384615384 0.028846153846153848
1 0.3317307692307692 0.5793269230769231 0.054086538461538464 0.052884615384615384
1 0.6875 0.5216346153846154 0.026442307692307692 0.03125
1 0.7103365384615384 0.5444711538461539 0.03485576923076923 0.042067307692307696
1 0.5564903846153846 0.5865384615384616 0.056490384615384616 0.05889423076923077
4 0.7668269230769231 0.546875 0.054086538461538464 0.10096153846153846
1 0.7259615384615384 0.625 0.09735576923076923 0.10336538461538461
1 0.1502403846153846 0.6358173076923077 0.3004807692307692 0.47596153846153844
3 0.5877403846153846 0.5384615384615384 0.010817307692307692 0.021634615384615384
1 0.4567307692307692 0.4651442307692308 0.015625 0.013221153846153846
1 0.44350961538461536 0.46274038461538464 0.016826923076923076 0.014423076923076924
1 0.5444711538461539 0.48197115384615385 0.015625 0.014423076923076924
1 0.5528846153846154 0.47596153846153844 0.01201923076923077 0.014423076923076924
1 0.5612980769230769 0.4831730769230769 0.018028846153846152 0.021634615384615384
1 0.5733173076923077 0.4891826923076923 0.018028846153846152 0.021634615384615384
0 0.6310096153846154 0.4795673076923077 0.027644230769230768 0.037259615384615384
4 0.6538461538461539 0.49158653846153844 0.03125 0.03365384615384615
1 0.8485576923076923 0.515625 0.03245192307692308 0.028846153846153848
1 0.6141826923076923 0.6009615384615384 0.07211538461538461 0.078125
1 0.6394230769230769 0.59375 0.04927884615384615 0.06490384615384616
3 0.9399038461538461 0.5324519230769231 0.01201923076923077 0.03485576923076923