1 0.5817307692307693 0.47596153846153844 0.030048076923076924 0.04326923076923077
1 0.45552884615384615 0.4699519230769231 0.016826923076923076 0.020432692307692308
2 0.6262019230769231 0.4963942307692308 0.02283653846153846 0.07091346153846154
1 0.5072115384615384 0.48677884615384615 0.03485576923076923 0.04326923076923077
1 0.4170673076923077 0.49038461538461536 0.04326923076923077 0.06850961538461539
1 0.17668269230769232 0.5144230769230769 0.08653846153846154 0.09134615384615384
1 0.625 0.4795673076923077 0.039663461538461536 0.037259615384615384
1 0.7175480769230769 0.48197115384615385 0.051682692307692304 0.04807692307692308
1 0.7620192307692307 0.4639423076923077 0.054086538461538464 0.030048076923076924
1 0.5564903846153846 0.4735576923076923 0.021634615384615384 0.027644230769230768
1 0.4891826923076923 0.4675480769230769 0.01201923076923077 0.015625
1 0.5096153846153846 0.4651442307692308 0.01201923076923077 0.015625
1 0.5384615384615384 0.4651442307692308 0.015625 0.025240384615384616
3 0.38100961538461536 0.47716346153846156 0.010817307692307692 0.027644230769230768