1 0.43990384615384615 0.4266826923076923 0.014423076923076924 0.020432692307692308
3 0.9362980769230769 0.53125 0.010817307692307692 0.03125
2 0.3701923076923077 0.5276442307692307 0.014423076923076924 0.03245192307692308
1 0.8329326923076923 0.5564903846153846 0.030048076923076924 0.038461538461538464
1 0.2800480769230769 0.546875 0.028846153846153848 0.036057692307692304
1 0.03365384615384615 0.5805288461538461 0.06129807692307692 0.042067307692307696
1 0.8449519230769231 0.5769230769230769 0.04807692307692308 0.06850961538461539
4 0.7487980769230769 0.5504807692307693 0.08173076923076923 0.16346153846153846
4 0.6045673076923077 0.5324519230769231 0.2439903846153846 0.36177884615384615
2 0.9338942307692307 0.6911057692307693 0.125 0.2980769230769231
1 0.3545673076923077 0.6141826923076923 0.12259615384615384 0.12620192307692307
3 0.13341346153846154 0.5637019230769231 0.020432692307692308 0.05048076923076923
1 0.44591346153846156 0.46153846153846156 0.021634615384615384 0.016826923076923076
1 0.45552884615384615 0.4651442307692308 0.015625 0.013221153846153846
4 0.4723557692307692 0.45913461538461536 0.02403846153846154 0.03245192307692308
1 0.47836538461538464 0.46875 0.01201923076923077 0.014423076923076924