1 0.48197115384615385 0.4699519230769231 0.02403846153846154 0.03125
3 0.43990384615384615 0.47115384615384615 0.014423076923076924 0.030048076923076924
1 0.5600961538461539 0.4723557692307692 0.030048076923076924 0.030048076923076924
1 0.5180288461538461 0.47115384615384615 0.021634615384615384 0.027644230769230768
1 0.3918269230769231 0.47716346153846156 0.027644230769230768 0.03365384615384615
2 0.6418269230769231 0.5036057692307693 0.02403846153846154 0.08774038461538461
1 0.3485576923076923 0.4831730769230769 0.07572115384615384 0.056490384615384616
1 0.23798076923076922 0.5492788461538461 0.1346153846153846 0.1346153846153846
1 0.5072115384615384 0.46634615384615385 0.016826923076923076 0.018028846153846152
1 0.5432692307692307 0.46634615384615385 0.013221153846153846 0.015625
3 0.6225961538461539 0.47836538461538464 0.015625 0.052884615384615384
1 0.7548076923076923 0.4651442307692308 0.09014423076923077 0.054086538461538464
1 0.8341346153846154 0.4579326923076923 0.10216346153846154 0.057692307692307696
1 0.8473557692307693 0.49399038461538464 0.12860576923076922 0.0829326923076923
1 0.8954326923076923 0.4579326923076923 0.0625 0.038461538461538464
1 0.9543269230769231 0.46033653846153844 0.07211538461538461 0.036057692307692304