1 0.5504807692307693 0.4699519230769231 0.03245192307692308 0.03365384615384615
1 0.5012019230769231 0.4651442307692308 0.019230769230769232 0.02403846153846154
1 0.36538461538461536 0.46634615384615385 0.02403846153846154 0.021634615384615384
2 0.6045673076923077 0.5036057692307693 0.025240384615384616 0.08653846153846154
1 0.25841346153846156 0.4807692307692308 0.037259615384615384 0.046875
1 0.41225961538461536 0.4855769230769231 0.046875 0.054086538461538464
1 0.027644230769230768 0.5072115384615384 0.055288461538461536 0.109375
1 0.22235576923076922 0.4891826923076923 0.05889423076923077 0.06009615384615385
3 0.4411057692307692 0.46875 0.010817307692307692 0.03485576923076923
1 0.44350961538461536 0.46033653846153844 0.021634615384615384 0.025240384615384616
1 0.46274038461538464 0.46153846153846156 0.009615384615384616 0.020432692307692308
1 0.4699519230769231 0.4579326923076923 0.009615384615384616 0.018028846153846152
3 0.6382211538461539 0.4795673076923077 0.014423076923076924 0.06850961538461539
1 0.6983173076923077 0.48677884615384615 0.07692307692307693 0.07091346153846154
1 0.8233173076923077 0.44711538461538464 0.07451923076923077 0.038461538461538464
1 0.7896634615384616 0.4735576923076923 0.08653846153846154 0.052884615384615384
1 0.8557692307692307 0.4651442307692308 0.06971153846153846 0.054086538461538464
1 0.9194711538461539 0.4675480769230769 0.14783653846153846 0.09735576923076923