2 0.7247596153846154 0.5024038461538461 0.010817307692307692 0.02403846153846154
1 0.44350961538461536 0.48197115384615385 0.019230769230769232 0.02403846153846154
1 0.5276442307692307 0.5084134615384616 0.027644230769230768 0.03485576923076923
3 0.25 0.5504807692307693 0.015625 0.042067307692307696
1 0.49038461538461536 0.5048076923076923 0.021634615384615384 0.027644230769230768
1 0.6129807692307693 0.49399038461538464 0.021634615384615384 0.026442307692307692
1 0.009615384615384616 0.5649038461538461 0.018028846153846152 0.05889423076923077
1 0.5240384615384616 0.5216346153846154 0.02403846153846154 0.03125
1 0.4254807692307692 0.4879807692307692 0.018028846153846152 0.02283653846153846
1 0.03245192307692308 0.5841346153846154 0.051682692307692304 0.054086538461538464
1 0.6658653846153846 0.5024038461538461 0.018028846153846152 0.020432692307692308
4 0.5588942307692307 0.4699519230769231 0.03245192307692308 0.037259615384615384
1 0.5721153846153846 0.4855769230769231 0.016826923076923076 0.020432692307692308
1 0.4098557692307692 0.5757211538461539 0.04447115384615385 0.038461538461538464
1 0.27884615384615385 0.546875 0.03245192307692308 0.036057692307692304
1 0.5841346153846154 0.5192307692307693 0.027644230769230768 0.03485576923076923
1 0.5564903846153846 0.5108173076923077 0.02403846153846154 0.03125
4 0.09735576923076923 0.5757211538461539 0.09014423076923077 0.11658653846153846
1 0.31009615384615385 0.5721153846153846 0.054086538461538464 0.04927884615384615
4 0.3870192307692308 0.5264423076923077 0.04927884615384615 0.06610576923076923
1 0.5096153846153846 0.5456730769230769 0.030048076923076924 0.036057692307692304
1 0.46634615384615385 0.5528846153846154 0.038461538461538464 0.051682692307692304
0 0.8509615384615384 0.5420673076923077 0.05048076923076923 0.07451923076923077
1 0.6466346153846154 0.6310096153846154 0.16706730769230768 0.21875
3 0.32211538461538464 0.5348557692307693 0.014423076923076924 0.042067307692307696
1 0.4362980769230769 0.46274038461538464 0.01201923076923077 0.013221153846153846
1 0.47716346153846156 0.4675480769230769 0.015625 0.015625
1 0.5252403846153846 0.47475961538461536 0.016826923076923076 0.016826923076923076
1 0.4543269230769231 0.4855769230769231 0.014423076923076924 0.020432692307692308
1 0.47716346153846156 0.4831730769230769 0.015625 0.020432692307692308
1 0.4855769230769231 0.4807692307692308 0.014423076923076924 0.018028846153846152
1 0.4651442307692308 0.5132211538461539 0.019230769230769232 0.025240384615384616
1 0.4579326923076923 0.5096153846153846 0.019230769230769232 0.02403846153846154
1 0.46634615384615385 0.5 0.019230769230769232 0.020432692307692308
1 0.4230769230769231 0.546875 0.03485576923076923 0.052884615384615384
1 0.44350961538461536 0.546875 0.025240384615384616 0.038461538461538464
1 0.4831730769230769 0.5288461538461539 0.028846153846153848 0.036057692307692304
4 0.6021634615384616 0.4723557692307692 0.030048076923076924 0.039663461538461536
1 0.6742788461538461 0.4987980769230769 0.016826923076923076 0.021634615384615384
3 0.9362980769230769 0.5348557692307693 0.010817307692307692 0.038461538461538464