1 0.48677884615384615 0.47475961538461536 0.016826923076923076 0.021634615384615384
1 0.47115384615384615 0.47115384615384615 0.014423076923076924 0.016826923076923076
1 0.3798076923076923 0.484375 0.02283653846153846 0.037259615384615384
2 0.9266826923076923 0.6310096153846154 0.09014423076923077 0.2776442307692308
1 0.3016826923076923 0.5024038461538461 0.09615384615384616 0.09014423076923077
1 0.6045673076923077 0.5060096153846154 0.07451923076923077 0.0733173076923077
1 0.4254807692307692 0.5036057692307693 0.05048076923076923 0.055288461538461536
1 0.234375 0.4855769230769231 0.054086538461538464 0.040865384615384616
4 0.43509615384615385 0.4735576923076923 0.037259615384615384 0.06850961538461539
4 0.5420673076923077 0.4735576923076923 0.07692307692307693 0.05048076923076923
1 0.7067307692307693 0.4879807692307692 0.055288461538461536 0.07091346153846154
1 0.8665865384615384 0.484375 0.13581730769230768 0.08052884615384616
1 0.9471153846153846 0.5168269230769231 0.1045673076923077 0.0985576923076923
1 0.9615384615384616 0.46033653846153844 0.07692307692307693 0.046875