1 0.5709134615384616 0.47115384615384615 0.016826923076923076 0.021634615384615384
1 0.47115384615384615 0.4723557692307692 0.019230769230769232 0.027644230769230768
1 0.20673076923076922 0.49158653846153844 0.037259615384615384 0.042067307692307696
1 0.6165865384615384 0.4831730769230769 0.03125 0.04567307692307692
1 0.23317307692307693 0.4891826923076923 0.040865384615384616 0.04567307692307692
1 0.5444711538461539 0.47836538461538464 0.02403846153846154 0.030048076923076924
1 0.9098557692307693 0.5985576923076923 0.16706730769230768 0.23798076923076922
1 0.2548076923076923 0.4879807692307692 0.025240384615384616 0.037259615384615384
1 0.1658653846153846 0.5288461538461539 0.07211538461538461 0.11899038461538461
1 0.7668269230769231 0.49038461538461536 0.052884615384615384 0.057692307692307696
1 0.6502403846153846 0.49399038461538464 0.03245192307692308 0.056490384615384616
1 0.5925480769230769 0.4735576923076923 0.02403846153846154 0.03125
1 0.5036057692307693 0.4639423076923077 0.009615384615384616 0.014423076923076924
4 0.5180288461538461 0.4651442307692308 0.020432692307692308 0.03485576923076923
1 0.5324519230769231 0.4651442307692308 0.014423076923076924 0.018028846153846152