3 0.9411057692307693 0.5324519230769231 0.010817307692307692 0.030048076923076924
4 0.48677884615384615 0.45913461538461536 0.037259615384615384 0.037259615384615384
1 0.5012019230769231 0.4675480769230769 0.019230769230769232 0.019230769230769232
3 0.9098557692307693 0.5348557692307693 0.010817307692307692 0.037259615384615384
3 0.22115384615384615 0.5528846153846154 0.016826923076923076 0.051682692307692304
1 0.4014423076923077 0.5444711538461539 0.03365384615384615 0.04567307692307692
1 0.27884615384615385 0.546875 0.03245192307692308 0.037259615384615384
0 0.8353365384615384 0.5324519230769231 0.04807692307692308 0.07211538461538461
1 0.5108173076923077 0.6298076923076923 0.23557692307692307 0.3125
1 0.9098557692307693 0.6141826923076923 0.0985576923076923 0.09014423076923077
1 0.1502403846153846 0.6141826923076923 0.1658653846153846 0.15504807692307693
3 0.37740384615384615 0.484375 0.009615384615384616 0.026442307692307692
3 0.41466346153846156 0.5 0.010817307692307692 0.028846153846153848
1 0.42427884615384615 0.48677884615384615 0.016826923076923076 0.025240384615384616
1 0.42908653846153844 0.4735576923076923 0.015625 0.020432692307692308
1 0.4423076923076923 0.4639423076923077 0.009615384615384616 0.01201923076923077
1 0.4495192307692308 0.4639423076923077 0.01201923076923077 0.014423076923076924
1 0.4567307692307692 0.4651442307692308 0.01201923076923077 0.013221153846153846