4 0.7620192307692307 0.546875 0.08774038461538461 0.15144230769230768
1 0.5973557692307693 0.484375 0.037259615384615384 0.039663461538461536
1 0.6370192307692307 0.5012019230769231 0.055288461538461536 0.08533653846153846
1 0.4411057692307692 0.47596153846153844 0.025240384615384616 0.028846153846153848
1 0.9567307692307693 0.4879807692307692 0.04447115384615385 0.08533653846153846
1 0.9423076923076923 0.4266826923076923 0.056490384615384616 0.046875
1 0.5805288461538461 0.47596153846153844 0.02403846153846154 0.038461538461538464
1 0.021634615384615384 0.5420673076923077 0.04326923076923077 0.171875
1 0.5252403846153846 0.46153846153846156 0.010817307692307692 0.014423076923076924
1 0.49759615384615385 0.46274038461538464 0.009615384615384616 0.015625
1 0.5336538461538461 0.4723557692307692 0.014423076923076924 0.018028846153846152
1 0.5360576923076923 0.4639423076923077 0.01201923076923077 0.014423076923076924