3 0.38461538461538464 0.5324519230769231 0.014423076923076924 0.04326923076923077
1 0.40625 0.46153846153846156 0.015625 0.015625
1 0.7151442307692307 0.5084134615384616 0.027644230769230768 0.042067307692307696
4 0.109375 0.6009615384615384 0.0733173076923077 0.08774038461538461
4 0.7151442307692307 0.5084134615384616 0.027644230769230768 0.042067307692307696
3 0.9014423076923077 0.5360576923076923 0.010817307692307692 0.037259615384615384
1 0.7067307692307693 0.5300480769230769 0.026442307692307692 0.028846153846153848
4 0.5192307692307693 0.4891826923076923 0.037259615384615384 0.06610576923076923
3 0.9086538461538461 0.5360576923076923 0.01201923076923077 0.03365384615384615
1 0.6129807692307693 0.4879807692307692 0.019230769230769232 0.020432692307692308
3 0.9290865384615384 0.5408653846153846 0.013221153846153846 0.04447115384615385
1 0.5889423076923077 0.4891826923076923 0.020432692307692308 0.021634615384615384
1 0.4074519230769231 0.5408653846153846 0.03485576923076923 0.04567307692307692
1 0.6911057692307693 0.5216346153846154 0.02283653846153846 0.03125
1 0.3737980769230769 0.5709134615384616 0.05889423076923077 0.04447115384615385
1 0.6730769230769231 0.5096153846153846 0.02283653846153846 0.030048076923076924
1 0.8052884615384616 0.5408653846153846 0.028846153846153848 0.03485576923076923
4 0.7680288461538461 0.5276442307692307 0.05048076923076923 0.09014423076923077
4 0.27524038461538464 0.5444711538461539 0.14182692307692307 0.12980769230769232
1 0.11057692307692307 0.6009615384615384 0.0733173076923077 0.08653846153846154
1 0.7283653846153846 0.5841346153846154 0.0673076923076923 0.10817307692307693
1 0.8377403846153846 0.5877403846153846 0.052884615384615384 0.07091346153846154
1 0.6646634615384616 0.6009615384615384 0.0829326923076923 0.11177884615384616
1 0.4831730769230769 0.6033653846153846 0.09495192307692307 0.10576923076923077
4 0.1971153846153846 0.5528846153846154 0.052884615384615384 0.08413461538461539
0 0.7716346153846154 0.5084134615384616 0.054086538461538464 0.05048076923076923
4 0.46033653846153844 0.45913461538461536 0.021634615384615384 0.03245192307692308
1 0.43990384615384615 0.4651442307692308 0.01201923076923077 0.013221153846153846