3 0.30288461538461536 0.546875 0.015625 0.038461538461538464
3 0.9567307692307693 0.5516826923076923 0.01201923076923077 0.03485576923076923
1 0.49158653846153844 0.4723557692307692 0.013221153846153846 0.018028846153846152
1 0.49038461538461536 0.5084134615384616 0.020432692307692308 0.026442307692307692
3 0.3161057692307692 0.5456730769230769 0.013221153846153846 0.037259615384615384
0 0.44350961538461536 0.4579326923076923 0.025240384615384616 0.025240384615384616
1 0.5396634615384616 0.47596153846153844 0.016826923076923076 0.019230769230769232
1 0.49759615384615385 0.5144230769230769 0.02403846153846154 0.028846153846153848
0 0.5096153846153846 0.46274038461538464 0.027644230769230768 0.03365384615384615
2 0.8569711538461539 0.5360576923076923 0.015625 0.036057692307692304
1 0.24759615384615385 0.5817307692307693 0.054086538461538464 0.054086538461538464
2 0.4110576923076923 0.5120192307692307 0.01201923076923077 0.028846153846153848
4 0.4495192307692308 0.48677884615384615 0.025240384615384616 0.038461538461538464
1 0.22235576923076922 0.5697115384615384 0.04807692307692308 0.054086538461538464
1 0.2800480769230769 0.5480769230769231 0.03125 0.038461538461538464
1 0.6430288461538461 0.5048076923076923 0.020432692307692308 0.02283653846153846
1 0.46153846153846156 0.515625 0.02283653846153846 0.026442307692307692
1 0.7055288461538461 0.5120192307692307 0.021634615384615384 0.030048076923076924
2 0.953125 0.6069711538461539 0.02403846153846154 0.0673076923076923
1 0.53125 0.5264423076923077 0.030048076923076924 0.037259615384615384
4 0.6862980769230769 0.49158653846153844 0.036057692307692304 0.057692307692307696
1 0.4230769230769231 0.5564903846153846 0.038461538461538464 0.04807692307692308
1 0.6610576923076923 0.6358173076923077 0.13942307692307693 0.14423076923076922
1 0.018028846153846152 0.5949519230769231 0.036057692307692304 0.09495192307692307
1 0.5036057692307693 0.4699519230769231 0.01201923076923077 0.018028846153846152
1 0.42908653846153844 0.47475961538461536 0.013221153846153846 0.018028846153846152
0 0.41225961538461536 0.47716346153846156 0.025240384615384616 0.03485576923076923
1 0.4675480769230769 0.48197115384615385 0.013221153846153846 0.018028846153846152
1 0.47596153846153844 0.4855769230769231 0.016826923076923076 0.020432692307692308
1 0.5120192307692307 0.49759615384615385 0.016826923076923076 0.02283653846153846
1 0.5240384615384616 0.5072115384615384 0.019230769230769232 0.026442307692307692
1 0.5348557692307693 0.5024038461538461 0.018028846153846152 0.02403846153846154
3 0.9867788461538461 0.5649038461538461 0.015625 0.046875