1 0.4483173076923077 0.45552884615384615 0.016826923076923076 0.025240384615384616
1 0.5036057692307693 0.453125 0.016826923076923076 0.019230769230769232
1 0.3137019230769231 0.4651442307692308 0.028846153846153848 0.040865384615384616
1 0.36778846153846156 0.45913461538461536 0.020432692307692308 0.025240384615384616
2 0.6574519230769231 0.5192307692307693 0.04567307692307692 0.1201923076923077
3 0.3942307692307692 0.4519230769230769 0.007211538461538462 0.018028846153846152
3 0.41346153846153844 0.45072115384615385 0.008413461538461538 0.02403846153846154
1 0.4182692307692308 0.453125 0.01201923076923077 0.021634615384615384
1 0.42788461538461536 0.46033653846153844 0.021634615384615384 0.028846153846153848
1 0.4699519230769231 0.44591346153846156 0.008413461538461538 0.009615384615384616
1 0.47836538461538464 0.44711538461538464 0.008413461538461538 0.01201923076923077