1 0.5456730769230769 0.47596153846153844 0.019230769230769232 0.021634615384615384
2 0.6237980769230769 0.5120192307692307 0.026442307692307692 0.07091346153846154
1 0.4807692307692308 0.5 0.04807692307692308 0.055288461538461536
1 0.1971153846153846 0.5625 0.14182692307692307 0.15144230769230768
1 0.31971153846153844 0.4963942307692308 0.055288461538461536 0.0625
3 0.40865384615384615 0.4723557692307692 0.008413461538461538 0.019230769230769232
1 0.4675480769230769 0.4699519230769231 0.015625 0.018028846153846152
1 0.453125 0.4699519230769231 0.013221153846153846 0.015625
1 0.4951923076923077 0.4699519230769231 0.013221153846153846 0.018028846153846152
1 0.5192307692307693 0.4651442307692308 0.01201923076923077 0.010817307692307692
1 0.5060096153846154 0.4651442307692308 0.006009615384615385 0.009615384615384616