1 0.43990384615384615 0.4266826923076923 0.013221153846153846 0.020432692307692308
1 0.44350961538461536 0.4639423076923077 0.01201923076923077 0.010817307692307692
1 0.5048076923076923 0.4699519230769231 0.016826923076923076 0.015625
3 0.921875 0.5396634615384616 0.016826923076923076 0.042067307692307696
1 0.7151442307692307 0.5324519230769231 0.026442307692307692 0.030048076923076924
1 0.6778846153846154 0.5024038461538461 0.020432692307692308 0.02403846153846154
1 0.6959134615384616 0.5576923076923077 0.042067307692307696 0.06370192307692307
1 0.65625 0.5360576923076923 0.03245192307692308 0.040865384615384616
1 0.5084134615384616 0.49158653846153844 0.021634615384615384 0.028846153846153848
0 0.09495192307692307 0.5625 0.11298076923076923 0.12379807692307693
1 0.5300480769230769 0.5348557692307693 0.03125 0.03485576923076923
4 0.7800480769230769 0.5336538461538461 0.06009615384615385 0.1045673076923077
2 0.9338942307692307 0.6490384615384616 0.06610576923076923 0.18629807692307693
4 0.8473557692307693 0.5709134615384616 0.09975961538461539 0.15625
1 0.7199519230769231 0.5865384615384616 0.06971153846153846 0.10096153846153846
1 0.6346153846153846 0.5829326923076923 0.05889423076923077 0.0733173076923077
1 0.2776442307692308 0.5480769230769231 0.03125 0.038461538461538464
3 0.24639423076923078 0.5480769230769231 0.010817307692307692 0.04447115384615385
3 0.2512019230769231 0.5480769230769231 0.010817307692307692 0.037259615384615384
3 0.26322115384615385 0.5456730769230769 0.009615384615384616 0.038461538461538464
1 0.453125 0.46634615384615385 0.010817307692307692 0.013221153846153846
4 0.47115384615384615 0.4567307692307692 0.021634615384615384 0.039663461538461536
3 0.5877403846153846 0.4735576923076923 0.009615384615384616 0.020432692307692308
2 0.3894230769230769 0.7007211538461539 0.34615384615384615 0.5973557692307693