1 0.3918269230769231 0.4735576923076923 0.016826923076923076 0.026442307692307692
1 0.45072115384615385 0.47716346153846156 0.02403846153846154 0.030048076923076924
2 0.5709134615384616 0.484375 0.014423076923076924 0.040865384615384616
1 0.5456730769230769 0.47836538461538464 0.021634615384615384 0.026442307692307692
1 0.37259615384615385 0.4795673076923077 0.03125 0.04567307692307692
0 0.3004807692307692 0.4723557692307692 0.056490384615384616 0.07692307692307693
1 0.5276442307692307 0.46875 0.016826923076923076 0.02283653846153846
1 0.484375 0.46634615384615385 0.01201923076923077 0.016826923076923076
4 0.5036057692307693 0.4651442307692308 0.030048076923076924 0.054086538461538464
1 0.4230769230769231 0.4651442307692308 0.01201923076923077 0.027644230769230768
1 0.4375 0.47115384615384615 0.009615384615384616 0.016826923076923076
4 0.4699519230769231 0.45913461538461536 0.018028846153846152 0.019230769230769232