1 0.43990384615384615 0.4254807692307692 0.01201923076923077 0.016826923076923076
1 0.2776442307692308 0.546875 0.03365384615384615 0.036057692307692304
3 0.2920673076923077 0.546875 0.015625 0.040865384615384616
4 0.8413461538461539 0.5420673076923077 0.055288461538461536 0.08653846153846154
3 0.30649038461538464 0.546875 0.014423076923076924 0.038461538461538464
2 0.9122596153846154 0.5588942307692307 0.013221153846153846 0.038461538461538464
3 0.8990384615384616 0.5324519230769231 0.01201923076923077 0.036057692307692304
4 0.41225961538461536 0.4651442307692308 0.02283653846153846 0.037259615384615384
4 0.7716346153846154 0.5168269230769231 0.05048076923076923 0.08052884615384616
1 0.45552884615384615 0.47596153846153844 0.01201923076923077 0.019230769230769232
1 0.8040865384615384 0.5408653846153846 0.021634615384615384 0.03365384615384615
2 0.9567307692307693 0.5889423076923077 0.021634615384615384 0.057692307692307696
4 0.4375 0.4675480769230769 0.030048076923076924 0.046875
1 0.4855769230769231 0.4855769230769231 0.018028846153846152 0.021634615384615384
1 0.5793269230769231 0.5300480769230769 0.03485576923076923 0.04567307692307692
1 0.5288461538461539 0.5360576923076923 0.030048076923076924 0.03245192307692308
1 0.6935096153846154 0.5709134615384616 0.040865384615384616 0.04447115384615385
1 0.6225961538461539 0.609375 0.09014423076923077 0.10096153846153846
2 0.43509615384615385 0.4891826923076923 0.009615384615384616 0.025240384615384616
1 0.6550480769230769 0.5480769230769231 0.03365384615384615 0.040865384615384616
1 0.65625 0.5300480769230769 0.03365384615384615 0.03365384615384615
4 0.7103365384615384 0.5420673076923077 0.04807692307692308 0.057692307692307696
1 0.703125 0.5540865384615384 0.037259615384615384 0.04447115384615385
1 0.7692307692307693 0.5456730769230769 0.04567307692307692 0.04927884615384615
1 0.7776442307692307 0.5552884615384616 0.030048076923076924 0.037259615384615384
1 0.7644230769230769 0.5673076923076923 0.040865384615384616 0.051682692307692304
3 0.9435096153846154 0.5300480769230769 0.009615384615384616 0.027644230769230768