1 0.7800480769230769 0.5144230769230769 0.026442307692307692 0.030048076923076924
2 0.8990384615384616 0.546875 0.014423076923076924 0.03365384615384615
2 0.24639423076923078 0.5697115384615384 0.021634615384615384 0.04807692307692308
1 0.42427884615384615 0.4699519230769231 0.015625 0.018028846153846152
1 0.5661057692307693 0.5108173076923077 0.016826923076923076 0.030048076923076924
1 0.4098557692307692 0.47716346153846156 0.019230769230769232 0.02283653846153846
1 0.5901442307692307 0.4891826923076923 0.016826923076923076 0.021634615384615384
1 0.5372596153846154 0.5228365384615384 0.021634615384615384 0.03245192307692308
1 0.4266826923076923 0.4879807692307692 0.016826923076923076 0.02403846153846154
1 0.6418269230769231 0.5144230769230769 0.021634615384615384 0.026442307692307692
1 0.5793269230769231 0.5168269230769231 0.027644230769230768 0.03485576923076923
4 0.45913461538461536 0.49759615384615385 0.03365384615384615 0.056490384615384616
1 0.27884615384615385 0.5480769230769231 0.030048076923076924 0.037259615384615384
1 0.5540865384615384 0.5504807692307693 0.03485576923076923 0.038461538461538464
1 0.09014423076923077 0.5949519230769231 0.07091346153846154 0.07451923076923077
2 0.9639423076923077 0.6069711538461539 0.025240384615384616 0.08533653846153846
1 0.7379807692307693 0.5588942307692307 0.03365384615384615 0.038461538461538464
1 0.4387019230769231 0.5240384615384616 0.028846153846153848 0.03245192307692308
4 0.5036057692307693 0.5204326923076923 0.04807692307692308 0.0889423076923077
4 0.7560096153846154 0.5036057692307693 0.046875 0.078125
1 0.8425480769230769 0.5841346153846154 0.04567307692307692 0.04567307692307692
4 0.3401442307692308 0.5360576923076923 0.0829326923076923 0.11899038461538461
0 0.8341346153846154 0.5372596153846154 0.054086538461538464 0.07572115384615384
1 0.6466346153846154 0.5540865384615384 0.03485576923076923 0.040865384615384616
0 0.47596153846153844 0.5144230769230769 0.026442307692307692 0.057692307692307696
1 0.5108173076923077 0.4735576923076923 0.016826923076923076 0.018028846153846152
1 0.5324519230769231 0.47596153846153844 0.014423076923076924 0.018028846153846152
1 0.5408653846153846 0.4795673076923077 0.014423076923076924 0.018028846153846152
1 0.53125 0.49278846153846156 0.016826923076923076 0.021634615384615384
1 0.5637019230769231 0.4807692307692308 0.016826923076923076 0.019230769230769232
1 0.5612980769230769 0.4879807692307692 0.016826923076923076 0.018028846153846152
1 0.5793269230769231 0.49278846153846156 0.018028846153846152 0.018028846153846152
1 0.6105769230769231 0.49399038461538464 0.019230769230769232 0.02403846153846154
1 0.6262019230769231 0.5 0.018028846153846152 0.021634615384615384
1 0.6225961538461539 0.5096153846153846 0.021634615384615384 0.027644230769230768
1 0.6478365384615384 0.49278846153846156 0.015625 0.020432692307692308
0 0.6550480769230769 0.5048076923076923 0.021634615384615384 0.03245192307692308
1 0.6875 0.5216346153846154 0.02403846153846154 0.027644230769230768
4 0.6850961538461539 0.5132211538461539 0.026442307692307692 0.039663461538461536
4 0.6959134615384616 0.48677884615384615 0.03365384615384615 0.04567307692307692
1 0.7235576923076923 0.5216346153846154 0.021634615384615384 0.026442307692307692
1 0.7163461538461539 0.515625 0.018028846153846152 0.026442307692307692
1 0.7091346153846154 0.5132211538461539 0.02283653846153846 0.025240384615384616
1 0.7716346153846154 0.5625 0.04927884615384615 0.078125
3 0.8737980769230769 0.5228365384615384 0.010817307692307692 0.03365384615384615
2 0.8870192307692307 0.5432692307692307 0.01201923076923077 0.03485576923076923