3 0.5168269230769231 0.4651442307692308 0.013221153846153846 0.030048076923076924
1 0.4423076923076923 0.4639423076923077 0.019230769230769232 0.02283653846153846
1 0.34975961538461536 0.4651442307692308 0.03485576923076923 0.04807692307692308
1 0.546875 0.4855769230769231 0.04567307692307692 0.051682692307692304
1 0.28365384615384615 0.47596153846153844 0.03245192307692308 0.03485576923076923
1 0.18389423076923078 0.5492788461538461 0.14423076923076922 0.1310096153846154
2 0.12860576923076922 0.4879807692307692 0.016826923076923076 0.04927884615384615
3 0.3317307692307692 0.46634615384615385 0.008413461538461538 0.02283653846153846
1 0.421875 0.45552884615384615 0.014423076923076924 0.014423076923076924
1 0.45913461538461536 0.4579326923076923 0.010817307692307692 0.013221153846153846
1 0.4699519230769231 0.46153846153846156 0.015625 0.020432692307692308
1 0.5 0.4639423076923077 0.021634615384615384 0.026442307692307692