1 0.040865384615384616 0.5925480769230769 0.08173076923076923 0.10697115384615384
4 0.5228365384615384 0.48677884615384615 0.030048076923076924 0.054086538461538464
3 0.3233173076923077 0.5348557692307693 0.015625 0.038461538461538464
4 0.5456730769230769 0.46274038461538464 0.028846153846153848 0.040865384615384616
0 0.4182692307692308 0.47836538461538464 0.040865384615384616 0.040865384615384616
4 0.49038461538461536 0.5 0.030048076923076924 0.04567307692307692
1 0.6454326923076923 0.484375 0.021634615384615384 0.030048076923076924
1 0.6201923076923077 0.4879807692307692 0.016826923076923076 0.019230769230769232
1 0.5444711538461539 0.5168269230769231 0.028846153846153848 0.04447115384615385
1 0.27884615384615385 0.5480769230769231 0.03125 0.038461538461538464
1 0.4338942307692308 0.5516826923076923 0.03485576923076923 0.037259615384615384
1 0.38341346153846156 0.5456730769230769 0.03365384615384615 0.040865384615384616
1 0.49038461538461536 0.5492788461538461 0.038461538461538464 0.04927884615384615
2 0.35697115384615385 0.5360576923076923 0.013221153846153846 0.03485576923076923
3 0.4050480769230769 0.4987980769230769 0.010817307692307692 0.026442307692307692
1 0.43990384615384615 0.46274038461538464 0.02403846153846154 0.014423076923076924
1 0.46634615384615385 0.4675480769230769 0.015625 0.01201923076923077
1 0.4699519230769231 0.48197115384615385 0.016826923076923076 0.018028846153846152
1 0.5264423076923077 0.5336538461538461 0.03245192307692308 0.037259615384615384
4 0.5096153846153846 0.4567307692307692 0.03125 0.037259615384615384
2 0.8377403846153846 0.5204326923076923 0.010817307692307692 0.036057692307692304
2 0.84375 0.5324519230769231 0.01201923076923077 0.03485576923076923
3 0.8533653846153846 0.5192307692307693 0.013221153846153846 0.03365384615384615
3 0.9411057692307693 0.5324519230769231 0.009615384615384616 0.030048076923076924
2 0.8990384615384616 0.546875 0.016826923076923076 0.038461538461538464