1 0.47836538461538464 0.4579326923076923 0.015625 0.019230769230769232
1 0.5793269230769231 0.4651442307692308 0.030048076923076924 0.03125
3 0.5913461538461539 0.4675480769230769 0.01201923076923077 0.03365384615384615
1 0.5276442307692307 0.46274038461538464 0.016826923076923076 0.021634615384615384
4 0.30649038461538464 0.4807692307692308 0.052884615384615384 0.08653846153846154
1 0.43990384615384615 0.48677884615384615 0.046875 0.054086538461538464
1 0.24759615384615385 0.4891826923076923 0.04807692307692308 0.04927884615384615
1 0.6418269230769231 0.49759615384615385 0.06009615384615385 0.06490384615384616
1 0.3858173076923077 0.5060096153846154 0.07572115384615384 0.08173076923076923
1 0.1622596153846154 0.5024038461538461 0.06490384615384616 0.06850961538461539
1 0.5492788461538461 0.46153846153846156 0.014423076923076924 0.018028846153846152
3 0.6574519230769231 0.46875 0.014423076923076924 0.040865384615384616
1 0.4951923076923077 0.4579326923076923 0.007211538461538462 0.009615384615384616