3 0.5853365384615384 0.4723557692307692 0.01201923076923077 0.03125
3 0.45072115384615385 0.4855769230769231 0.013221153846153846 0.046875
2 0.18870192307692307 0.4987980769230769 0.025240384615384616 0.05048076923076923
1 0.5192307692307693 0.4699519230769231 0.014423076923076924 0.019230769230769232
1 0.5600961538461539 0.4831730769230769 0.026442307692307692 0.030048076923076924
1 0.4795673076923077 0.4795673076923077 0.026442307692307692 0.03125
1 0.31971153846153844 0.4831730769230769 0.030048076923076924 0.030048076923076924
1 0.8161057692307693 0.5997596153846154 0.18629807692307693 0.1875
3 0.6682692307692307 0.4735576923076923 0.01201923076923077 0.03245192307692308
1 0.5625 0.47475961538461536 0.030048076923076924 0.03365384615384615
1 0.5012019230769231 0.4699519230769231 0.014423076923076924 0.013221153846153846
1 0.5336538461538461 0.4699519230769231 0.014423076923076924 0.014423076923076924
4 0.4495192307692308 0.4567307692307692 0.021634615384615384 0.038461538461538464
4 0.46634615384615385 0.4579326923076923 0.016826923076923076 0.030048076923076924
1 0.3870192307692308 0.4807692307692308 0.020432692307692308 0.021634615384615384