1 0.33653846153846156 0.4699519230769231 0.027644230769230768 0.026442307692307692
1 0.28966346153846156 0.5997596153846154 0.4807692307692308 0.2644230769230769
3 0.9230769230769231 0.5036057692307693 0.038461538461538464 0.14182692307692307
1 0.5961538461538461 0.49158653846153844 0.052884615384615384 0.05889423076923077
4 0.28365384615384615 0.42788461538461536 0.09735576923076923 0.12740384615384615
3 0.35697115384615385 0.46153846153846156 0.008413461538461538 0.021634615384615384
3 0.36778846153846156 0.46153846153846156 0.007211538461538462 0.021634615384615384
3 0.3737980769230769 0.46153846153846156 0.007211538461538462 0.021634615384615384
4 0.41466346153846156 0.4567307692307692 0.028846153846153848 0.036057692307692304
1 0.5973557692307693 0.46274038461538464 0.037259615384615384 0.03365384615384615
3 0.6177884615384616 0.4639423076923077 0.01201923076923077 0.038461538461538464
1 0.46033653846153844 0.45552884615384615 0.015625 0.014423076923076924
1 0.4735576923076923 0.45552884615384615 0.010817307692307692 0.009615384615384616
1 0.5024038461538461 0.46033653846153844 0.015625 0.013221153846153846
1 0.5228365384615384 0.46033653846153844 0.019230769230769232 0.016826923076923076