1 0.6213942307692307 0.484375 0.06490384615384616 0.056490384615384616
1 0.7536057692307693 0.5612980769230769 0.02403846153846154 0.03125
1 0.3629807692307692 0.47475961538461536 0.020432692307692308 0.036057692307692304
1 0.421875 0.4735576923076923 0.02403846153846154 0.02403846153846154
1 0.6466346153846154 0.6201923076923077 0.234375 0.2932692307692308
1 0.23197115384615385 0.5721153846153846 0.19230769230769232 0.203125
1 0.37740384615384615 0.47475961538461536 0.028846153846153848 0.027644230769230768
3 0.45072115384615385 0.46875 0.007211538461538462 0.019230769230769232
1 0.4675480769230769 0.46634615384615385 0.016826923076923076 0.014423076923076924
1 0.546875 0.4699519230769231 0.01201923076923077 0.014423076923076924
1 0.5637019230769231 0.4699519230769231 0.013221153846153846 0.016826923076923076
1 0.5216346153846154 0.46634615384615385 0.01201923076923077 0.014423076923076924