3 0.3112980769230769 0.46875 0.014423076923076924 0.03125
1 0.14302884615384615 0.4987980769230769 0.0733173076923077 0.05889423076923077
1 0.3858173076923077 0.4639423076923077 0.014423076923076924 0.019230769230769232
1 0.3317307692307692 0.46634615384615385 0.021634615384615384 0.028846153846153848
1 0.5144230769230769 0.46033653846153844 0.021634615384615384 0.026442307692307692
1 0.36778846153846156 0.4651442307692308 0.025240384615384616 0.02403846153846154
3 0.17908653846153846 0.47836538461538464 0.013221153846153846 0.03485576923076923
1 0.5877403846153846 0.49399038461538464 0.07451923076923077 0.09254807692307693
1 0.4387019230769231 0.4855769230769231 0.054086538461538464 0.06610576923076923
1 0.7752403846153846 0.6322115384615384 0.2620192307692308 0.30528846153846156
1 0.6346153846153846 0.5540865384615384 0.09375 0.12740384615384615
3 0.5444711538461539 0.4639423076923077 0.007211538461538462 0.026442307692307692
3 0.4651442307692308 0.46634615384615385 0.010817307692307692 0.030048076923076924