3 0.6730769230769231 0.4639423076923077 0.01201923076923077 0.028846153846153848
1 0.36177884615384615 0.48677884615384615 0.0625 0.051682692307692304
3 0.25961538461538464 0.48197115384615385 0.013221153846153846 0.037259615384615384
1 0.6418269230769231 0.4651442307692308 0.025240384615384616 0.030048076923076924
4 0.3173076923076923 0.4891826923076923 0.05048076923076923 0.06610576923076923
1 0.9675480769230769 0.6911057692307693 0.06009615384615385 0.25600961538461536
1 0.6081730769230769 0.47596153846153844 0.03125 0.040865384615384616
1 0.5240384615384616 0.5168269230769231 0.09014423076923077 0.12379807692307693
1 0.7800480769230769 0.5120192307692307 0.10817307692307693 0.12620192307692307
3 0.4170673076923077 0.4735576923076923 0.009615384615384616 0.027644230769230768
3 0.4230769230769231 0.4675480769230769 0.006009615384615385 0.021634615384615384
3 0.4074519230769231 0.4699519230769231 0.009615384615384616 0.028846153846153848
0 0.44711538461538464 0.4639423076923077 0.038461538461538464 0.052884615384615384
3 0.6502403846153846 0.46875 0.009615384615384616 0.026442307692307692
3 0.5769230769230769 0.4675480769230769 0.009615384615384616 0.021634615384615384