3 0.5240384615384616 0.4651442307692308 0.010817307692307692 0.026442307692307692
1 0.5024038461538461 0.46153846153846156 0.018028846153846152 0.02403846153846154
1 0.359375 0.4651442307692308 0.025240384615384616 0.030048076923076924
1 0.6862980769230769 0.5204326923076923 0.1346153846153846 0.15625
3 0.09975961538461539 0.4807692307692308 0.014423076923076924 0.04807692307692308
3 0.2668269230769231 0.4675480769230769 0.010817307692307692 0.03245192307692308
0 0.29447115384615385 0.46153846153846156 0.046875 0.0625
1 0.39302884615384615 0.46274038461538464 0.013221153846153846 0.014423076923076924
1 0.4050480769230769 0.46033653846153844 0.014423076923076924 0.014423076923076924
3 0.5432692307692307 0.46153846153846156 0.009615384615384616 0.027644230769230768
3 0.6177884615384616 0.4723557692307692 0.010817307692307692 0.05889423076923077
1 0.44471153846153844 0.4879807692307692 0.052884615384615384 0.0829326923076923
1 0.47475961538461536 0.4879807692307692 0.026442307692307692 0.05889423076923077
1 0.4795673076923077 0.4675480769230769 0.021634615384615384 0.03485576923076923
3 0.4963942307692308 0.46033653846153844 0.006009615384615385 0.02283653846153846