3 0.6754807692307693 0.4879807692307692 0.010817307692307692 0.02283653846153846
1 0.4206730769230769 0.47596153846153844 0.015625 0.018028846153846152
1 0.5817307692307693 0.4855769230769231 0.020432692307692308 0.025240384615384616
3 0.4026442307692308 0.515625 0.01201923076923077 0.030048076923076924
0 0.8605769230769231 0.5444711538461539 0.056490384615384616 0.0889423076923077
4 0.8233173076923077 0.5240384615384616 0.052884615384615384 0.07692307692307693
1 0.40865384615384615 0.48197115384615385 0.014423076923076924 0.018028846153846152
4 0.5901442307692307 0.5132211538461539 0.036057692307692304 0.05048076923076923
3 0.9134615384615384 0.5372596153846154 0.014423076923076924 0.037259615384615384
3 0.25841346153846156 0.5456730769230769 0.015625 0.042067307692307696
1 0.6586538461538461 0.4879807692307692 0.018028846153846152 0.021634615384615384
1 0.7379807692307693 0.5036057692307693 0.016826923076923076 0.02403846153846154
4 0.7091346153846154 0.5168269230769231 0.04326923076923077 0.07211538461538461
1 0.27884615384615385 0.546875 0.03125 0.038461538461538464
1 0.5733173076923077 0.53125 0.03245192307692308 0.039663461538461536
1 0.3798076923076923 0.5444711538461539 0.03245192307692308 0.039663461538461536
4 0.5252403846153846 0.5036057692307693 0.05048076923076923 0.09735576923076923
1 0.6550480769230769 0.5360576923076923 0.027644230769230768 0.03485576923076923
1 0.7067307692307693 0.5480769230769231 0.038461538461538464 0.036057692307692304
1 0.038461538461538464 0.6057692307692307 0.07692307692307693 0.16826923076923078
1 0.7584134615384616 0.5408653846153846 0.028846153846153848 0.03365384615384615
1 0.7644230769230769 0.546875 0.028846153846153848 0.03485576923076923
4 0.4230769230769231 0.5276442307692307 0.03485576923076923 0.046875
4 0.44711538461538464 0.515625 0.03365384615384615 0.054086538461538464
4 0.4567307692307692 0.49158653846153844 0.028846153846153848 0.05048076923076923
4 0.47716346153846156 0.5240384615384616 0.03485576923076923 0.06009615384615385
1 0.4387019230769231 0.4831730769230769 0.01201923076923077 0.021634615384615384
1 0.4266826923076923 0.47115384615384615 0.01201923076923077 0.020432692307692308