1 0.39783653846153844 0.4831730769230769 0.021634615384615384 0.019230769230769232
3 0.27163461538461536 0.4879807692307692 0.016826923076923076 0.03485576923076923
3 0.05889423076923077 0.5012019230769231 0.015625 0.042067307692307696
3 0.25961538461538464 0.4831730769230769 0.014423076923076924 0.030048076923076924
3 0.5492788461538461 0.4855769230769231 0.014423076923076924 0.03485576923076923
1 0.49038461538461536 0.49158653846153844 0.036057692307692304 0.05048076923076923
1 0.22235576923076922 0.4987980769230769 0.06129807692307692 0.054086538461538464
1 0.859375 0.6021634615384616 0.2800480769230769 0.296875
3 0.5733173076923077 0.4807692307692308 0.007211538461538462 0.03245192307692308
3 0.6586538461538461 0.49038461538461536 0.019230769230769232 0.06009615384615385
1 0.53125 0.48197115384615385 0.016826923076923076 0.025240384615384616
0 0.20673076923076922 0.4831730769230769 0.08533653846153846 0.09975961538461539
3 0.28725961538461536 0.4879807692307692 0.010817307692307692 0.038461538461538464