1 0.33052884615384615 0.4807692307692308 0.03245192307692308 0.03365384615384615
3 0.7139423076923077 0.49038461538461536 0.016826923076923076 0.07932692307692307
3 0.6959134615384616 0.4879807692307692 0.013221153846153846 0.054086538461538464
2 0.36899038461538464 0.7848557692307693 0.19591346153846154 0.4110576923076923
1 0.4987980769230769 0.47475961538461536 0.027644230769230768 0.038461538461538464
3 0.2644230769230769 0.47596153846153844 0.016826923076923076 0.03485576923076923
3 0.5588942307692307 0.47475961538461536 0.010817307692307692 0.028846153846153848
3 0.24879807692307693 0.47596153846153844 0.019230769230769232 0.03485576923076923
1 0.24519230769230768 0.5600961538461539 0.14783653846153846 0.14302884615384615
1 0.35336538461538464 0.47596153846153844 0.021634615384615384 0.019230769230769232
1 0.5360576923076923 0.4735576923076923 0.018028846153846152 0.019230769230769232
3 0.5805288461538461 0.4699519230769231 0.008413461538461538 0.026442307692307692
3 0.6766826923076923 0.4891826923076923 0.019230769230769232 0.05889423076923077