4 0.5504807692307693 0.47115384615384615 0.025240384615384616 0.037259615384615384
4 0.4411057692307692 0.4651442307692308 0.025240384615384616 0.042067307692307696
1 0.3605769230769231 0.5576923076923077 0.06009615384615385 0.038461538461538464
1 0.27884615384615385 0.5384615384615384 0.028846153846153848 0.020432692307692308
1 0.4483173076923077 0.4831730769230769 0.016826923076923076 0.018028846153846152
2 0.9050480769230769 0.5612980769230769 0.014423076923076924 0.038461538461538464
1 0.5997596153846154 0.49158653846153844 0.019230769230769232 0.021634615384615384
2 0.9747596153846154 0.6358173076923077 0.046875 0.12139423076923077
1 0.6790865384615384 0.5853365384615384 0.03125 0.05889423076923077
0 0.7151442307692307 0.5060096153846154 0.03245192307692308 0.052884615384615384
4 0.7668269230769231 0.5492788461538461 0.08774038461538461 0.14903846153846154
4 0.8509615384615384 0.5649038461538461 0.09615384615384616 0.16706730769230768
1 0.6418269230769231 0.6045673076923077 0.07572115384615384 0.11538461538461539
1 0.3786057692307692 0.6153846153846154 0.09975961538461539 0.1141826923076923
1 0.5793269230769231 0.6201923076923077 0.10336538461538461 0.10697115384615384
1 0.7788461538461539 0.6117788461538461 0.09014423076923077 0.1045673076923077
1 0.47475961538461536 0.5949519230769231 0.07211538461538461 0.07451923076923077
1 0.23918269230769232 0.6754807692307693 0.2980769230769231 0.2800480769230769
4 0.040865384615384616 0.5625 0.08173076923076923 0.16466346153846154
2 0.4014423076923077 0.4855769230769231 0.009615384615384616 0.021634615384615384
1 0.4026442307692308 0.46153846153846156 0.009615384615384616 0.014423076923076924
2 0.4074519230769231 0.49278846153846156 0.01201923076923077 0.021634615384615384
1 0.42427884615384615 0.46634615384615385 0.010817307692307692 0.013221153846153846
1 0.46033653846153844 0.4651442307692308 0.01201923076923077 0.014423076923076924
1 0.4675480769230769 0.4675480769230769 0.014423076923076924 0.014423076923076924
1 0.47836538461538464 0.4699519230769231 0.01201923076923077 0.013221153846153846
1 0.49038461538461536 0.4699519230769231 0.013221153846153846 0.015625
1 0.4963942307692308 0.4735576923076923 0.014423076923076924 0.014423076923076924
1 0.5096153846153846 0.4723557692307692 0.015625 0.018028846153846152
4 0.6394230769230769 0.5072115384615384 0.030048076923076924 0.040865384615384616
4 0.6466346153846154 0.4795673076923077 0.028846153846153848 0.04447115384615385
3 0.6814903846153846 0.4855769230769231 0.009615384615384616 0.025240384615384616
1 0.7007211538461539 0.5504807692307693 0.038461538461538464 0.040865384615384616
1 0.7079326923076923 0.5661057692307693 0.038461538461538464 0.042067307692307696