1 0.4675480769230769 0.47836538461538464 0.027644230769230768 0.03125
1 0.5192307692307693 0.4807692307692308 0.038461538461538464 0.056490384615384616
1 0.38341346153846156 0.5805288461538461 0.17908653846153846 0.17548076923076922
3 0.8233173076923077 0.4795673076923077 0.019230769230769232 0.06971153846153846
3 0.8341346153846154 0.47716346153846156 0.019230769230769232 0.07692307692307693
1 0.5769230769230769 0.4831730769230769 0.030048076923076924 0.03365384615384615
1 0.5769230769230769 0.46634615384615385 0.037259615384615384 0.025240384615384616
3 0.5973557692307693 0.4879807692307692 0.016826923076923076 0.05048076923076923
3 0.609375 0.5048076923076923 0.02403846153846154 0.07451923076923077
1 0.5132211538461539 0.4699519230769231 0.06370192307692307 0.030048076923076924
1 0.45552884615384615 0.4651442307692308 0.025240384615384616 0.03365384615384615
1 0.3329326923076923 0.484375 0.03365384615384615 0.036057692307692304
1 0.359375 0.47115384615384615 0.03485576923076923 0.030048076923076924
2 0.10697115384615384 0.5012019230769231 0.078125 0.07932692307692307