1 0.4387019230769231 0.46875 0.030048076923076924 0.039663461538461536
3 0.5673076923076923 0.46875 0.01201923076923077 0.042067307692307696
4 0.49278846153846156 0.4387019230769231 0.0829326923076923 0.1875
1 0.3798076923076923 0.47836538461538464 0.046875 0.06850961538461539
1 0.2848557692307692 0.4831730769230769 0.054086538461538464 0.06370192307692307
1 0.1502403846153846 0.48197115384615385 0.014423076923076924 0.018028846153846152
4 0.1778846153846154 0.48197115384615385 0.02403846153846154 0.038461538461538464
1 0.18990384615384615 0.4735576923076923 0.019230769230769232 0.030048076923076924
1 0.13221153846153846 0.47596153846153844 0.02403846153846154 0.026442307692307692
1 0.11298076923076923 0.47836538461538464 0.030048076923076924 0.040865384615384616
4 0.08173076923076923 0.46875 0.040865384615384616 0.040865384615384616
1 0.021634615384615384 0.47596153846153844 0.04326923076923077 0.038461538461538464