1 0.5216346153846154 0.47716346153846156 0.015625 0.016826923076923076
2 0.7584134615384616 0.5096153846153846 0.010817307692307692 0.02403846153846154
1 0.4074519230769231 0.47475961538461536 0.013221153846153846 0.014423076923076924
2 0.8269230769230769 0.5252403846153846 0.014423076923076924 0.028846153846153848
1 0.47475961538461536 0.4807692307692308 0.015625 0.018028846153846152
1 0.4963942307692308 0.46875 0.01201923076923077 0.015625
4 0.6057692307692307 0.47596153846153844 0.02283653846153846 0.03365384615384615
1 0.44711538461538464 0.4723557692307692 0.016826923076923076 0.019230769230769232
4 0.4963942307692308 0.5036057692307693 0.038461538461538464 0.06129807692307692
3 0.22235576923076922 0.5516826923076923 0.016826923076923076 0.052884615384615384
1 0.4254807692307692 0.48677884615384615 0.018028846153846152 0.021634615384615384
4 0.5673076923076923 0.46875 0.025240384615384616 0.038461538461538464
1 0.4495192307692308 0.4951923076923077 0.020432692307692308 0.028846153846153848
2 0.3918269230769231 0.5240384615384616 0.020432692307692308 0.028846153846153848
3 0.8713942307692307 0.5420673076923077 0.013221153846153846 0.038461538461538464
1 0.5612980769230769 0.5168269230769231 0.021634615384615384 0.036057692307692304
1 0.02283653846153846 0.6033653846153846 0.04567307692307692 0.07451923076923077
1 0.7355769230769231 0.5048076923076923 0.019230769230769232 0.021634615384615384
1 0.6622596153846154 0.5084134615384616 0.021634615384615384 0.021634615384615384
1 0.2620192307692308 0.5949519230769231 0.06490384615384616 0.07091346153846154
1 0.27884615384615385 0.546875 0.030048076923076924 0.037259615384615384
1 0.4182692307692308 0.5673076923076923 0.04567307692307692 0.04567307692307692
1 0.8028846153846154 0.5324519230769231 0.030048076923076924 0.042067307692307696
1 0.3629807692307692 0.5408653846153846 0.030048076923076924 0.03485576923076923
4 0.12980769230769232 0.5805288461538461 0.10336538461538461 0.12259615384615384
3 0.03485576923076923 0.5685096153846154 0.019230769230769232 0.052884615384615384
3 0.05048076923076923 0.5709134615384616 0.018028846153846152 0.054086538461538464
3 0.23918269230769232 0.5504807692307693 0.01201923076923077 0.037259615384615384
2 0.3317307692307692 0.5384615384615384 0.018028846153846152 0.039663461538461536
2 0.4026442307692308 0.5144230769230769 0.01201923076923077 0.028846153846153848
4 0.47716346153846156 0.53125 0.057692307692307696 0.09134615384615384
1 0.5252403846153846 0.4951923076923077 0.019230769230769232 0.021634615384615384
1 0.5252403846153846 0.5132211538461539 0.025240384615384616 0.028846153846153848
4 0.5600961538461539 0.5024038461538461 0.030048076923076924 0.040865384615384616