1 0.48197115384615385 0.46634615384615385 0.04567307692307692 0.03365384615384615
3 0.8653846153846154 0.49038461538461536 0.03125 0.11298076923076923
1 0.5288461538461539 0.4831730769230769 0.038461538461538464 0.04807692307692308
1 0.45913461538461536 0.4831730769230769 0.036057692307692304 0.04326923076923077
1 0.11177884615384616 0.6009615384615384 0.22355769230769232 0.2692307692307692
2 0.24158653846153846 0.47115384615384615 0.016826923076923076 0.03365384615384615
4 0.3449519230769231 0.46875 0.04567307692307692 0.05048076923076923
1 0.5661057692307693 0.4651442307692308 0.04567307692307692 0.03365384615384615
1 0.59375 0.46153846153846156 0.051682692307692304 0.03125
2 0.5757211538461539 0.4963942307692308 0.020432692307692308 0.0625
2 0.5997596153846154 0.4879807692307692 0.019230769230769232 0.056490384615384616
1 0.6370192307692307 0.49399038461538464 0.057692307692307696 0.0625