3 0.41346153846153844 0.4639423076923077 0.01201923076923077 0.042067307692307696
1 0.028846153846153848 0.47596153846153844 0.056490384615384616 0.039663461538461536
1 0.38461538461538464 0.4951923076923077 0.042067307692307696 0.0625
1 0.34975961538461536 0.5024038461538461 0.0733173076923077 0.08533653846153846
1 0.26802884615384615 0.47716346153846156 0.052884615384615384 0.038461538461538464
1 0.48677884615384615 0.46875 0.0829326923076923 0.05048076923076923
1 0.65625 0.6286057692307693 0.27163461538461536 0.3016826923076923
1 0.26802884615384615 0.5805288461538461 0.2091346153846154 0.19110576923076922
2 0.5673076923076923 0.4963942307692308 0.02403846153846154 0.07091346153846154
3 0.6033653846153846 0.4639423076923077 0.015625 0.04807692307692308
3 0.4519230769230769 0.44591346153846156 0.009615384615384616 0.027644230769230768
3 0.46274038461538464 0.44591346153846156 0.009615384615384616 0.020432692307692308
3 0.47475961538461536 0.44711538461538464 0.009615384615384616 0.020432692307692308
3 0.5324519230769231 0.4495192307692308 0.009615384615384616 0.030048076923076924
1 0.17307692307692307 0.4675480769230769 0.09615384615384616 0.05889423076923077
1 0.18629807692307693 0.49038461538461536 0.06370192307692307 0.055288461538461536
1 0.109375 0.5 0.078125 0.06610576923076923
3 0.09975961538461539 0.46274038461538464 0.01201923076923077 0.02283653846153846
3 0.5432692307692307 0.4495192307692308 0.007211538461538462 0.020432692307692308