1 0.484375 0.47596153846153844 0.019230769230769232 0.021634615384615384
3 0.9879807692307693 0.5216346153846154 0.019230769230769232 0.140625
3 0.9651442307692307 0.5228365384615384 0.03485576923076923 0.14783653846153846
2 0.625 0.5036057692307693 0.021634615384615384 0.06490384615384616
3 0.9314903846153846 0.5276442307692307 0.030048076923076924 0.12740384615384615
1 0.3737980769230769 0.4831730769230769 0.025240384615384616 0.028846153846153848
1 0.5264423076923077 0.4879807692307692 0.03245192307692308 0.038461538461538464
1 0.7451923076923077 0.5264423076923077 0.08653846153846154 0.08653846153846154
2 0.016826923076923076 0.49399038461538464 0.016826923076923076 0.051682692307692304
3 0.1971153846153846 0.48677884615384615 0.014423076923076924 0.030048076923076924
1 0.22596153846153846 0.484375 0.030048076923076924 0.027644230769230768
3 0.28966346153846156 0.4795673076923077 0.010817307692307692 0.030048076923076924
3 0.3076923076923077 0.47836538461538464 0.01201923076923077 0.026442307692307692
1 0.41586538461538464 0.4723557692307692 0.021634615384615384 0.018028846153846152
1 0.45072115384615385 0.47836538461538464 0.021634615384615384 0.02403846153846154
1 0.42427884615384615 0.515625 0.0733173076923077 0.08653846153846154
4 0.5288461538461539 0.4639423076923077 0.021634615384615384 0.02283653846153846
1 0.6850961538461539 0.49759615384615385 0.046875 0.03485576923076923
1 0.7271634615384616 0.5180288461538461 0.15625 0.07091346153846154
1 0.6225961538461539 0.45913461538461536 0.010817307692307692 0.013221153846153846
1 0.6478365384615384 0.45552884615384615 0.010817307692307692 0.014423076923076924
1 0.6574519230769231 0.4519230769230769 0.010817307692307692 0.014423076923076924
1 0.6610576923076923 0.4699519230769231 0.01201923076923077 0.015625
1 0.6694711538461539 0.45072115384615385 0.010817307692307692 0.014423076923076924