3 0.0625 0.4795673076923077 0.020432692307692308 0.03125
1 0.6105769230769231 0.44591346153846156 0.015625 0.020432692307692308
4 0.6298076923076923 0.4338942307692308 0.015625 0.026442307692307692
1 0.6454326923076923 0.4567307692307692 0.019230769230769232 0.026442307692307692
1 0.3317307692307692 0.4723557692307692 0.030048076923076924 0.03125
1 0.2692307692307692 0.4735576923076923 0.040865384615384616 0.03485576923076923
1 0.5456730769230769 0.4675480769230769 0.027644230769230768 0.028846153846153848
2 0.6538461538461539 0.5012019230769231 0.02283653846153846 0.07932692307692307
1 0.48677884615384615 0.484375 0.046875 0.056490384615384616
1 0.9567307692307693 0.53125 0.08413461538461539 0.12740384615384615
1 0.5588942307692307 0.5204326923076923 0.07932692307692307 0.08774038461538461
1 0.8028846153846154 0.5348557692307693 0.0985576923076923 0.10697115384615384
4 0.1466346153846154 0.4567307692307692 0.12740384615384615 0.10576923076923077
1 0.20432692307692307 0.47836538461538464 0.03245192307692308 0.03125
3 0.2283653846153846 0.4699519230769231 0.01201923076923077 0.03125
1 0.296875 0.47115384615384615 0.026442307692307692 0.02403846153846154
0 0.44350961538461536 0.4579326923076923 0.038461538461538464 0.038461538461538464
2 0.6754807692307693 0.46153846153846156 0.009615384615384616 0.026442307692307692
1 0.6514423076923077 0.43990384615384615 0.010817307692307692 0.013221153846153846
1 0.6526442307692307 0.42908653846153844 0.013221153846153846 0.016826923076923076
1 0.6682692307692307 0.43149038461538464 0.010817307692307692 0.015625
1 0.6802884615384616 0.42908653846153844 0.010817307692307692 0.014423076923076924