1 0.026442307692307692 0.4855769230769231 0.052884615384615384 0.038461538461538464
3 0.6862980769230769 0.4735576923076923 0.014423076923076924 0.042067307692307696
1 0.49158653846153844 0.46634615384615385 0.025240384615384616 0.03365384615384615
4 0.4495192307692308 0.4519230769230769 0.025240384615384616 0.030048076923076924
1 0.609375 0.4639423076923077 0.020432692307692308 0.026442307692307692
2 0.6995192307692307 0.53125 0.03485576923076923 0.11899038461538461
1 0.5673076923076923 0.4639423076923077 0.020432692307692308 0.02403846153846154
1 0.4170673076923077 0.49759615384615385 0.06490384615384616 0.07091346153846154
1 0.18990384615384615 0.48197115384615385 0.05048076923076923 0.046875
1 0.24759615384615385 0.4735576923076923 0.028846153846153848 0.03365384615384615
1 0.3449519230769231 0.4675480769230769 0.02403846153846154 0.020432692307692308
1 0.36538461538461536 0.46033653846153844 0.021634615384615384 0.019230769230769232
4 0.4831730769230769 0.44711538461538464 0.030048076923076924 0.03485576923076923
1 0.5084134615384616 0.45552884615384615 0.014423076923076924 0.016826923076923076
1 0.5240384615384616 0.453125 0.01201923076923077 0.015625
1 0.53125 0.45072115384615385 0.010817307692307692 0.021634615384615384
1 0.5552884615384616 0.4519230769230769 0.014423076923076924 0.014423076923076924
1 0.5588942307692307 0.44350961538461536 0.015625 0.02283653846153846
1 0.5757211538461539 0.4375 0.01201923076923077 0.014423076923076924
1 0.5973557692307693 0.4375 0.015625 0.020432692307692308
1 0.6418269230769231 0.421875 0.010817307692307692 0.014423076923076924
1 0.6466346153846154 0.4170673076923077 0.009615384615384616 0.013221153846153846
1 0.6538461538461539 0.43149038461538464 0.01201923076923077 0.014423076923076924
2 0.6418269230769231 0.5 0.021634615384615384 0.06610576923076923
3 0.6454326923076923 0.46875 0.010817307692307692 0.030048076923076924