1 0.4483173076923077 0.46634615384615385 0.021634615384615384 0.026442307692307692
3 0.7319711538461539 0.4795673076923077 0.014423076923076924 0.04567307692307692
3 0.6478365384615384 0.47475961538461536 0.013221153846153846 0.036057692307692304
1 0.5060096153846154 0.44711538461538464 0.016826923076923076 0.025240384615384616
4 0.5913461538461539 0.4170673076923077 0.02283653846153846 0.027644230769230768
1 0.5516826923076923 0.4375 0.015625 0.018028846153846152
1 0.030048076923076924 0.4963942307692308 0.05889423076923077 0.04807692307692308
1 0.5697115384615384 0.43149038461538464 0.014423076923076924 0.015625
1 0.5865384615384616 0.45552884615384615 0.019230769230769232 0.021634615384615384
2 0.7247596153846154 0.5288461538461539 0.03485576923076923 0.12740384615384615
2 0.6334134615384616 0.49399038461538464 0.014423076923076924 0.05889423076923077
1 0.5168269230769231 0.47596153846153844 0.027644230769230768 0.03125
2 0.5588942307692307 0.49278846153846156 0.026442307692307692 0.06610576923076923
4 0.0625 0.45913461538461536 0.1201923076923077 0.1141826923076923
1 0.14903846153846154 0.47836538461538464 0.025240384615384616 0.03125
1 0.21033653846153846 0.47596153846153844 0.05048076923076923 0.054086538461538464
1 0.24759615384615385 0.47836538461538464 0.04447115384615385 0.042067307692307696
1 0.30408653846153844 0.4723557692307692 0.038461538461538464 0.04326923076923077
1 0.328125 0.47596153846153844 0.030048076923076924 0.03485576923076923
1 0.3713942307692308 0.46875 0.030048076923076924 0.038461538461538464
1 0.41947115384615385 0.46634615384615385 0.03365384615384615 0.036057692307692304
3 0.44591346153846156 0.4483173076923077 0.007211538461538462 0.02403846153846154
1 0.5252403846153846 0.4495192307692308 0.019230769230769232 0.021634615384615384
1 0.6153846153846154 0.41947115384615385 0.01201923076923077 0.014423076923076924
1 0.6129807692307693 0.4675480769230769 0.02403846153846154 0.03485576923076923
1 0.6225961538461539 0.4483173076923077 0.016826923076923076 0.021634615384615384
2 0.6382211538461539 0.4567307692307692 0.016826923076923076 0.021634615384615384