1 0.5685096153846154 0.45552884615384615 0.02283653846153846 0.026442307692307692
1 0.38822115384615385 0.46875 0.02403846153846154 0.02403846153846154
2 0.625 0.47836538461538464 0.015625 0.046875
1 0.42908653846153844 0.45913461538461536 0.020432692307692308 0.021634615384615384
3 0.8497596153846154 0.4951923076923077 0.03125 0.09495192307692307
1 0.47475961538461536 0.4519230769230769 0.026442307692307692 0.030048076923076924
2 0.6478365384615384 0.48197115384615385 0.014423076923076924 0.05048076923076923
2 0.6682692307692307 0.4723557692307692 0.013221153846153846 0.03485576923076923
2 0.7079326923076923 0.5084134615384616 0.026442307692307692 0.08653846153846154
4 0.04447115384615385 0.47836538461538464 0.0889423076923077 0.09495192307692307
1 0.23076923076923078 0.47836538461538464 0.046875 0.054086538461538464
4 0.3245192307692308 0.4519230769230769 0.08173076923076923 0.12259615384615384
3 0.4170673076923077 0.44591346153846156 0.009615384615384616 0.030048076923076924
4 0.5192307692307693 0.4206730769230769 0.025240384615384616 0.03245192307692308
1 0.5769230769230769 0.4254807692307692 0.014423076923076924 0.015625
4 0.5925480769230769 0.41346153846153844 0.02403846153846154 0.028846153846153848
1 0.6370192307692307 0.44591346153846156 0.02403846153846154 0.027644230769230768
1 0.6550480769230769 0.421875 0.014423076923076924 0.018028846153846152
1 0.7151442307692307 0.4230769230769231 0.015625 0.018028846153846152