1 0.9651442307692307 0.6165865384615384 0.04326923076923077 0.09014423076923077
1 0.43990384615384615 0.46274038461538464 0.01201923076923077 0.014423076923076924
1 0.4110576923076923 0.47475961538461536 0.015625 0.02403846153846154
2 0.5853365384615384 0.5336538461538461 0.02283653846153846 0.042067307692307696
1 0.6262019230769231 0.4987980769230769 0.021634615384615384 0.026442307692307692
0 0.5745192307692307 0.4699519230769231 0.019230769230769232 0.028846153846153848
1 0.71875 0.5084134615384616 0.027644230769230768 0.03485576923076923
2 0.3918269230769231 0.5240384615384616 0.015625 0.037259615384615384
1 0.7367788461538461 0.5048076923076923 0.018028846153846152 0.021634615384615384
1 0.4963942307692308 0.5060096153846154 0.02403846153846154 0.030048076923076924
1 0.27884615384615385 0.5480769230769231 0.03245192307692308 0.038461538461538464
1 0.7716346153846154 0.5745192307692307 0.039663461538461536 0.046875
1 0.5829326923076923 0.6189903846153846 0.10697115384615384 0.10697115384615384
3 0.03485576923076923 0.5721153846153846 0.016826923076923076 0.054086538461538464
3 0.05048076923076923 0.5709134615384616 0.021634615384615384 0.056490384615384616
3 0.2283653846153846 0.5528846153846154 0.014423076923076924 0.04447115384615385
3 0.34134615384615385 0.5240384615384616 0.009615384615384616 0.03485576923076923
1 0.45913461538461536 0.46634615384615385 0.009615384615384616 0.010817307692307692
1 0.4699519230769231 0.46634615384615385 0.01201923076923077 0.013221153846153846
4 0.4795673076923077 0.4579326923076923 0.028846153846153848 0.038461538461538464