0 0.5528846153846154 0.3942307692307692 0.025240384615384616 0.030048076923076924
1 0.5793269230769231 0.42427884615384615 0.019230769230769232 0.02403846153846154
1 0.4375 0.43509615384615385 0.027644230769230768 0.030048076923076924
1 0.35216346153846156 0.44711538461538464 0.020432692307692308 0.021634615384615384
2 0.6598557692307693 0.4495192307692308 0.014423076923076924 0.03485576923076923
2 0.6286057692307693 0.45913461538461536 0.018028846153846152 0.04326923076923077
2 0.6802884615384616 0.4831730769230769 0.025240384615384616 0.08413461538461539
4 0.39783653846153844 0.4362980769230769 0.057692307692307696 0.08653846153846154
3 0.9026442307692307 0.47836538461538464 0.03365384615384615 0.11057692307692307
4 0.11778846153846154 0.4495192307692308 0.0733173076923077 0.0889423076923077
1 0.25 0.4579326923076923 0.03125 0.042067307692307696
1 0.28125 0.45913461538461536 0.03365384615384615 0.036057692307692304
1 0.5372596153846154 0.4110576923076923 0.016826923076923076 0.019230769230769232
2 0.6213942307692307 0.41947115384615385 0.01201923076923077 0.02283653846153846
1 0.6394230769230769 0.4170673076923077 0.015625 0.02403846153846154
1 0.6598557692307693 0.39302884615384615 0.013221153846153846 0.016826923076923076
3 0.11778846153846154 0.4723557692307692 0.018028846153846152 0.05048076923076923