4 0.3485576923076923 0.421875 0.055288461538461536 0.07451923076923077
1 0.5564903846153846 0.39783653846153844 0.015625 0.018028846153846152
0 0.22355769230769232 0.45072115384615385 0.09975961538461539 0.13341346153846154
2 0.6262019230769231 0.4735576923076923 0.016826923076923076 0.04326923076923077
1 0.5192307692307693 0.40384615384615385 0.015625 0.020432692307692308
3 0.8185096153846154 0.4987980769230769 0.03125 0.05048076923076923
1 0.38100961538461536 0.4338942307692308 0.018028846153846152 0.027644230769230768
1 0.3173076923076923 0.43990384615384615 0.025240384615384616 0.036057692307692304
4 0.44711538461538464 0.4110576923076923 0.028846153846153848 0.04447115384615385
4 0.5456730769230769 0.4495192307692308 0.040865384615384616 0.06971153846153846
1 0.4579326923076923 0.45552884615384615 0.03245192307692308 0.036057692307692304
1 0.40024038461538464 0.4795673076923077 0.052884615384615384 0.0673076923076923
1 0.4951923076923077 0.45913461538461536 0.030048076923076924 0.040865384615384616
1 0.3245192307692308 0.5300480769230769 0.1201923076923077 0.13221153846153846
1 0.7295673076923077 0.5444711538461539 0.24158653846153846 0.11538461538461539
1 0.2127403846153846 0.5060096153846154 0.09134615384615384 0.0985576923076923
0 0.1622596153846154 0.4495192307692308 0.05048076923076923 0.06850961538461539
1 0.5925480769230769 0.39663461538461536 0.01201923076923077 0.010817307692307692
2 0.6322115384615384 0.43990384615384615 0.01201923076923077 0.03125
2 0.6526442307692307 0.45552884615384615 0.01201923076923077 0.039663461538461536
1 0.2776442307692308 0.46634615384615385 0.016826923076923076 0.054086538461538464