4 0.41947115384615385 0.4699519230769231 0.016826923076923076 0.026442307692307692
1 0.4795673076923077 0.4795673076923077 0.016826923076923076 0.02283653846153846
3 0.22956730769230768 0.5540865384615384 0.020432692307692308 0.04927884615384615
1 0.4050480769230769 0.46875 0.014423076923076924 0.020432692307692308
1 0.4651442307692308 0.4963942307692308 0.018028846153846152 0.02283653846153846
1 0.8701923076923077 0.5408653846153846 0.019230769230769232 0.038461538461538464
2 0.6850961538461539 0.49158653846153844 0.009615384615384616 0.018028846153846152
3 0.9194711538461539 0.5360576923076923 0.010817307692307692 0.03485576923076923
1 0.4326923076923077 0.49158653846153844 0.016826923076923076 0.021634615384615384
1 0.4735576923076923 0.5336538461538461 0.027644230769230768 0.039663461538461536
1 0.4951923076923077 0.515625 0.025240384615384616 0.028846153846153848
1 0.5540865384615384 0.5024038461538461 0.021634615384615384 0.027644230769230768
1 0.734375 0.5036057692307693 0.019230769230769232 0.02283653846153846
1 0.5745192307692307 0.5120192307692307 0.02403846153846154 0.030048076923076924
1 0.6538461538461539 0.5276442307692307 0.06009615384615385 0.039663461538461536
1 0.5841346153846154 0.5360576923076923 0.030048076923076924 0.036057692307692304
1 0.45552884615384615 0.5204326923076923 0.021634615384615384 0.027644230769230768
1 0.5276442307692307 0.5324519230769231 0.030048076923076924 0.038461538461538464
1 0.27884615384615385 0.5480769230769231 0.030048076923076924 0.038461538461538464
1 0.6189903846153846 0.5697115384615384 0.036057692307692304 0.051682692307692304
1 0.8245192307692307 0.5480769230769231 0.03365384615384615 0.03485576923076923
4 0.7752403846153846 0.5300480769230769 0.055288461538461536 0.0889423076923077
1 0.6598557692307693 0.5721153846153846 0.055288461538461536 0.0829326923076923
3 0.05889423076923077 0.5697115384615384 0.02283653846153846 0.057692307692307696
2 0.3942307692307692 0.5180288461538461 0.010817307692307692 0.030048076923076924
3 0.4026442307692308 0.5204326923076923 0.010817307692307692 0.028846153846153848
2 0.4074519230769231 0.5084134615384616 0.010817307692307692 0.025240384615384616
4 0.4519230769230769 0.47596153846153844 0.027644230769230768 0.042067307692307696
1 0.4795673076923077 0.4987980769230769 0.019230769230769232 0.026442307692307692
4 0.515625 0.49158653846153844 0.025240384615384616 0.03365384615384615
1 0.5204326923076923 0.5 0.020432692307692308 0.026442307692307692
1 0.5396634615384616 0.5072115384615384 0.019230769230769232 0.026442307692307692
1 0.5300480769230769 0.5144230769230769 0.025240384615384616 0.027644230769230768
4 0.5372596153846154 0.49278846153846156 0.020432692307692308 0.025240384615384616
1 0.7139423076923077 0.5540865384615384 0.03245192307692308 0.038461538461538464
1 0.6995192307692307 0.5348557692307693 0.027644230769230768 0.036057692307692304
4 0.7055288461538461 0.546875 0.03245192307692308 0.04567307692307692
1 0.7259615384615384 0.5420673076923077 0.015625 0.03125
4 0.8293269230769231 0.5324519230769231 0.04326923076923077 0.06009615384615385