4 0.7019230769230769 0.4987980769230769 0.03245192307692308 0.038461538461538464
4 0.40865384615384615 0.4651442307692308 0.019230769230769232 0.030048076923076924
1 0.7103365384615384 0.5120192307692307 0.016826923076923076 0.026442307692307692
1 0.6334134615384616 0.5036057692307693 0.030048076923076924 0.039663461538461536
1 0.42427884615384615 0.4855769230769231 0.016826923076923076 0.021634615384615384
1 0.010817307692307692 0.5853365384615384 0.021634615384615384 0.038461538461538464
1 0.4387019230769231 0.48197115384615385 0.015625 0.021634615384615384
1 0.5865384615384616 0.4855769230769231 0.018028846153846152 0.021634615384615384
1 0.6574519230769231 0.5036057692307693 0.020432692307692308 0.026442307692307692
3 0.8653846153846154 0.5204326923076923 0.010817307692307692 0.03245192307692308
1 0.6766826923076923 0.5144230769230769 0.019230769230769232 0.03125
1 0.7620192307692307 0.5120192307692307 0.02283653846153846 0.037259615384615384
1 0.29927884615384615 0.5625 0.027644230769230768 0.04326923076923077
1 0.53125 0.5300480769230769 0.028846153846153848 0.03485576923076923
1 0.38221153846153844 0.5769230769230769 0.052884615384615384 0.03485576923076923
2 0.9771634615384616 0.6213942307692307 0.037259615384615384 0.078125
4 0.7367788461538461 0.5084134615384616 0.042067307692307696 0.06129807692307692
1 0.2776442307692308 0.5480769230769231 0.030048076923076924 0.038461538461538464
1 0.515625 0.5540865384615384 0.038461538461538464 0.046875
1 0.6911057692307693 0.5204326923076923 0.025240384615384616 0.028846153846153848
2 0.8990384615384616 0.6153846153846154 0.030048076923076924 0.0829326923076923
4 0.3329326923076923 0.5564903846153846 0.05889423076923077 0.07932692307692307
3 0.03245192307692308 0.5661057692307693 0.021634615384615384 0.054086538461538464
3 0.22596153846153846 0.5564903846153846 0.014423076923076924 0.042067307692307696
2 0.36538461538461536 0.5324519230769231 0.013221153846153846 0.03365384615384615
2 0.3762019230769231 0.5348557692307693 0.010817307692307692 0.03245192307692308
3 0.37740384615384615 0.49278846153846156 0.008413461538461538 0.027644230769230768
4 0.4230769230769231 0.4567307692307692 0.02283653846153846 0.020432692307692308
4 0.40625 0.5264423076923077 0.039663461538461536 0.06370192307692307
1 0.43028846153846156 0.53125 0.02403846153846154 0.03365384615384615
1 0.46274038461538464 0.4651442307692308 0.02403846153846154 0.018028846153846152
4 0.4855769230769231 0.49278846153846156 0.025240384615384616 0.038461538461538464
4 0.45552884615384615 0.5216346153846154 0.042067307692307696 0.078125
4 0.48197115384615385 0.5432692307692307 0.040865384615384616 0.0733173076923077
4 0.4963942307692308 0.5132211538461539 0.019230769230769232 0.03245192307692308
4 0.5168269230769231 0.4855769230769231 0.027644230769230768 0.046875
1 0.5420673076923077 0.47475961538461536 0.015625 0.016826923076923076
4 0.5372596153846154 0.5036057692307693 0.03365384615384615 0.055288461538461536
1 0.5673076923076923 0.4831730769230769 0.015625 0.025240384615384616
1 0.5841346153846154 0.5288461538461539 0.02403846153846154 0.03485576923076923
1 0.5817307692307693 0.515625 0.020432692307692308 0.026442307692307692
1 0.6129807692307693 0.5024038461538461 0.019230769230769232 0.021634615384615384