4 0.4230769230769231 0.4074519230769231 0.026442307692307692 0.026442307692307692
1 0.5841346153846154 0.41466346153846156 0.021634615384615384 0.026442307692307692
4 0.44591346153846156 0.43149038461538464 0.027644230769230768 0.040865384615384616
1 0.5168269230769231 0.4170673076923077 0.019230769230769232 0.02403846153846154
3 0.2247596153846154 0.4254807692307692 0.010817307692307692 0.030048076923076924
2 0.6418269230769231 0.4411057692307692 0.01201923076923077 0.04326923076923077
1 0.39903846153846156 0.43509615384615385 0.027644230769230768 0.028846153846153848
2 0.6081730769230769 0.4423076923076923 0.010817307692307692 0.04567307692307692
4 0.11177884615384616 0.5012019230769231 0.22235576923076922 0.6754807692307693
1 0.3449519230769231 0.4254807692307692 0.02283653846153846 0.025240384615384616
1 0.4963942307692308 0.4387019230769231 0.030048076923076924 0.036057692307692304
1 0.20793269230769232 0.48677884615384615 0.046875 0.06850961538461539
1 0.5324519230769231 0.44591346153846156 0.037259615384615384 0.040865384615384616
1 0.4050480769230769 0.4735576923076923 0.05889423076923077 0.054086538461538464
3 0.23317307692307693 0.42788461538461536 0.009615384615384616 0.036057692307692304
1 0.4651442307692308 0.4254807692307692 0.025240384615384616 0.03485576923076923
4 0.5 0.40024038461538464 0.030048076923076924 0.04927884615384615
1 0.5036057692307693 0.4206730769230769 0.02403846153846154 0.026442307692307692
1 0.5456730769230769 0.4182692307692308 0.02283653846153846 0.026442307692307692
4 0.5997596153846154 0.4026442307692308 0.02403846153846154 0.04447115384615385
3 0.6189903846153846 0.41466346153846156 0.009615384615384616 0.028846153846153848
3 0.6286057692307693 0.41586538461538464 0.009615384615384616 0.030048076923076924