1 0.030048076923076924 0.7487980769230769 0.06009615384615385 0.31490384615384615
4 0.6141826923076923 0.44591346153846156 0.027644230769230768 0.04567307692307692
1 0.515625 0.45552884615384615 0.026442307692307692 0.036057692307692304
1 0.025240384615384616 0.53125 0.04927884615384615 0.13822115384615385
2 0.6850961538461539 0.4795673076923077 0.018028846153846152 0.0625
4 0.5853365384615384 0.4411057692307692 0.03485576923076923 0.06850961538461539
4 0.5504807692307693 0.43990384615384615 0.04326923076923077 0.078125
1 0.6466346153846154 0.4723557692307692 0.042067307692307696 0.04326923076923077
4 0.3293269230769231 0.46153846153846156 0.3894230769230769 0.44591346153846156
1 0.6057692307692307 0.45552884615384615 0.014423076923076924 0.026442307692307692
2 0.6298076923076923 0.46033653846153844 0.01201923076923077 0.027644230769230768
3 0.6550480769230769 0.4519230769230769 0.009615384615384616 0.015625