1 0.5144230769230769 0.4735576923076923 0.019230769230769232 0.021634615384615384
1 0.390625 0.5276442307692307 0.021634615384615384 0.038461538461538464
4 0.49158653846153844 0.46274038461538464 0.027644230769230768 0.03245192307692308
1 0.7632211538461539 0.5300480769230769 0.027644230769230768 0.040865384615384616
1 0.5348557692307693 0.5120192307692307 0.027644230769230768 0.03245192307692308
1 0.46274038461538464 0.5048076923076923 0.021634615384615384 0.025240384615384616
1 0.27884615384615385 0.5480769230769231 0.03245192307692308 0.039663461538461536
1 0.6514423076923077 0.5384615384615384 0.028846153846153848 0.038461538461538464
0 0.3389423076923077 0.5360576923076923 0.07932692307692307 0.08052884615384616
1 0.4795673076923077 0.5637019230769231 0.046875 0.038461538461538464
4 0.1622596153846154 0.5901442307692307 0.1310096153846154 0.2247596153846154
4 0.7115384615384616 0.5649038461538461 0.11658653846153846 0.16346153846153846
1 0.0733173076923077 0.6322115384615384 0.14543269230769232 0.3125
1 0.9014423076923077 0.6538461538461539 0.15865384615384615 0.171875
1 0.4411057692307692 0.46274038461538464 0.010817307692307692 0.010817307692307692
1 0.4519230769230769 0.4651442307692308 0.01201923076923077 0.010817307692307692
2 0.5252403846153846 0.4723557692307692 0.006009615384615385 0.019230769230769232
2 0.5300480769230769 0.47115384615384615 0.008413461538461538 0.016826923076923076
1 0.5456730769230769 0.4723557692307692 0.009615384615384616 0.019230769230769232