2 0.8269230769230769 0.5300480769230769 0.016826923076923076 0.03245192307692308
4 0.7632211538461539 0.5216346153846154 0.04807692307692308 0.07451923076923077
1 0.7175480769230769 0.5588942307692307 0.030048076923076924 0.055288461538461536
1 0.21514423076923078 0.6141826923076923 0.13221153846153846 0.14302884615384615
1 0.7644230769230769 0.5733173076923077 0.037259615384615384 0.054086538461538464
1 0.8605769230769231 0.5949519230769231 0.05048076923076923 0.055288461538461536
3 0.03365384615384615 0.5685096153846154 0.020432692307692308 0.054086538461538464
3 0.23677884615384615 0.5444711538461539 0.01201923076923077 0.026442307692307692
3 0.24639423076923078 0.5420673076923077 0.014423076923076924 0.02403846153846154
3 0.22716346153846154 0.5420673076923077 0.009615384615384616 0.021634615384615384
4 0.2704326923076923 0.6033653846153846 0.09014423076923077 0.23557692307692307
0 0.5096153846153846 0.5540865384615384 0.4050480769230769 0.4831730769230769