4 0.07572115384615384 0.45552884615384615 0.10817307692307693 0.07451923076923077
1 0.12379807692307693 0.4879807692307692 0.03485576923076923 0.054086538461538464
3 0.7007211538461539 0.4795673076923077 0.015625 0.06009615384615385
1 0.6189903846153846 0.484375 0.027644230769230768 0.03485576923076923
1 0.4519230769230769 0.49158653846153844 0.040865384615384616 0.054086538461538464
1 0.47596153846153844 0.4807692307692308 0.026442307692307692 0.04807692307692308
2 0.6850961538461539 0.4951923076923077 0.018028846153846152 0.06009615384615385
2 0.6610576923076923 0.4963942307692308 0.016826923076923076 0.06009615384615385
2 0.7175480769230769 0.5288461538461539 0.051682692307692304 0.1201923076923077
4 0.5420673076923077 0.46153846153846156 0.1141826923076923 0.18990384615384615
1 0.06490384615384616 0.5408653846153846 0.12740384615384615 0.1346153846153846
4 0.3449519230769231 0.484375 0.10576923076923077 0.17548076923076922
1 0.4170673076923077 0.5072115384615384 0.05889423076923077 0.08052884615384616
1 0.20673076923076922 0.5444711538461539 0.17548076923076922 0.20793269230769232
1 0.2824519230769231 0.4879807692307692 0.038461538461538464 0.07572115384615384
4 0.44711538461538464 0.4579326923076923 0.046875 0.038461538461538464