4 0.5637019230769231 0.4795673076923077 0.1141826923076923 0.16826923076923078
2 0.8425480769230769 0.5480769230769231 0.05048076923076923 0.11899038461538461
3 0.7884615384615384 0.49158653846153844 0.026442307692307692 0.04567307692307692
1 0.6442307692307693 0.5144230769230769 0.027644230769230768 0.026442307692307692
3 0.7403846153846154 0.4987980769230769 0.01201923076923077 0.05048076923076923
2 0.7848557692307693 0.5625 0.06971153846153846 0.15384615384615385
1 0.2536057692307692 0.5216346153846154 0.06009615384615385 0.08653846153846154
4 0.33774038461538464 0.5024038461538461 0.11658653846153846 0.20793269230769232
1 0.41586538461538464 0.5228365384615384 0.06009615384615385 0.08173076923076923
1 0.13942307692307693 0.578125 0.19951923076923078 0.25240384615384615
1 0.44591346153846156 0.5060096153846154 0.037259615384615384 0.040865384615384616
1 0.48677884615384615 0.5096153846153846 0.038461538461538464 0.04326923076923077
1 0.5072115384615384 0.5012019230769231 0.025240384615384616 0.03485576923076923
4 0.4795673076923077 0.484375 0.040865384615384616 0.03125