1 0.5757211538461539 0.5276442307692307 0.037259615384615384 0.030048076923076924
3 0.6346153846153846 0.5348557692307693 0.01201923076923077 0.03485576923076923
1 0.47716346153846156 0.5300480769230769 0.028846153846153848 0.03485576923076923
1 0.27884615384615385 0.546875 0.030048076923076924 0.038461538461538464
1 0.7103365384615384 0.5396634615384616 0.028846153846153848 0.03365384615384615
1 0.6586538461538461 0.5408653846153846 0.03365384615384615 0.037259615384615384
0 0.7512019230769231 0.5060096153846154 0.03365384615384615 0.04927884615384615
4 0.40865384615384615 0.5901442307692307 0.1466346153846154 0.1778846153846154
0 0.8449519230769231 0.5745192307692307 0.09134615384615384 0.14302884615384615
1 0.11899038461538461 0.6105769230769231 0.16346153846153846 0.171875
3 0.38100961538461536 0.4963942307692308 0.010817307692307692 0.028846153846153848
4 0.4026442307692308 0.46634615384615385 0.013221153846153846 0.03245192307692308
1 0.41225961538461536 0.5036057692307693 0.015625 0.019230769230769232
0 0.43149038461538464 0.48197115384615385 0.03125 0.038461538461538464
4 0.42427884615384615 0.45913461538461536 0.025240384615384616 0.030048076923076924
1 0.4483173076923077 0.4831730769230769 0.014423076923076924 0.018028846153846152
1 0.46033653846153844 0.4807692307692308 0.013221153846153846 0.019230769230769232
1 0.46033653846153844 0.46274038461538464 0.021634615384615384 0.016826923076923076
4 0.4831730769230769 0.5072115384615384 0.037259615384615384 0.0733173076923077
1 0.4795673076923077 0.4699519230769231 0.01201923076923077 0.014423076923076924
1 0.4879807692307692 0.46875 0.010817307692307692 0.014423076923076924
0 0.5036057692307693 0.5096153846153846 0.015625 0.06610576923076923
1 0.5288461538461539 0.5324519230769231 0.028846153846153848 0.037259615384615384
4 0.5324519230769231 0.5084134615384616 0.04567307692307692 0.07692307692307693
3 0.6442307692307693 0.5348557692307693 0.01201923076923077 0.03485576923076923
3 0.6826923076923077 0.5348557692307693 0.010817307692307692 0.038461538461538464
3 0.6875 0.5348557692307693 0.01201923076923077 0.03485576923076923
3 0.9435096153846154 0.53125 0.013221153846153846 0.03125