1 0.3557692307692308 0.4807692307692308 0.019230769230769232 0.030048076923076924
4 0.4050480769230769 0.4699519230769231 0.04567307692307692 0.08173076923076923
1 0.13822115384615385 0.49158653846153844 0.021634615384615384 0.030048076923076924
1 0.3389423076923077 0.4891826923076923 0.03245192307692308 0.04567307692307692
1 0.1141826923076923 0.49399038461538464 0.042067307692307696 0.04447115384615385
4 0.4891826923076923 0.4519230769230769 0.12139423076923077 0.20072115384615385
1 0.30649038461538464 0.49399038461538464 0.055288461538461536 0.06370192307692307
1 0.04567307692307692 0.546875 0.09134615384615384 0.15144230769230768
1 0.20793269230769232 0.5144230769230769 0.08774038461538461 0.09014423076923077
1 0.2764423076923077 0.4723557692307692 0.016826923076923076 0.02283653846153846
1 0.3713942307692308 0.47836538461538464 0.016826923076923076 0.02403846153846154