4 0.4110576923076923 0.5096153846153846 0.042067307692307696 0.0733173076923077
1 0.18389423076923078 0.5324519230769231 0.03485576923076923 0.04927884615384615
1 0.33774038461538464 0.53125 0.04326923076923077 0.057692307692307696
1 0.04807692307692308 0.5444711538461539 0.04567307692307692 0.054086538461538464
1 0.2920673076923077 0.5492788461538461 0.08413461538461539 0.0889423076923077
1 0.12379807692307693 0.5745192307692307 0.11778846153846154 0.12139423076923077
4 0.65625 0.4807692307692308 0.33653846153846156 0.2620192307692308
4 0.4495192307692308 0.5036057692307693 0.04326923076923077 0.07091346153846154
1 0.38341346153846156 0.5168269230769231 0.016826923076923076 0.026442307692307692
1 0.8870192307692307 0.515625 0.15865384615384615 0.08533653846153846
1 0.24759615384615385 0.5240384615384616 0.03485576923076923 0.04567307692307692