4 0.0829326923076923 0.48197115384615385 0.052884615384615384 0.054086538461538464
1 0.3173076923076923 0.4651442307692308 0.016826923076923076 0.020432692307692308
4 0.02403846153846154 0.47115384615384615 0.046875 0.10336538461538461
4 0.39302884615384615 0.4567307692307692 0.038461538461538464 0.057692307692307696
1 0.9435096153846154 0.4675480769230769 0.09254807692307693 0.056490384615384616
4 0.4266826923076923 0.453125 0.038461538461538464 0.05889423076923077
1 0.34615384615384615 0.4723557692307692 0.039663461538461536 0.046875
1 0.6033653846153846 0.4987980769230769 0.11778846153846154 0.08653846153846154
1 0.2283653846153846 0.5012019230769231 0.07692307692307693 0.08653846153846154
1 0.1502403846153846 0.4675480769230769 0.03245192307692308 0.039663461538461536
1 0.18389423076923078 0.4639423076923077 0.037259615384615384 0.042067307692307696