1 0.43028846153846156 0.4723557692307692 0.015625 0.025240384615384616
1 0.6526442307692307 0.5012019230769231 0.015625 0.02403846153846154
3 0.9026442307692307 0.5300480769230769 0.014423076923076924 0.040865384615384616
1 0.45913461538461536 0.48677884615384615 0.016826923076923076 0.021634615384615384
3 0.29927884615384615 0.5444711538461539 0.010817307692307692 0.038461538461538464
3 0.22355769230769232 0.5576923076923077 0.013221153846153846 0.042067307692307696
1 0.7151442307692307 0.5372596153846154 0.027644230769230768 0.03245192307692308
3 0.5012019230769231 0.5372596153846154 0.015625 0.042067307692307696
1 0.6646634615384616 0.4951923076923077 0.019230769230769232 0.02283653846153846
4 0.7524038461538461 0.4987980769230769 0.03485576923076923 0.0625
4 0.7103365384615384 0.5084134615384616 0.030048076923076924 0.039663461538461536
1 0.4951923076923077 0.5132211538461539 0.02283653846153846 0.036057692307692304
3 0.4543269230769231 0.5348557692307693 0.015625 0.040865384615384616
1 0.2776442307692308 0.546875 0.028846153846153848 0.038461538461538464
1 0.6875 0.5060096153846154 0.021634615384615384 0.03125
4 0.7800480769230769 0.5300480769230769 0.05048076923076923 0.0985576923076923
1 0.7548076923076923 0.5889423076923077 0.052884615384615384 0.06370192307692307
4 0.5925480769230769 0.5552884615384616 0.1310096153846154 0.19230769230769232
3 0.03485576923076923 0.5685096153846154 0.021634615384615384 0.05889423076923077
3 0.3076923076923077 0.5480769230769231 0.01201923076923077 0.038461538461538464
3 0.3245192307692308 0.5348557692307693 0.010817307692307692 0.037259615384615384
3 0.38100961538461536 0.5048076923076923 0.009615384615384616 0.026442307692307692
1 0.39663461538461536 0.49759615384615385 0.025240384615384616 0.026442307692307692
4 0.43149038461538464 0.4579326923076923 0.027644230769230768 0.027644230769230768
1 0.41586538461538464 0.4675480769230769 0.014423076923076924 0.018028846153846152
1 0.4074519230769231 0.47836538461538464 0.015625 0.02283653846153846
2 0.44591346153846156 0.5132211538461539 0.010817307692307692 0.030048076923076924
1 0.4579326923076923 0.46634615384615385 0.013221153846153846 0.014423076923076924
1 0.44711538461538464 0.4735576923076923 0.014423076923076924 0.018028846153846152
4 0.47475961538461536 0.49399038461538464 0.020432692307692308 0.030048076923076924
4 0.47716346153846156 0.47836538461538464 0.016826923076923076 0.028846153846153848
1 0.49759615384615385 0.4723557692307692 0.014423076923076924 0.015625
1 0.5144230769230769 0.47475961538461536 0.014423076923076924 0.014423076923076924
1 0.5084134615384616 0.4855769230769231 0.013221153846153846 0.020432692307692308
1 0.5120192307692307 0.49399038461538464 0.016826923076923076 0.025240384615384616
1 0.5192307692307693 0.5 0.013221153846153846 0.02283653846153846
1 0.5252403846153846 0.5048076923076923 0.013221153846153846 0.027644230769230768
1 0.6947115384615384 0.5456730769230769 0.02403846153846154 0.03485576923076923
4 0.7055288461538461 0.5564903846153846 0.03245192307692308 0.05048076923076923