4 0.4855769230769231 0.4723557692307692 0.025240384615384616 0.039663461538461536
1 0.11778846153846154 0.5901442307692307 0.1045673076923077 0.10697115384615384
1 0.5540865384615384 0.48197115384615385 0.018028846153846152 0.019230769230769232
4 0.4651442307692308 0.4795673076923077 0.025240384615384616 0.042067307692307696
3 0.8269230769230769 0.5396634615384616 0.015625 0.036057692307692304
1 0.5516826923076923 0.5132211538461539 0.015625 0.027644230769230768
1 0.453125 0.5024038461538461 0.019230769230769232 0.025240384615384616
3 0.8689903846153846 0.5420673076923077 0.014423076923076924 0.038461538461538464
1 0.4987980769230769 0.5096153846153846 0.027644230769230768 0.037259615384615384
1 0.38341346153846156 0.5793269230769231 0.04807692307692308 0.046875
4 0.6430288461538461 0.49038461538461536 0.03245192307692308 0.052884615384615384
1 0.27884615384615385 0.5480769230769231 0.03125 0.038461538461538464
1 0.5096153846153846 0.5588942307692307 0.040865384615384616 0.042067307692307696
3 0.039663461538461536 0.5697115384615384 0.027644230769230768 0.06490384615384616
3 0.22956730769230768 0.5540865384615384 0.016826923076923076 0.042067307692307696
3 0.32572115384615385 0.5348557692307693 0.01201923076923077 0.042067307692307696
1 0.39783653846153844 0.5552884615384616 0.03245192307692308 0.039663461538461536
4 0.36778846153846156 0.5576923076923077 0.04326923076923077 0.06490384615384616
3 0.3786057692307692 0.5084134615384616 0.008413461538461538 0.030048076923076924
1 0.42788461538461536 0.48677884615384615 0.015625 0.02403846153846154
4 0.4014423076923077 0.46274038461538464 0.016826923076923076 0.028846153846153848
1 0.4098557692307692 0.46153846153846156 0.008413461538461538 0.014423076923076924
4 0.44350961538461536 0.47115384615384615 0.021634615384615384 0.04326923076923077
4 0.47475961538461536 0.5276442307692307 0.028846153846153848 0.04326923076923077
1 0.4879807692307692 0.49759615384615385 0.018028846153846152 0.027644230769230768
4 0.5264423076923077 0.5240384615384616 0.042067307692307696 0.05889423076923077
4 0.5745192307692307 0.47115384615384615 0.027644230769230768 0.042067307692307696
3 0.8100961538461539 0.5396634615384616 0.01201923076923077 0.037259615384615384