4 0.4855769230769231 0.4579326923076923 0.027644230769230768 0.037259615384615384
1 0.44711538461538464 0.46033653846153844 0.016826923076923076 0.018028846153846152
3 0.8689903846153846 0.5408653846153846 0.01201923076923077 0.03485576923076923
4 0.9158653846153846 0.5805288461538461 0.0673076923076923 0.07692307692307693
1 0.5048076923076923 0.4675480769230769 0.01201923076923077 0.015625
3 0.22355769230769232 0.5564903846153846 0.014423076923076924 0.05048076923076923
2 0.35216346153846156 0.5348557692307693 0.014423076923076924 0.038461538461538464
1 0.27884615384615385 0.5480769230769231 0.03125 0.038461538461538464
1 0.47475961538461536 0.5348557692307693 0.030048076923076924 0.038461538461538464
1 0.8305288461538461 0.5649038461538461 0.03485576923076923 0.039663461538461536
4 0.7223557692307693 0.5769230769230769 0.18269230769230768 0.2439903846153846
1 0.6033653846153846 0.5985576923076923 0.07211538461538461 0.08173076923076923
1 0.40625 0.6105769230769231 0.06971153846153846 0.10216346153846154
1 0.8521634615384616 0.6189903846153846 0.0733173076923077 0.08173076923076923
1 0.13581730769230768 0.6189903846153846 0.1658653846153846 0.13942307692307693
1 0.4855769230769231 0.6153846153846154 0.12379807692307693 0.14182692307692307
3 0.051682692307692304 0.5685096153846154 0.025240384615384616 0.06009615384615385
1 0.4543269230769231 0.4651442307692308 0.009615384615384616 0.010817307692307692
1 0.44711538461538464 0.4639423076923077 0.007211538461538462 0.009615384615384616
4 0.4651442307692308 0.47475961538461536 0.018028846153846152 0.03365384615384615
4 0.8305288461538461 0.5228365384615384 0.025240384615384616 0.046875
3 0.8798076923076923 0.5240384615384616 0.01201923076923077 0.036057692307692304
3 0.9903846153846154 0.5637019230769231 0.013221153846153846 0.05048076923076923