3 0.6682692307692307 0.38461538461538464 0.010817307692307692 0.036057692307692304
4 0.8377403846153846 0.5420673076923077 0.06129807692307692 0.10096153846153846
3 0.9290865384615384 0.5336538461538461 0.01201923076923077 0.039663461538461536
4 0.7704326923076923 0.5264423076923077 0.046875 0.07932692307692307
1 0.27884615384615385 0.546875 0.03245192307692308 0.038461538461538464
1 0.875 0.5901442307692307 0.052884615384615384 0.055288461538461536
4 0.4074519230769231 0.4963942307692308 0.22115384615384615 0.41466346153846156
1 0.10697115384615384 0.6105769230769231 0.1466346153846154 0.13341346153846154
0 0.6213942307692307 0.5612980769230769 0.2608173076923077 0.359375
3 0.027644230769230768 0.5625 0.015625 0.04807692307692308
3 0.052884615384615384 0.5612980769230769 0.019230769230769232 0.051682692307692304
3 0.20793269230769232 0.5516826923076923 0.014423076923076924 0.04447115384615385
3 0.21754807692307693 0.5528846153846154 0.014423076923076924 0.04807692307692308