3 0.8810096153846154 0.5420673076923077 0.010817307692307692 0.03485576923076923
4 0.5396634615384616 0.5060096153846154 0.037259615384615384 0.0625
1 0.7043269230769231 0.5036057692307693 0.025240384615384616 0.021634615384615384
4 0.4074519230769231 0.4675480769230769 0.018028846153846152 0.027644230769230768
0 0.8449519230769231 0.5552884615384616 0.057692307692307696 0.09495192307692307
1 0.2776442307692308 0.546875 0.03125 0.036057692307692304
3 0.21754807692307693 0.5528846153846154 0.015625 0.046875
1 0.49158653846153844 0.5048076923076923 0.03485576923076923 0.051682692307692304
3 0.2548076923076923 0.5480769230769231 0.015625 0.04447115384615385
1 0.3545673076923077 0.5564903846153846 0.036057692307692304 0.04567307692307692
1 0.7115384615384616 0.5132211538461539 0.025240384615384616 0.028846153846153848
1 0.3798076923076923 0.5685096153846154 0.051682692307692304 0.04447115384615385
2 0.9122596153846154 0.5733173076923077 0.015625 0.04807692307692308
1 0.47596153846153844 0.5348557692307693 0.02283653846153846 0.03485576923076923
1 0.6670673076923077 0.5084134615384616 0.025240384615384616 0.028846153846153848
1 0.30408653846153844 0.5697115384615384 0.051682692307692304 0.04927884615384615
0 0.8100961538461539 0.5168269230769231 0.051682692307692304 0.057692307692307696
3 0.051682692307692304 0.5685096153846154 0.019230769230769232 0.05048076923076923
1 0.5240384615384616 0.5384615384615384 0.03365384615384615 0.04807692307692308
2 0.4182692307692308 0.5096153846153846 0.014423076923076924 0.026442307692307692
4 0.4483173076923077 0.5216346153846154 0.051682692307692304 0.09014423076923077
1 0.41346153846153844 0.4639423076923077 0.009615384615384616 0.016826923076923076
1 0.46274038461538464 0.4651442307692308 0.015625 0.016826923076923076
1 0.47596153846153844 0.46875 0.015625 0.014423076923076924
1 0.49399038461538464 0.47115384615384615 0.014423076923076924 0.014423076923076924
1 0.5072115384615384 0.4735576923076923 0.010817307692307692 0.013221153846153846
1 0.515625 0.47596153846153844 0.014423076923076924 0.014423076923076924
4 0.5096153846153846 0.49038461538461536 0.016826923076923076 0.030048076923076924
4 0.5889423076923077 0.47836538461538464 0.028846153846153848 0.037259615384615384
1 0.6177884615384616 0.49399038461538464 0.016826923076923076 0.02403846153846154
1 0.625 0.48677884615384615 0.014423076923076924 0.018028846153846152
4 0.6418269230769231 0.47836538461538464 0.02403846153846154 0.046875