3 0.19471153846153846 0.5 0.009615384615384616 0.027644230769230768
3 0.6682692307692307 0.484375 0.01201923076923077 0.030048076923076924
0 0.3317307692307692 0.4675480769230769 0.04567307692307692 0.06009615384615385
3 0.6466346153846154 0.484375 0.010817307692307692 0.03245192307692308
1 0.03485576923076923 0.5649038461538461 0.06850961538461539 0.1346153846153846
1 0.038461538461538464 0.5204326923076923 0.07692307692307693 0.09134615384615384
1 0.45072115384615385 0.49038461538461536 0.027644230769230768 0.03365384615384615
1 0.12259615384615384 0.5024038461538461 0.051682692307692304 0.05048076923076923
1 0.27283653846153844 0.49038461538461536 0.027644230769230768 0.04447115384615385
1 0.23317307692307693 0.49759615384615385 0.040865384615384616 0.04326923076923077
1 0.21634615384615385 0.4951923076923077 0.02403846153846154 0.036057692307692304
3 0.48197115384615385 0.49399038461538464 0.010817307692307692 0.026442307692307692