1 0.45072115384615385 0.49278846153846156 0.028846153846153848 0.042067307692307696
1 0.5180288461538461 0.4699519230769231 0.015625 0.019230769230769232
0 0.45072115384615385 0.49278846153846156 0.028846153846153848 0.042067307692307696
2 0.8918269230769231 0.5600961538461539 0.019230769230769232 0.042067307692307696
1 0.16947115384615385 0.5805288461538461 0.06971153846153846 0.05889423076923077
1 0.08774038461538461 0.5925480769230769 0.06971153846153846 0.06610576923076923
1 0.27884615384615385 0.546875 0.03365384615384615 0.037259615384615384
1 0.5697115384615384 0.5408653846153846 0.03365384615384615 0.038461538461538464
4 0.49399038461538464 0.515625 0.03245192307692308 0.04326923076923077
1 0.4338942307692308 0.5673076923076923 0.05048076923076923 0.042067307692307696
4 0.6658653846153846 0.5625 0.06490384615384616 0.10576923076923077
4 0.8088942307692307 0.5588942307692307 0.15264423076923078 0.22956730769230768
1 0.5552884615384616 0.6129807692307693 0.11658653846153846 0.12259615384615384
1 0.7295673076923077 0.6454326923076923 0.15264423076923078 0.14903846153846154
3 0.051682692307692304 0.5661057692307693 0.021634615384615384 0.05048076923076923
3 0.20552884615384615 0.5504807692307693 0.01201923076923077 0.04447115384615385
3 0.23076923076923078 0.5516826923076923 0.016826923076923076 0.04567307692307692
3 0.38100961538461536 0.5036057692307693 0.009615384615384616 0.026442307692307692
0 0.5348557692307693 0.46634615384615385 0.02403846153846154 0.026442307692307692
1 0.46153846153846156 0.46634615384615385 0.008413461538461538 0.009615384615384616
1 0.47716346153846156 0.4651442307692308 0.009615384615384616 0.010817307692307692
1 0.4831730769230769 0.4675480769230769 0.01201923076923077 0.014423076923076924
2 0.6418269230769231 0.4855769230769231 0.009615384615384616 0.020432692307692308
4 0.7043269230769231 0.53125 0.05889423076923077 0.0985576923076923
4 0.7331730769230769 0.5036057692307693 0.03485576923076923 0.0625