1 0.38461538461538464 0.5240384615384616 0.014423076923076924 0.020432692307692308
1 0.21995192307692307 0.5228365384615384 0.03245192307692308 0.04567307692307692
3 0.7692307692307693 0.5084134615384616 0.010817307692307692 0.028846153846153848
3 0.4338942307692308 0.5228365384615384 0.010817307692307692 0.021634615384615384
1 0.40625 0.5240384615384616 0.015625 0.019230769230769232
3 0.7463942307692307 0.5084134615384616 0.01201923076923077 0.028846153846153848
1 0.25 0.5180288461538461 0.042067307692307696 0.046875
1 0.5372596153846154 0.5228365384615384 0.036057692307692304 0.042067307692307696
1 0.18269230769230768 0.5228365384615384 0.06370192307692307 0.05889423076923077
1 0.7331730769230769 0.5901442307692307 0.13701923076923078 0.14783653846153846
1 0.028846153846153848 0.5384615384615384 0.038461538461538464 0.054086538461538464
1 0.0625 0.5384615384615384 0.06370192307692307 0.07211538461538461
3 0.4495192307692308 0.5240384615384616 0.008413461538461538 0.02283653846153846
3 0.5564903846153846 0.5204326923076923 0.009615384615384616 0.027644230769230768