4 0.28725961538461536 0.5 0.025240384615384616 0.03245192307692308
3 0.6899038461538461 0.5 0.010817307692307692 0.036057692307692304
1 0.4182692307692308 0.4987980769230769 0.014423076923076924 0.018028846153846152
1 0.43990384615384615 0.5012019230769231 0.014423076923076924 0.018028846153846152
3 0.052884615384615384 0.5108173076923077 0.015625 0.042067307692307696
4 0.23076923076923078 0.48677884615384615 0.05048076923076923 0.07692307692307693
1 0.13341346153846154 0.5204326923076923 0.06129807692307692 0.05048076923076923
1 0.5108173076923077 0.5060096153846154 0.028846153846153848 0.03485576923076923
1 0.7920673076923077 0.53125 0.08653846153846154 0.08653846153846154
1 0.16105769230769232 0.5144230769230769 0.04326923076923077 0.04326923076923077
1 0.3581730769230769 0.49399038461538464 0.014423076923076924 0.021634615384615384
1 0.3473557692307692 0.49759615384615385 0.010817307692307692 0.013221153846153846
4 0.3269230769230769 0.4963942307692308 0.015625 0.021634615384615384