3 0.6538461538461539 0.4483173076923077 0.010817307692307692 0.026442307692307692
4 0.5348557692307693 0.41947115384615385 0.018028846153846152 0.028846153846153848
1 0.41225961538461536 0.4375 0.014423076923076924 0.016826923076923076
1 0.2860576923076923 0.4579326923076923 0.037259615384615384 0.042067307692307696
4 0.07572115384615384 0.47115384615384615 0.10096153846153846 0.06370192307692307
1 0.5612980769230769 0.46153846153846156 0.03485576923076923 0.042067307692307696
1 0.234375 0.47475961538461536 0.11177884615384616 0.054086538461538464
1 0.4639423076923077 0.4362980769230769 0.016826923076923076 0.021634615384615384
1 0.7403846153846154 0.4963942307692308 0.06971153846153846 0.07572115384615384
1 0.6370192307692307 0.5 0.07932692307692307 0.0829326923076923
1 0.9423076923076923 0.7199519230769231 0.11298076923076923 0.3870192307692308
1 0.8209134615384616 0.5649038461538461 0.20192307692307693 0.203125
1 0.5048076923076923 0.5252403846153846 0.12139423076923077 0.17548076923076922
4 0.15625 0.45913461538461536 0.06490384615384616 0.08653846153846154
3 0.328125 0.4362980769230769 0.009615384615384616 0.020432692307692308
1 0.3389423076923077 0.4375 0.020432692307692308 0.019230769230769232
0 0.3786057692307692 0.42788461538461536 0.020432692307692308 0.025240384615384616
1 0.40625 0.4266826923076923 0.010817307692307692 0.018028846153846152
1 0.44711538461538464 0.41225961538461536 0.010817307692307692 0.014423076923076924
1 0.45552884615384615 0.4170673076923077 0.010817307692307692 0.014423076923076924
1 0.4735576923076923 0.421875 0.01201923076923077 0.016826923076923076
0 0.4879807692307692 0.41586538461538464 0.010817307692307692 0.021634615384615384
1 0.49158653846153844 0.4254807692307692 0.010817307692307692 0.013221153846153846
1 0.4855769230769231 0.41947115384615385 0.009615384615384616 0.01201923076923077
1 0.5048076923076923 0.421875 0.015625 0.021634615384615384
1 0.5264423076923077 0.43149038461538464 0.013221153846153846 0.018028846153846152
4 0.5192307692307693 0.41947115384615385 0.014423076923076924 0.025240384615384616
1 0.49278846153846156 0.4411057692307692 0.02403846153846154 0.018028846153846152
3 0.578125 0.42908653846153844 0.006009615384615385 0.020432692307692308
1 0.6045673076923077 0.49278846153846156 0.06009615384615385 0.07932692307692307
1 0.4362980769230769 0.41346153846153844 0.01201923076923077 0.013221153846153846