4 0.6598557692307693 0.44711538461538464 0.02283653846153846 0.03125
1 0.5144230769230769 0.453125 0.010817307692307692 0.015625
3 0.8028846153846154 0.4879807692307692 0.014423076923076924 0.030048076923076924
0 0.4567307692307692 0.46033653846153844 0.025240384615384616 0.03245192307692308
1 0.4338942307692308 0.4831730769230769 0.027644230769230768 0.030048076923076924
1 0.8798076923076923 0.5192307692307693 0.07211538461538461 0.056490384615384616
1 0.6141826923076923 0.4639423076923077 0.018028846153846152 0.021634615384615384
1 0.7800480769230769 0.48677884615384615 0.037259615384615384 0.039663461538461536
1 0.6875 0.47475961538461536 0.021634615384615384 0.026442307692307692
1 0.32211538461538464 0.49399038461538464 0.038461538461538464 0.037259615384615384
1 0.7956730769230769 0.5685096153846154 0.12259615384615384 0.1310096153846154
1 0.9110576923076923 0.6045673076923077 0.17548076923076922 0.19110576923076922
1 0.578125 0.5757211538461539 0.14423076923076922 0.21033653846153846
4 0.03485576923076923 0.5240384615384616 0.06971153846153846 0.15504807692307693
1 0.07692307692307693 0.5144230769230769 0.03485576923076923 0.054086538461538464
1 0.1201923076923077 0.5252403846153846 0.09615384615384616 0.10216346153846154
1 0.15985576923076922 0.5108173076923077 0.051682692307692304 0.07211538461538461
1 0.18389423076923078 0.5060096153846154 0.056490384615384616 0.06129807692307692
1 0.22596153846153846 0.5192307692307693 0.07091346153846154 0.06971153846153846
1 0.25721153846153844 0.5060096153846154 0.055288461538461536 0.07091346153846154
3 0.4230769230769231 0.46875 0.009615384615384616 0.028846153846153848
1 0.49038461538461536 0.4675480769230769 0.014423076923076924 0.025240384615384616
1 0.5276442307692307 0.4519230769230769 0.010817307692307692 0.014423076923076924
1 0.5360576923076923 0.4483173076923077 0.010817307692307692 0.013221153846153846
1 0.5492788461538461 0.4483173076923077 0.009615384615384616 0.01201923076923077
1 0.5540865384615384 0.45072115384615385 0.010817307692307692 0.013221153846153846
1 0.5612980769230769 0.44711538461538464 0.01201923076923077 0.015625
1 0.5769230769230769 0.44591346153846156 0.010817307692307692 0.014423076923076924
1 0.5913461538461539 0.4579326923076923 0.01201923076923077 0.014423076923076924
1 0.6310096153846154 0.4495192307692308 0.014423076923076924 0.016826923076923076
1 0.6153846153846154 0.4543269230769231 0.01201923076923077 0.013221153846153846