4 0.6117788461538461 0.4495192307692308 0.027644230769230768 0.04567307692307692
3 0.7896634615384616 0.4675480769230769 0.010817307692307692 0.028846153846153848
1 0.6418269230769231 0.4639423076923077 0.019230769230769232 0.02283653846153846
1 0.47115384615384615 0.46875 0.019230769230769232 0.025240384615384616
1 0.6887019230769231 0.4567307692307692 0.03365384615384615 0.020432692307692308
3 0.7788461538461539 0.4735576923076923 0.014423076923076924 0.037259615384615384
3 0.13942307692307693 0.47836538461538464 0.010817307692307692 0.018028846153846152
3 0.039663461538461536 0.49759615384615385 0.014423076923076924 0.04807692307692308
1 0.4387019230769231 0.46634615384615385 0.020432692307692308 0.028846153846153848
1 0.49278846153846156 0.4543269230769231 0.016826923076923076 0.021634615384615384
1 0.39663461538461536 0.49399038461538464 0.04326923076923077 0.046875
1 0.359375 0.4879807692307692 0.03485576923076923 0.039663461538461536
1 0.5600961538461539 0.47596153846153844 0.025240384615384616 0.03245192307692308
1 0.3016826923076923 0.4879807692307692 0.040865384615384616 0.039663461538461536
1 0.7463942307692307 0.5649038461538461 0.13341346153846154 0.14903846153846154
1 0.6778846153846154 0.49399038461538464 0.04567307692307692 0.05048076923076923
1 0.6262019230769231 0.5096153846153846 0.06490384615384616 0.08413461538461539
1 0.2403846153846154 0.5120192307692307 0.0625 0.06971153846153846
1 0.8677884615384616 0.5492788461538461 0.10817307692307693 0.11538461538461539
1 0.49399038461538464 0.5576923076923077 0.1201923076923077 0.12379807692307693
1 0.07211538461538461 0.5036057692307693 0.040865384615384616 0.04927884615384615
3 0.10096153846153846 0.48197115384615385 0.016826923076923076 0.021634615384615384
1 0.09014423076923077 0.5180288461538461 0.06610576923076923 0.06370192307692307
1 0.13221153846153846 0.5060096153846154 0.04567307692307692 0.04807692307692308
1 0.25961538461538464 0.4807692307692308 0.026442307692307692 0.03125
1 0.35336538461538464 0.4675480769230769 0.019230769230769232 0.026442307692307692
1 0.39903846153846156 0.4651442307692308 0.019230769230769232 0.018028846153846152
1 0.4170673076923077 0.4735576923076923 0.021634615384615384 0.026442307692307692
1 0.4519230769230769 0.4639423076923077 0.014423076923076924 0.019230769230769232
4 0.49038461538461536 0.44591346153846156 0.021634615384615384 0.030048076923076924
1 0.5072115384615384 0.45552884615384615 0.01201923076923077 0.016826923076923076
1 0.5192307692307693 0.4579326923076923 0.015625 0.020432692307692308
1 0.5348557692307693 0.45552884615384615 0.010817307692307692 0.014423076923076924
1 0.5456730769230769 0.4579326923076923 0.016826923076923076 0.020432692307692308
1 0.5625 0.45552884615384615 0.013221153846153846 0.016826923076923076
4 0.5793269230769231 0.4567307692307692 0.025240384615384616 0.040865384615384616
1 0.6105769230769231 0.46153846153846156 0.019230769230769232 0.02403846153846154
1 0.8016826923076923 0.5180288461538461 0.06610576923076923 0.06610576923076923
1 0.4326923076923077 0.45072115384615385 0.019230769230769232 0.019230769230769232