4 0.0625 0.4543269230769231 0.12379807692307693 0.5012019230769231
1 0.1658653846153846 0.45913461538461536 0.025240384615384616 0.038461538461538464
1 0.5889423076923077 0.4567307692307692 0.03365384615384615 0.03245192307692308
1 0.4831730769230769 0.46875 0.025240384615384616 0.03365384615384615
1 0.5024038461538461 0.47836538461538464 0.040865384615384616 0.028846153846153848
1 0.5528846153846154 0.4543269230769231 0.021634615384615384 0.021634615384615384
4 0.21634615384615385 0.47596153846153844 0.038461538461538464 0.06009615384615385
1 0.4110576923076923 0.46274038461538464 0.030048076923076924 0.030048076923076924
1 0.6394230769230769 0.4579326923076923 0.03245192307692308 0.030048076923076924
1 0.3581730769230769 0.49158653846153844 0.046875 0.06009615384615385
1 0.5769230769230769 0.47115384615384615 0.027644230769230768 0.038461538461538464
1 0.2536057692307692 0.47716346153846156 0.03485576923076923 0.042067307692307696
1 0.2800480769230769 0.47716346153846156 0.03245192307692308 0.037259615384615384
1 0.8185096153846154 0.47475961538461536 0.042067307692307696 0.038461538461538464
1 0.9771634615384616 0.5228365384615384 0.042067307692307696 0.08653846153846154
1 0.7776442307692307 0.47596153846153844 0.037259615384615384 0.039663461538461536
1 0.6730769230769231 0.484375 0.042067307692307696 0.052884615384615384
1 0.6262019230769231 0.49278846153846156 0.057692307692307696 0.0673076923076923
1 0.5024038461538461 0.5709134615384616 0.1466346153846154 0.17067307692307693
1 0.1466346153846154 0.5240384615384616 0.09495192307692307 0.09134615384615384
1 0.8137019230769231 0.5588942307692307 0.15144230769230768 0.1502403846153846
1 0.07211538461538461 0.5024038461538461 0.04447115384615385 0.06490384615384616
1 0.12620192307692307 0.49759615384615385 0.06009615384615385 0.0829326923076923
1 0.3605769230769231 0.46153846153846156 0.030048076923076924 0.026442307692307692
1 0.44591346153846156 0.4639423076923077 0.030048076923076924 0.030048076923076924
0 0.4362980769230769 0.44711538461538464 0.051682692307692304 0.046875
1 0.5408653846153846 0.5240384615384616 0.09134615384615384 0.11538461538461539
4 0.5925480769230769 0.4387019230769231 0.030048076923076924 0.039663461538461536
4 0.7091346153846154 0.4735576923076923 0.055288461538461536 0.05048076923076923
1 0.7259615384615384 0.4879807692307692 0.055288461538461536 0.07211538461538461
1 0.8737980769230769 0.4651442307692308 0.056490384615384616 0.038461538461538464
1 0.9362980769230769 0.4675480769230769 0.05889423076923077 0.039663461538461536