1 0.49038461538461536 0.46153846153846156 0.042067307692307696 0.04807692307692308
1 0.7043269230769231 0.4723557692307692 0.05048076923076923 0.07692307692307693
3 0.4411057692307692 0.45913461538461536 0.014423076923076924 0.039663461538461536
1 0.7896634615384616 0.4807692307692308 0.030048076923076924 0.054086538461538464
1 0.29086538461538464 0.46153846153846156 0.046875 0.037259615384615384
1 0.8990384615384616 0.4675480769230769 0.06490384615384616 0.046875
1 0.5865384615384616 0.4699519230769231 0.03485576923076923 0.05048076923076923
0 0.3317307692307692 0.44471153846153844 0.07451923076923077 0.06129807692307692
1 0.8245192307692307 0.47836538461538464 0.05889423076923077 0.06610576923076923
1 0.6262019230769231 0.4831730769230769 0.052884615384615384 0.06610576923076923
1 0.14182692307692307 0.49278846153846156 0.06370192307692307 0.06610576923076923
1 0.7427884615384616 0.4879807692307692 0.0625 0.0625
1 0.5168269230769231 0.5649038461538461 0.14423076923076922 0.16947115384615385
1 0.9098557692307693 0.5697115384615384 0.17908653846153846 0.17908653846153846
1 0.021634615384615384 0.4987980769230769 0.04326923076923077 0.08413461538461539
1 0.06850961538461539 0.5132211538461539 0.1045673076923077 0.14302884615384615
1 0.35336538461538464 0.46153846153846156 0.040865384615384616 0.03365384615384615
4 0.11177884615384616 0.44711538461538464 0.11538461538461539 0.09014423076923077
1 0.3942307692307692 0.45913461538461536 0.03245192307692308 0.04326923076923077
1 0.41346153846153844 0.45913461538461536 0.039663461538461536 0.037259615384615384
1 0.5456730769230769 0.4987980769230769 0.09375 0.08653846153846154
4 0.6466346153846154 0.4387019230769231 0.040865384615384616 0.0889423076923077
1 0.9519230769230769 0.4735576923076923 0.04807692307692308 0.04447115384615385
4 0.9519230769230769 0.4387019230769231 0.09495192307692307 0.10697115384615384