4 0.36778846153846156 0.4375 0.020432692307692308 0.027644230769230768
3 0.010817307692307692 0.5865384615384616 0.020432692307692308 0.0625
3 0.8004807692307693 0.5552884615384616 0.021634615384615384 0.05889423076923077
1 0.47716346153846156 0.4495192307692308 0.02283653846153846 0.021634615384615384
1 0.6850961538461539 0.5024038461538461 0.03245192307692308 0.038461538461538464
1 0.4098557692307692 0.4567307692307692 0.02403846153846154 0.026442307692307692
1 0.5552884615384616 0.4639423076923077 0.019230769230769232 0.02283653846153846
1 0.5348557692307693 0.45913461538461536 0.020432692307692308 0.021634615384615384
1 0.5697115384615384 0.4699519230769231 0.021634615384615384 0.02403846153846154
1 0.35336538461538464 0.4567307692307692 0.020432692307692308 0.02283653846153846
1 0.7283653846153846 0.5096153846153846 0.027644230769230768 0.03485576923076923
1 0.7463942307692307 0.515625 0.03365384615384615 0.037259615384615384
1 0.38341346153846156 0.45913461538461536 0.021634615384615384 0.025240384615384616
2 0.375 0.4951923076923077 0.016826923076923076 0.03245192307692308
1 0.703125 0.49759615384615385 0.030048076923076924 0.03485576923076923
1 0.8076923076923077 0.5360576923076923 0.040865384615384616 0.04326923076923077
3 0.030048076923076924 0.5829326923076923 0.02403846153846154 0.06610576923076923
1 0.7475961538461539 0.49399038461538464 0.027644230769230768 0.030048076923076924
1 0.46274038461538464 0.49278846153846156 0.027644230769230768 0.03365384615384615
1 0.6129807692307693 0.4699519230769231 0.026442307692307692 0.027644230769230768
4 0.49158653846153844 0.4735576923076923 0.028846153846153848 0.05048076923076923
4 0.84375 0.49759615384615385 0.06490384615384616 0.10336538461538461
1 0.921875 0.5552884615384616 0.040865384615384616 0.046875
1 0.4230769230769231 0.5276442307692307 0.038461538461538464 0.046875
1 0.4675480769230769 0.6057692307692307 0.07211538461538461 0.056490384615384616
0 0.15384615384615385 0.5793269230769231 0.09975961538461539 0.14543269230769232
1 0.3473557692307692 0.5805288461538461 0.05889423076923077 0.07451923076923077
3 0.3137019230769231 0.49158653846153844 0.010817307692307692 0.03485576923076923
3 0.3076923076923077 0.5180288461538461 0.013221153846153846 0.040865384615384616
3 0.32091346153846156 0.5180288461538461 0.01201923076923077 0.040865384615384616
1 0.390625 0.4483173076923077 0.020432692307692308 0.021634615384615384
1 0.41466346153846156 0.4495192307692308 0.02403846153846154 0.026442307692307692
1 0.43509615384615385 0.4483173076923077 0.016826923076923076 0.016826923076923076
1 0.4519230769230769 0.4495192307692308 0.02283653846153846 0.020432692307692308
1 0.4362980769230769 0.4675480769230769 0.02283653846153846 0.030048076923076924
1 0.44350961538461536 0.47716346153846156 0.02403846153846154 0.028846153846153848
4 0.5084134615384616 0.4375 0.04567307692307692 0.03365384615384615
4 0.734375 0.46634615384615385 0.037259615384615384 0.057692307692307696
4 0.8870192307692307 0.4963942307692308 0.054086538461538464 0.09254807692307693