1 0.4639423076923077 0.4375 0.016826923076923076 0.018028846153846152
1 0.23076923076923078 0.4723557692307692 0.039663461538461536 0.046875
1 0.6550480769230769 0.45913461538461536 0.036057692307692304 0.039663461538461536
4 0.38221153846153844 0.4266826923076923 0.051682692307692304 0.08052884615384616
1 0.546875 0.48197115384615385 0.078125 0.06490384615384616
1 0.1971153846153846 0.484375 0.06610576923076923 0.0673076923076923
1 0.06370192307692307 0.4723557692307692 0.06971153846153846 0.05889423076923077
1 0.7019230769230769 0.48677884615384615 0.12379807692307693 0.07692307692307693
1 0.140625 0.47596153846153844 0.06370192307692307 0.06610576923076923
1 0.9098557692307693 0.6947115384615384 0.17548076923076922 0.3449519230769231
1 0.2704326923076923 0.48677884615384615 0.06490384615384616 0.08653846153846154
1 0.39783653846153844 0.6778846153846154 0.3004807692307692 0.3485576923076923
4 0.41225961538461536 0.42427884615384615 0.03485576923076923 0.0625
1 0.4074519230769231 0.44591346153846156 0.02403846153846154 0.03365384615384615
1 0.36658653846153844 0.5516826923076923 0.20552884615384615 0.19951923076923078
1 0.49158653846153844 0.4375 0.016826923076923076 0.021634615384615384
4 0.4855769230769231 0.42908653846153844 0.020432692307692308 0.03485576923076923
4 0.5228365384615384 0.421875 0.04927884615384615 0.078125
4 0.5649038461538461 0.4362980769230769 0.021634615384615384 0.027644230769230768
1 0.5516826923076923 0.4362980769230769 0.015625 0.02283653846153846