4 0.4735576923076923 0.4387019230769231 0.018028846153846152 0.03485576923076923
4 0.4963942307692308 0.43509615384615385 0.036057692307692304 0.06610576923076923
1 0.9651442307692307 0.8269230769230769 0.0673076923076923 0.2860576923076923
1 0.45552884615384615 0.44591346153846156 0.013221153846153846 0.016826923076923076
4 0.36538461538461536 0.4387019230769231 0.04567307692307692 0.09134615384615384
1 0.5745192307692307 0.46153846153846156 0.027644230769230768 0.03485576923076923
1 0.020432692307692308 0.4891826923076923 0.040865384615384616 0.055288461538461536
1 0.8629807692307693 0.49038461538461536 0.09014423076923077 0.06610576923076923
1 0.14423076923076922 0.4879807692307692 0.06850961538461539 0.0625
1 0.3425480769230769 0.7704326923076923 0.42788461538461536 0.4567307692307692
1 0.39302884615384615 0.45552884615384615 0.021634615384615384 0.03245192307692308
4 0.40024038461538464 0.43509615384615385 0.03365384615384615 0.0625
4 0.5192307692307693 0.4387019230769231 0.02403846153846154 0.040865384615384616
1 0.5372596153846154 0.44591346153846156 0.014423076923076924 0.021634615384615384
4 0.5528846153846154 0.44350961538461536 0.020432692307692308 0.030048076923076924
1 0.42788461538461536 0.42908653846153844 0.009615384615384616 0.009615384615384616
1 0.328125 0.5480769230769231 0.28725961538461536 0.15985576923076922
1 0.41586538461538464 0.4266826923076923 0.009615384615384616 0.01201923076923077