1 0.38461538461538464 0.44711538461538464 0.028846153846153848 0.021634615384615384
4 0.4675480769230769 0.484375 0.037259615384615384 0.06610576923076923
4 0.5661057692307693 0.5072115384615384 0.051682692307692304 0.07091346153846154
3 0.31490384615384615 0.4963942307692308 0.010817307692307692 0.037259615384615384
1 0.4230769230769231 0.4735576923076923 0.018028846153846152 0.03125
1 0.12740384615384615 0.6225961538461539 0.10697115384615384 0.078125
1 0.15504807692307693 0.5709134615384616 0.04567307692307692 0.04567307692307692
1 0.38822115384615385 0.47836538461538464 0.026442307692307692 0.036057692307692304
3 0.11057692307692307 0.5709134615384616 0.02283653846153846 0.054086538461538464
1 0.2247596153846154 0.6189903846153846 0.0829326923076923 0.06850961538461539
1 0.7536057692307693 0.5036057692307693 0.028846153846153848 0.03125
4 0.6814903846153846 0.4651442307692308 0.046875 0.07932692307692307
1 0.5528846153846154 0.546875 0.040865384615384616 0.046875
1 0.49759615384615385 0.5180288461538461 0.037259615384615384 0.057692307692307696
4 0.6177884615384616 0.5324519230769231 0.055288461538461536 0.09375
3 0.2932692307692308 0.5288461538461539 0.014423076923076924 0.046875
3 0.30408653846153844 0.5276442307692307 0.015625 0.04567307692307692
2 0.3545673076923077 0.5036057692307693 0.01201923076923077 0.036057692307692304
3 0.3473557692307692 0.5240384615384616 0.01201923076923077 0.042067307692307696
2 0.3581730769230769 0.5360576923076923 0.02283653846153846 0.046875
1 0.41225961538461536 0.44591346153846156 0.02283653846153846 0.018028846153846152
0 0.34975961538461536 0.4579326923076923 0.038461538461538464 0.06009615384615385
4 0.3798076923076923 0.42788461538461536 0.03485576923076923 0.04927884615384615
1 0.4362980769230769 0.49158653846153844 0.025240384615384616 0.038461538461538464
4 0.5276442307692307 0.48197115384615385 0.046875 0.08653846153846154
3 0.6550480769230769 0.4579326923076923 0.007211538461538462 0.027644230769230768
4 0.7668269230769231 0.4723557692307692 0.057692307692307696 0.07572115384615384
2 0.9182692307692307 0.515625 0.020432692307692308 0.038461538461538464