1 0.6033653846153846 0.4567307692307692 0.019230769230769232 0.025240384615384616
1 0.5841346153846154 0.45072115384615385 0.014423076923076924 0.018028846153846152
1 0.6586538461538461 0.46875 0.030048076923076924 0.03485576923076923
1 0.3737980769230769 0.8004807692307693 0.5961538461538461 0.39663461538461536
1 0.3786057692307692 0.5673076923076923 0.35216346153846156 0.17908653846153846
1 0.4375 0.4699519230769231 0.042067307692307696 0.04807692307692308
1 0.41466346153846156 0.46153846153846156 0.015625 0.028846153846153848
4 0.4411057692307692 0.4387019230769231 0.051682692307692304 0.08653846153846154
4 0.4723557692307692 0.44350961538461536 0.028846153846153848 0.07451923076923077
4 0.6213942307692307 0.45072115384615385 0.020432692307692308 0.026442307692307692
3 0.6322115384615384 0.4519230769230769 0.007211538461538462 0.014423076923076924
4 0.5180288461538461 0.4326923076923077 0.010817307692307692 0.018028846153846152
1 0.5036057692307693 0.44591346153846156 0.009615384615384616 0.009615384615384616
1 0.5060096153846154 0.43149038461538464 0.007211538461538462 0.009615384615384616
1 0.4987980769230769 0.42788461538461536 0.009615384615384616 0.01201923076923077
4 0.5408653846153846 0.4387019230769231 0.027644230769230768 0.054086538461538464
4 0.5721153846153846 0.4387019230769231 0.04447115384615385 0.04567307692307692