4 0.5372596153846154 0.43990384615384615 0.02403846153846154 0.046875
1 0.3485576923076923 0.7884615384615384 0.5925480769230769 0.4170673076923077
1 0.6225961538461539 0.46033653846153844 0.025240384615384616 0.030048076923076924
1 0.4050480769230769 0.4639423076923077 0.027644230769230768 0.038461538461538464
4 0.4423076923076923 0.4387019230769231 0.04447115384615385 0.08533653846153846
1 0.828125 0.49158653846153844 0.08653846153846154 0.0625
1 0.37740384615384615 0.5733173076923077 0.34134615384615385 0.19230769230769232
4 0.46875 0.4423076923076923 0.03245192307692308 0.07451923076923077
1 0.4387019230769231 0.46875 0.040865384615384616 0.04927884615384615
1 0.4963942307692308 0.42788461538461536 0.01201923076923077 0.018028846153846152
1 0.5084134615384616 0.42788461538461536 0.010817307692307692 0.015625
1 0.5925480769230769 0.4543269230769231 0.016826923076923076 0.020432692307692308
1 0.5552884615384616 0.453125 0.014423076923076924 0.018028846153846152
4 0.5709134615384616 0.44711538461538464 0.019230769230769232 0.02283653846153846