1 0.5528846153846154 0.4495192307692308 0.014423076923076924 0.021634615384615384
1 0.5769230769230769 0.4519230769230769 0.015625 0.019230769230769232
1 0.3737980769230769 0.45913461538461536 0.015625 0.02403846153846154
4 0.5372596153846154 0.43990384615384615 0.02403846153846154 0.05048076923076923
1 0.35096153846153844 0.7884615384615384 0.6009615384615384 0.39903846153846156
1 0.3918269230769231 0.46634615384615385 0.030048076923076924 0.039663461538461536
1 0.6033653846153846 0.45552884615384615 0.018028846153846152 0.02283653846153846
4 0.12259615384615384 0.44350961538461536 0.24519230769230768 0.14182692307692307
4 0.4411057692307692 0.4483173076923077 0.04567307692307692 0.08774038461538461
1 0.7007211538461539 0.47716346153846156 0.04807692307692308 0.04927884615384615
1 0.3786057692307692 0.5817307692307693 0.33653846153846156 0.18389423076923078
1 0.4387019230769231 0.46875 0.038461538461538464 0.04807692307692308
4 0.46634615384615385 0.43990384615384615 0.03245192307692308 0.08052884615384616
4 0.4855769230769231 0.4411057692307692 0.020432692307692308 0.04927884615384615
1 0.4987980769230769 0.4495192307692308 0.009615384615384616 0.013221153846153846
1 0.515625 0.43990384615384615 0.010817307692307692 0.020432692307692308