1 0.38341346153846156 0.4411057692307692 0.042067307692307696 0.030048076923076924
1 0.44471153846153844 0.44711538461538464 0.019230769230769232 0.021634615384615384
3 0.8028846153846154 0.5576923076923077 0.019230769230769232 0.056490384615384616
4 0.5576923076923077 0.43509615384615385 0.1045673076923077 0.05889423076923077
0 0.140625 0.5685096153846154 0.17548076923076922 0.16706730769230768
4 0.4831730769230769 0.4338942307692308 0.042067307692307696 0.057692307692307696
1 0.3641826923076923 0.6141826923076923 0.06610576923076923 0.0625
1 0.7283653846153846 0.5096153846153846 0.03245192307692308 0.03365384615384615
1 0.6129807692307693 0.5384615384615384 0.042067307692307696 0.046875
0 0.38100961538461536 0.53125 0.06490384615384616 0.09375
0 0.4519230769230769 0.5625 0.10336538461538461 0.1502403846153846
3 0.23918269230769232 0.5612980769230769 0.015625 0.056490384615384616
2 0.2548076923076923 0.5600961538461539 0.020432692307692308 0.054086538461538464
3 0.25961538461538464 0.5408653846153846 0.015625 0.054086538461538464
3 0.27283653846153844 0.5372596153846154 0.016826923076923076 0.052884615384615384
2 0.33774038461538464 0.5276442307692307 0.016826923076923076 0.04447115384615385
3 0.3401442307692308 0.5036057692307693 0.01201923076923077 0.038461538461538464
3 0.3161057692307692 0.5036057692307693 0.014423076923076924 0.038461538461538464
4 0.6129807692307693 0.4495192307692308 0.04807692307692308 0.06370192307692307
3 0.6538461538461539 0.45913461538461536 0.010817307692307692 0.03125