3 0.3112980769230769 0.5576923076923077 0.020432692307692308 0.06370192307692307
2 0.9915865384615384 0.5516826923076923 0.015625 0.046875
4 0.48677884615384615 0.4362980769230769 0.038461538461538464 0.05889423076923077
1 0.4326923076923077 0.44711538461538464 0.016826923076923076 0.018028846153846152
1 0.9038461538461539 0.5685096153846154 0.02403846153846154 0.046875
1 0.8870192307692307 0.6153846153846154 0.06850961538461539 0.06370192307692307
1 0.7620192307692307 0.5600961538461539 0.03245192307692308 0.07211538461538461
1 0.41225961538461536 0.44471153846153844 0.018028846153846152 0.018028846153846152
4 0.5264423076923077 0.47475961538461536 0.046875 0.0829326923076923
1 0.5925480769230769 0.5060096153846154 0.02403846153846154 0.046875
4 0.6730769230769231 0.5649038461538461 0.1622596153846154 0.29086538461538464
1 0.8305288461538461 0.5625 0.04567307692307692 0.05889423076923077
1 0.8449519230769231 0.5769230769230769 0.04807692307692308 0.06610576923076923
1 0.38100961538461536 0.5504807692307693 0.04567307692307692 0.06610576923076923
1 0.6622596153846154 0.6778846153846154 0.171875 0.2127403846153846
1 0.9026442307692307 0.6634615384615384 0.10336538461538461 0.11538461538461539
3 0.13942307692307693 0.5685096153846154 0.021634615384615384 0.07091346153846154
4 0.21875 0.65625 0.2091346153846154 0.26802884615384615
3 0.33413461538461536 0.5036057692307693 0.01201923076923077 0.038461538461538464
3 0.31009615384615385 0.5072115384615384 0.010817307692307692 0.038461538461538464
1 0.46634615384615385 0.4519230769230769 0.025240384615384616 0.025240384615384616
1 0.9266826923076923 0.6201923076923077 0.046875 0.0733173076923077
4 0.9387019230769231 0.5709134615384616 0.06850961538461539 0.12620192307692307
1 0.9915865384615384 0.5721153846153846 0.014423076923076924 0.04927884615384615