3 0.3088942307692308 0.5072115384615384 0.015625 0.042067307692307696
1 0.9915865384615384 0.5685096153846154 0.015625 0.054086538461538464
3 0.3329326923076923 0.5048076923076923 0.014423076923076924 0.04326923076923077
1 0.3641826923076923 0.43990384615384615 0.019230769230769232 0.02403846153846154
1 0.35096153846153844 0.4519230769230769 0.016826923076923076 0.026442307692307692
1 0.36778846153846156 0.4579326923076923 0.02403846153846154 0.026442307692307692
3 0.19110576923076922 0.5721153846153846 0.018028846153846152 0.05889423076923077
1 0.7536057692307693 0.5649038461538461 0.046875 0.0625
1 0.15264423076923078 0.5769230769230769 0.04807692307692308 0.05889423076923077
4 0.4254807692307692 0.43028846153846156 0.042067307692307696 0.05048076923076923
4 0.7283653846153846 0.5817307692307693 0.06129807692307692 0.08653846153846154
4 0.5637019230769231 0.5024038461538461 0.054086538461538464 0.10096153846153846
1 0.38100961538461536 0.5504807692307693 0.046875 0.06610576923076923
1 0.6298076923076923 0.5276442307692307 0.039663461538461536 0.057692307692307696
4 0.8329326923076923 0.5528846153846154 0.08533653846153846 0.16706730769230768
1 0.9435096153846154 0.6153846153846154 0.06009615384615385 0.08533653846153846
1 0.5036057692307693 0.6682692307692307 0.14903846153846154 0.15865384615384615
3 0.21514423076923078 0.5733173076923077 0.019230769230769232 0.05889423076923077
3 0.6538461538461539 0.4579326923076923 0.010817307692307692 0.027644230769230768
1 0.9002403846153846 0.5697115384615384 0.020432692307692308 0.05048076923076923
1 0.9338942307692307 0.5841346153846154 0.05048076923076923 0.056490384615384616
1 0.9254807692307693 0.5769230769230769 0.04326923076923077 0.052884615384615384
4 0.9302884615384616 0.5360576923076923 0.06370192307692307 0.08413461538461539