1 0.4387019230769231 0.44591346153846156 0.015625 0.016826923076923076
4 0.5540865384615384 0.4411057692307692 0.030048076923076924 0.055288461538461536
1 0.44471153846153844 0.44711538461538464 0.016826923076923076 0.016826923076923076
1 0.42788461538461536 0.44471153846153844 0.014423076923076924 0.013221153846153846
1 0.4831730769230769 0.4495192307692308 0.018028846153846152 0.020432692307692308
1 0.41225961538461536 0.4423076923076923 0.015625 0.016826923076923076
1 0.6850961538461539 0.5048076923076923 0.028846153846153848 0.042067307692307696
3 0.33653846153846156 0.5 0.01201923076923077 0.037259615384615384
0 0.7019230769230769 0.4675480769230769 0.042067307692307696 0.05048076923076923
1 0.4651442307692308 0.45072115384615385 0.018028846153846152 0.018028846153846152
4 0.49038461538461536 0.5204326923076923 0.05048076923076923 0.08413461538461539
1 0.5492788461538461 0.45913461538461536 0.026442307692307692 0.028846153846153848
1 0.04567307692307692 0.6225961538461539 0.09014423076923077 0.08413461538461539
1 0.4110576923076923 0.4951923076923077 0.027644230769230768 0.03365384615384615
1 0.15384615384615385 0.5769230769230769 0.05048076923076923 0.06009615384615385
4 0.8185096153846154 0.5048076923076923 0.038461538461538464 0.06850961538461539
1 0.9783653846153846 0.5625 0.038461538461538464 0.051682692307692304
4 0.3737980769230769 0.5685096153846154 0.09975961538461539 0.13942307692307693
3 0.3137019230769231 0.5036057692307693 0.013221153846153846 0.03485576923076923
1 0.49278846153846156 0.45552884615384615 0.019230769230769232 0.02283653846153846
4 0.5036057692307693 0.43509615384615385 0.038461538461538464 0.057692307692307696
3 0.6382211538461539 0.4579326923076923 0.009615384615384616 0.030048076923076924
1 0.7379807692307693 0.49278846153846156 0.03125 0.039663461538461536
3 0.9867788461538461 0.5324519230769231 0.016826923076923076 0.03245192307692308
3 0.28365384615384615 0.5276442307692307 0.01201923076923077 0.039663461538461536