1 0.4206730769230769 0.5252403846153846 0.03365384615384615 0.04807692307692308
1 0.41225961538461536 0.4423076923076923 0.013221153846153846 0.014423076923076924
3 0.33774038461538464 0.5048076923076923 0.01201923076923077 0.039663461538461536
4 0.33533653846153844 0.44711538461538464 0.046875 0.051682692307692304
4 0.6971153846153846 0.47475961538461536 0.03365384615384615 0.056490384615384616
1 0.4675480769230769 0.5540865384615384 0.04326923076923077 0.06610576923076923
1 0.5973557692307693 0.4639423076923077 0.025240384615384616 0.030048076923076924
2 0.90625 0.5180288461538461 0.018028846153846152 0.037259615384615384
1 0.5637019230769231 0.4639423076923077 0.02403846153846154 0.026442307692307692
4 0.6225961538461539 0.453125 0.042067307692307696 0.046875
1 0.15384615384615385 0.5769230769230769 0.04447115384615385 0.057692307692307696
1 0.8509615384615384 0.5180288461538461 0.03485576923076923 0.038461538461538464
4 0.23798076923076922 0.5757211538461539 0.09495192307692307 0.140625
1 0.9182692307692307 0.7067307692307693 0.15865384615384615 0.18389423076923078
3 0.07451923076923077 0.5841346153846154 0.021634615384615384 0.07091346153846154
3 0.09735576923076923 0.5805288461538461 0.027644230769230768 0.0673076923076923
3 0.31009615384615385 0.5024038461538461 0.014423076923076924 0.038461538461538464
4 0.46033653846153844 0.4362980769230769 0.025240384615384616 0.036057692307692304
1 0.46274038461538464 0.4495192307692308 0.019230769230769232 0.018028846153846152
1 0.484375 0.453125 0.016826923076923076 0.021634615384615384
1 0.5012019230769231 0.453125 0.016826923076923076 0.026442307692307692
4 0.5 0.4326923076923077 0.03245192307692308 0.04927884615384615
4 0.53125 0.43990384615384615 0.039663461538461536 0.05048076923076923