1 0.47836538461538464 0.4495192307692308 0.02283653846153846 0.021634615384615384
1 0.3737980769230769 0.4411057692307692 0.013221153846153846 0.019230769230769232
1 0.359375 0.43990384615384615 0.018028846153846152 0.02403846153846154
3 0.24879807692307693 0.5384615384615384 0.014423076923076924 0.051682692307692304
1 0.9158653846153846 0.5360576923076923 0.018028846153846152 0.02283653846153846
1 0.5120192307692307 0.45913461538461536 0.016826923076923076 0.018028846153846152
1 0.39903846153846156 0.44350961538461536 0.019230769230769232 0.020432692307692308
4 0.43149038461538464 0.5180288461538461 0.07932692307692307 0.16466346153846154
2 0.3737980769230769 0.5096153846153846 0.014423076923076924 0.037259615384615384
1 0.5348557692307693 0.4567307692307692 0.019230769230769232 0.02283653846153846
2 0.2980769230769231 0.5612980769230769 0.027644230769230768 0.05048076923076923
1 0.5733173076923077 0.4651442307692308 0.02403846153846154 0.028846153846153848
1 0.9579326923076923 0.5829326923076923 0.036057692307692304 0.06490384615384616
1 0.9747596153846154 0.5396634615384616 0.037259615384615384 0.054086538461538464
1 0.8197115384615384 0.578125 0.05048076923076923 0.06009615384615385
1 0.8125 0.6262019230769231 0.055288461538461536 0.078125
1 0.5721153846153846 0.5865384615384616 0.055288461538461536 0.06129807692307692
1 0.9254807692307693 0.5901442307692307 0.05889423076923077 0.09254807692307693
1 0.14302884615384615 0.7079326923076923 0.2860576923076923 0.27403846153846156
4 0.6935096153846154 0.5889423076923077 0.20072115384615385 0.3545673076923077
4 0.09254807692307693 0.5360576923076923 0.18509615384615385 0.21995192307692307
3 0.3125 0.5072115384615384 0.01201923076923077 0.026442307692307692
4 0.49399038461538464 0.43990384615384615 0.03485576923076923 0.042067307692307696
4 0.8137019230769231 0.5048076923076923 0.0625 0.12980769230769232
4 0.875 0.5060096153846154 0.0625 0.10336538461538461
0 0.9134615384615384 0.5084134615384616 0.03365384615384615 0.08052884615384616