1 0.7067307692307693 0.484375 0.025240384615384616 0.030048076923076924
1 0.6730769230769231 0.4699519230769231 0.02403846153846154 0.028846153846153848
4 0.9819711538461539 0.5252403846153846 0.03245192307692308 0.078125
4 0.5336538461538461 0.4951923076923077 0.04567307692307692 0.07091346153846154
1 0.6875 0.5072115384615384 0.030048076923076924 0.04326923076923077
1 0.4050480769230769 0.4411057692307692 0.020432692307692308 0.02403846153846154
2 0.36177884615384615 0.5024038461538461 0.013221153846153846 0.038461538461538464
2 0.7319711538461539 0.5540865384615384 0.028846153846153848 0.055288461538461536
1 0.6682692307692307 0.49399038461538464 0.027644230769230768 0.03365384615384615
1 0.7632211538461539 0.515625 0.03245192307692308 0.03485576923076923
2 0.26322115384615385 0.5709134615384616 0.020432692307692308 0.054086538461538464
4 0.7295673076923077 0.49038461538461536 0.028846153846153848 0.038461538461538464
4 0.7836538461538461 0.4879807692307692 0.04447115384615385 0.07451923076923077
1 0.7884615384615384 0.53125 0.03365384615384615 0.038461538461538464
1 0.5949519230769231 0.46875 0.025240384615384616 0.026442307692307692
1 0.6382211538461539 0.48197115384615385 0.025240384615384616 0.03125
4 0.9375 0.5492788461538461 0.08173076923076923 0.1310096153846154
1 0.8737980769230769 0.5216346153846154 0.03245192307692308 0.037259615384615384
1 0.15264423076923078 0.578125 0.04927884615384615 0.05889423076923077
1 0.9651442307692307 0.6322115384615384 0.06610576923076923 0.0829326923076923
1 0.8317307692307693 0.5637019230769231 0.04567307692307692 0.05048076923076923
1 0.9675480769230769 0.6862980769230769 0.0625 0.13822115384615385
3 0.31009615384615385 0.5036057692307693 0.01201923076923077 0.039663461538461536
3 0.3293269230769231 0.5024038461538461 0.01201923076923077 0.04447115384615385
3 0.22235576923076922 0.5516826923076923 0.015625 0.0625
3 0.2439903846153846 0.5444711538461539 0.014423076923076924 0.054086538461538464
1 0.31490384615384615 0.46033653846153844 0.025240384615384616 0.026442307692307692
1 0.3629807692307692 0.4651442307692308 0.030048076923076924 0.039663461538461536
1 0.34975961538461536 0.43990384615384615 0.019230769230769232 0.021634615384615384
4 0.37259615384615385 0.44711538461538464 0.037259615384615384 0.05889423076923077
4 0.4110576923076923 0.515625 0.07451923076923077 0.10096153846153846
4 0.45913461538461536 0.46274038461538464 0.037259615384615384 0.0625
4 0.4831730769230769 0.4375 0.09735576923076923 0.0625
1 0.4807692307692308 0.48197115384615385 0.03245192307692308 0.030048076923076924
1 0.4855769230769231 0.5072115384615384 0.027644230769230768 0.03365384615384615
1 0.49759615384615385 0.5204326923076923 0.03485576923076923 0.039663461538461536
1 0.5564903846153846 0.4987980769230769 0.02283653846153846 0.05889423076923077
1 0.5408653846153846 0.4579326923076923 0.019230769230769232 0.013221153846153846
4 0.6225961538461539 0.45552884615384615 0.036057692307692304 0.046875