1 0.4891826923076923 0.453125 0.020432692307692308 0.021634615384615384
1 0.056490384615384616 0.6346153846153846 0.11177884615384616 0.08533653846153846
4 0.8305288461538461 0.5168269230769231 0.040865384615384616 0.054086538461538464
1 0.1466346153846154 0.5901442307692307 0.11778846153846154 0.12259615384615384
1 0.6971153846153846 0.4963942307692308 0.030048076923076924 0.030048076923076924
1 0.8125 0.5444711538461539 0.039663461538461536 0.04447115384615385
1 0.7295673076923077 0.5060096153846154 0.03245192307692308 0.03365384615384615
4 0.5829326923076923 0.5396634615384616 0.12139423076923077 0.1622596153846154
4 0.8846153846153846 0.5144230769230769 0.0733173076923077 0.10576923076923077
4 0.9663461538461539 0.5228365384615384 0.06009615384615385 0.09254807692307693
1 0.8317307692307693 0.5709134615384616 0.046875 0.057692307692307696
1 0.7475961538461539 0.5384615384615384 0.038461538461538464 0.04567307692307692
1 0.9362980769230769 0.5889423076923077 0.054086538461538464 0.056490384615384616
1 0.7932692307692307 0.6213942307692307 0.06850961538461539 0.07091346153846154
4 0.2668269230769231 0.5745192307692307 0.125 0.171875
4 0.3389423076923077 0.5733173076923077 0.0625 0.11778846153846154
4 0.3557692307692308 0.515625 0.06971153846153846 0.10096153846153846
1 0.375 0.5901442307692307 0.040865384615384616 0.06490384615384616
1 0.3942307692307692 0.578125 0.04927884615384615 0.07091346153846154
1 0.4026442307692308 0.5372596153846154 0.03485576923076923 0.030048076923076924
1 0.42427884615384615 0.5745192307692307 0.03365384615384615 0.06129807692307692
1 0.46033653846153844 0.5961538461538461 0.06370192307692307 0.06610576923076923
1 0.5192307692307693 0.5697115384615384 0.025240384615384616 0.054086538461538464
1 0.48197115384615385 0.5793269230769231 0.046875 0.0625
1 0.4675480769230769 0.5564903846153846 0.038461538461538464 0.036057692307692304
1 0.45913461538461536 0.5432692307692307 0.036057692307692304 0.039663461538461536
4 0.4254807692307692 0.5048076923076923 0.06009615384615385 0.09735576923076923
4 0.4795673076923077 0.5144230769230769 0.08413461538461539 0.11057692307692307
1 0.4074519230769231 0.43990384615384615 0.015625 0.016826923076923076
1 0.4254807692307692 0.44471153846153844 0.014423076923076924 0.014423076923076924
1 0.4423076923076923 0.44711538461538464 0.014423076923076924 0.018028846153846152
4 0.46033653846153844 0.44591346153846156 0.019230769230769232 0.026442307692307692
0 0.5204326923076923 0.4423076923076923 0.03485576923076923 0.042067307692307696
2 0.6694711538461539 0.4675480769230769 0.013221153846153846 0.03365384615384615