1 0.5168269230769231 0.45552884615384615 0.03125 0.028846153846153848
1 0.7512019230769231 0.5204326923076923 0.06129807692307692 0.055288461538461536
4 0.8413461538461539 0.4951923076923077 0.054086538461538464 0.039663461538461536
1 0.9879807692307693 0.5564903846153846 0.02283653846153846 0.0733173076923077
4 0.9879807692307693 0.5564903846153846 0.021634615384615384 0.07451923076923077
3 0.33774038461538464 0.5024038461538461 0.01201923076923077 0.038461538461538464
4 0.19110576923076922 0.5949519230769231 0.109375 0.1045673076923077
1 0.5048076923076923 0.5576923076923077 0.09495192307692307 0.14423076923076922
1 0.44350961538461536 0.44711538461538464 0.019230769230769232 0.018028846153846152
4 0.5216346153846154 0.44711538461538464 0.026442307692307692 0.038461538461538464
4 0.47596153846153844 0.4579326923076923 0.040865384615384616 0.07211538461538461
1 0.47596153846153844 0.4639423076923077 0.03485576923076923 0.06009615384615385
1 0.5084134615384616 0.4579326923076923 0.021634615384615384 0.02403846153846154
1 0.796875 0.515625 0.03365384615384615 0.039663461538461536
4 0.0889423076923077 0.5564903846153846 0.17307692307692307 0.1935096153846154
1 0.546875 0.45913461538461536 0.020432692307692308 0.02403846153846154
1 0.7019230769230769 0.5072115384615384 0.03245192307692308 0.038461538461538464
1 0.5733173076923077 0.46875 0.021634615384615384 0.026442307692307692
4 0.6466346153846154 0.46153846153846156 0.038461538461538464 0.05889423076923077
1 0.6694711538461539 0.49399038461538464 0.030048076923076924 0.03365384615384615
1 0.36177884615384615 0.5012019230769231 0.03365384615384615 0.04447115384615385
4 0.08413461538461539 0.6334134615384616 0.16346153846153846 0.1814903846153846
1 0.41225961538461536 0.47716346153846156 0.02403846153846154 0.026442307692307692
1 0.5997596153846154 0.47596153846153844 0.025240384615384616 0.030048076923076924
4 0.7872596153846154 0.48677884615384615 0.04927884615384615 0.06009615384615385
1 0.7379807692307693 0.5264423076923077 0.03245192307692308 0.054086538461538464
4 0.7235576923076923 0.4723557692307692 0.040865384615384616 0.057692307692307696
1 0.7668269230769231 0.5108173076923077 0.03485576923076923 0.04567307692307692
1 0.8173076923076923 0.5384615384615384 0.038461538461538464 0.042067307692307696
1 0.9038461538461539 0.5480769230769231 0.039663461538461536 0.046875
1 0.8629807692307693 0.515625 0.038461538461538464 0.042067307692307696
4 0.36778846153846156 0.5817307692307693 0.07211538461538461 0.11658653846153846
4 0.5048076923076923 0.5612980769230769 0.09014423076923077 0.12740384615384615
1 0.9338942307692307 0.5745192307692307 0.05048076923076923 0.055288461538461536
1 0.8521634615384616 0.5805288461538461 0.052884615384615384 0.05889423076923077
1 0.5673076923076923 0.6670673076923077 0.11899038461538461 0.1310096153846154