1 0.7043269230769231 0.4807692307692308 0.03245192307692308 0.039663461538461536
1 0.2692307692307692 0.4963942307692308 0.03245192307692308 0.03485576923076923
1 0.03245192307692308 0.5060096153846154 0.05889423076923077 0.07091346153846154
0 0.4675480769230769 0.46153846153846156 0.025240384615384616 0.037259615384615384
1 0.5348557692307693 0.4987980769230769 0.018028846153846152 0.04567307692307692
4 0.21995192307692307 0.4891826923076923 0.06129807692307692 0.08533653846153846
1 0.41586538461538464 0.484375 0.02403846153846154 0.026442307692307692
1 0.09254807692307693 0.5180288461538461 0.0625 0.057692307692307696
1 0.3545673076923077 0.49399038461538464 0.03485576923076923 0.038461538461538464
1 0.1346153846153846 0.5096153846153846 0.06971153846153846 0.06971153846153846
1 0.6466346153846154 0.5012019230769231 0.046875 0.052884615384615384
4 0.5769230769230769 0.47475961538461536 0.07692307692307693 0.11899038461538461
1 0.6189903846153846 0.4891826923076923 0.019230769230769232 0.03485576923076923
1 0.75 0.5024038461538461 0.05889423076923077 0.06490384615384616
1 0.7668269230769231 0.49399038461538464 0.051682692307692304 0.06610576923076923