0 0.5733173076923077 0.47716346153846156 0.06610576923076923 0.10697115384615384
1 0.7307692307692307 0.4855769230769231 0.040865384615384616 0.042067307692307696
1 0.12620192307692307 0.5204326923076923 0.03365384615384615 0.05048076923076923
1 0.4891826923076923 0.46033653846153844 0.018028846153846152 0.020432692307692308
1 0.7908653846153846 0.5084134615384616 0.06610576923076923 0.07091346153846154
1 0.014423076923076924 0.5084134615384616 0.028846153846153848 0.06971153846153846
1 0.2644230769230769 0.49759615384615385 0.03485576923076923 0.038461538461538464
1 0.0985576923076923 0.515625 0.06129807692307692 0.06370192307692307
1 0.6322115384615384 0.4951923076923077 0.03245192307692308 0.042067307692307696
0 0.4723557692307692 0.4651442307692308 0.025240384615384616 0.038461538461538464
1 0.4182692307692308 0.49158653846153844 0.030048076923076924 0.036057692307692304
1 0.05889423076923077 0.5228365384615384 0.06610576923076923 0.05889423076923077
1 0.32572115384615385 0.5024038461538461 0.04326923076923077 0.046875
1 0.6682692307692307 0.5060096153846154 0.04927884615384615 0.05048076923076923
4 0.20793269230769232 0.4891826923076923 0.0733173076923077 0.09254807692307693
1 0.6574519230769231 0.5024038461538461 0.042067307692307696 0.04807692307692308
1 0.8004807692307693 0.5012019230769231 0.0625 0.07211538461538461