1 0.2127403846153846 0.4807692307692308 0.03125 0.026442307692307692
1 0.453125 0.4567307692307692 0.020432692307692308 0.021634615384615384
1 0.04927884615384615 0.5216346153846154 0.03365384615384615 0.05889423076923077
1 0.6057692307692307 0.49759615384615385 0.03245192307692308 0.046875
1 0.02403846153846154 0.5216346153846154 0.04807692307692308 0.07211538461538461
0 0.43149038461538464 0.4651442307692308 0.026442307692307692 0.042067307692307696
1 0.36177884615384615 0.4951923076923077 0.038461538461538464 0.04326923076923077
1 0.6466346153846154 0.5084134615384616 0.051682692307692304 0.05889423076923077
0 0.5336538461538461 0.47475961538461536 0.06129807692307692 0.0985576923076923
1 0.21995192307692307 0.5096153846153846 0.05889423076923077 0.06129807692307692
4 0.1466346153846154 0.49038461538461536 0.08173076923076923 0.0985576923076923
3 0.3918269230769231 0.4651442307692308 0.007211538461538462 0.021634615384615384
3 0.5709134615384616 0.4579326923076923 0.009615384615384616 0.030048076923076924
1 0.6346153846153846 0.5012019230769231 0.046875 0.054086538461538464
1 0.7079326923076923 0.4891826923076923 0.054086538461538464 0.05048076923076923
1 0.7463942307692307 0.4951923076923077 0.03485576923076923 0.057692307692307696
1 0.7920673076923077 0.4987980769230769 0.07692307692307693 0.07932692307692307
1 0.7848557692307693 0.5132211538461539 0.07692307692307693 0.0829326923076923