3 0.640625 0.4723557692307692 0.014423076923076924 0.038461538461538464
1 0.29086538461538464 0.47716346153846156 0.03485576923076923 0.042067307692307696
1 0.32091346153846156 0.47716346153846156 0.03245192307692308 0.037259615384615384
1 0.5492788461538461 0.5012019230769231 0.057692307692307696 0.0673076923076923
3 0.6550480769230769 0.4699519230769231 0.014423076923076924 0.038461538461538464
1 0.47596153846153844 0.4879807692307692 0.054086538461538464 0.0625
1 0.40625 0.6057692307692307 0.19951923076923078 0.1875
1 0.1346153846153846 0.4735576923076923 0.04807692307692308 0.03125
1 0.26802884615384615 0.47596153846153844 0.027644230769230768 0.038461538461538464
1 0.18629807692307693 0.47596153846153844 0.027644230769230768 0.036057692307692304
1 0.3605769230769231 0.5012019230769231 0.06370192307692307 0.06610576923076923
1 0.3894230769230769 0.484375 0.056490384615384616 0.0625
1 0.5264423076923077 0.4879807692307692 0.02403846153846154 0.05048076923076923