2 0.9543269230769231 0.5 0.051682692307692304 0.06850961538461539
3 0.6358173076923077 0.4735576923076923 0.015625 0.04567307692307692
3 0.6526442307692307 0.47475961538461536 0.014423076923076924 0.04927884615384615
1 0.14903846153846154 0.49038461538461536 0.051682692307692304 0.054086538461538464
1 0.43149038461538464 0.4855769230769231 0.054086538461538464 0.06850961538461539
1 0.23677884615384615 0.5252403846153846 0.09735576923076923 0.09615384615384616
1 0.5096153846153846 0.5408653846153846 0.10817307692307693 0.0985576923076923
1 0.04567307692307692 0.5276442307692307 0.09134615384615384 0.11778846153846154
1 0.4699519230769231 0.47596153846153844 0.03365384615384615 0.039663461538461536
1 0.09735576923076923 0.4951923076923077 0.051682692307692304 0.05889423076923077
1 0.23557692307692307 0.46634615384615385 0.027644230769230768 0.03125
3 0.2644230769230769 0.4699519230769231 0.01201923076923077 0.030048076923076924
1 0.2932692307692308 0.49759615384615385 0.078125 0.0985576923076923
1 0.3317307692307692 0.5012019230769231 0.028846153846153848 0.0625
1 0.5348557692307693 0.5192307692307693 0.08413461538461539 0.09014423076923077
1 0.5216346153846154 0.4735576923076923 0.04567307692307692 0.036057692307692304
3 0.5192307692307693 0.4543269230769231 0.007211538461538462 0.01201923076923077
3 0.5324519230769231 0.453125 0.010817307692307692 0.014423076923076924