1 0.7151442307692307 0.45913461538461536 0.026442307692307692 0.03125
1 0.6550480769230769 0.4795673076923077 0.04567307692307692 0.06009615384615385
1 0.1622596153846154 0.6165865384615384 0.234375 0.23798076923076922
1 0.6117788461538461 0.5180288461538461 0.09735576923076923 0.0985576923076923
1 0.3629807692307692 0.5348557692307693 0.13341346153846154 0.171875
1 0.43509615384615385 0.5060096153846154 0.08774038461538461 0.12379807692307693
0 0.4675480769230769 0.44591346153846156 0.13221153846153846 0.1971153846153846
1 0.5444711538461539 0.47716346153846156 0.039663461538461536 0.0829326923076923
1 0.5709134615384616 0.47716346153846156 0.030048076923076924 0.040865384615384616
1 0.6141826923076923 0.46274038461538464 0.03365384615384615 0.026442307692307692
3 0.6538461538461539 0.43990384615384615 0.010817307692307692 0.021634615384615384