1 0.5372596153846154 0.46274038461538464 0.028846153846153848 0.027644230769230768
3 0.5637019230769231 0.4387019230769231 0.010817307692307692 0.02403846153846154
4 0.42427884615384615 0.4411057692307692 0.021634615384615384 0.038461538461538464
1 0.5276442307692307 0.4387019230769231 0.015625 0.021634615384615384
1 0.5372596153846154 0.49158653846153844 0.04567307692307692 0.05048076923076923
0 0.22596153846153846 0.4651442307692308 0.08533653846153846 0.11298076923076923
1 0.9411057692307693 0.5973557692307693 0.1141826923076923 0.3125
0 0.4675480769230769 0.46153846153846156 0.04807692307692308 0.078125
3 0.2860576923076923 0.453125 0.010817307692307692 0.03125
3 0.31850961538461536 0.4543269230769231 0.009615384615384616 0.03125
3 0.4074519230769231 0.43990384615384615 0.007211538461538462 0.021634615384615384
1 0.6213942307692307 0.46033653846153844 0.040865384615384616 0.03365384615384615
1 0.9567307692307693 0.6766826923076923 0.08533653846153846 0.3137019230769231