1 0.3713942307692308 0.5420673076923077 0.028846153846153848 0.056490384615384616
1 0.5528846153846154 0.5360576923076923 0.06129807692307692 0.078125
1 0.4951923076923077 0.5492788461538461 0.06370192307692307 0.07091346153846154
1 0.6694711538461539 0.6021634615384616 0.14543269230769232 0.1466346153846154
1 0.234375 0.5024038461538461 0.020432692307692308 0.02403846153846154
1 0.27283653846153844 0.4963942307692308 0.019230769230769232 0.021634615384615384
3 0.18990384615384615 0.5060096153846154 0.015625 0.030048076923076924
2 0.24158653846153846 0.5336538461538461 0.019230769230769232 0.04807692307692308
1 0.24879807692307693 0.49158653846153844 0.018028846153846152 0.020432692307692308
1 0.30288461538461536 0.5024038461538461 0.02403846153846154 0.02403846153846154
1 0.2776442307692308 0.5252403846153846 0.02403846153846154 0.037259615384615384
1 0.2932692307692308 0.5420673076923077 0.03245192307692308 0.05889423076923077
1 0.3317307692307692 0.5480769230769231 0.07451923076923077 0.09495192307692307
3 0.8786057692307693 0.5324519230769231 0.037259615384615384 0.08413461538461539