1 0.5492788461538461 0.45913461538461536 0.014423076923076924 0.016826923076923076
4 0.44350961538461536 0.46153846153846156 0.026442307692307692 0.042067307692307696
1 0.5588942307692307 0.4855769230769231 0.027644230769230768 0.039663461538461536
0 0.5 0.47596153846153844 0.046875 0.07451923076923077
1 0.5985576923076923 0.5144230769230769 0.06490384615384616 0.054086538461538464
0 0.14783653846153846 0.48677884615384615 0.1201923076923077 0.1466346153846154
3 0.2980769230769231 0.4723557692307692 0.008413461538461538 0.03245192307692308
3 0.4266826923076923 0.46274038461538464 0.006009615384615385 0.025240384615384616
1 0.46875 0.46033653846153844 0.01201923076923077 0.015625
3 0.5865384615384616 0.4579326923076923 0.007211538461538462 0.026442307692307692
1 0.6478365384615384 0.48197115384615385 0.046875 0.036057692307692304