1 0.4098557692307692 0.4387019230769231 0.02403846153846154 0.025240384615384616
0 0.5216346153846154 0.43149038461538464 0.028846153846153848 0.05048076923076923
3 0.2776442307692308 0.453125 0.014423076923076924 0.02403846153846154
2 0.3389423076923077 0.453125 0.010817307692307692 0.03125
3 0.4362980769230769 0.44350961538461536 0.01201923076923077 0.028846153846153848
1 0.2608173076923077 0.49158653846153844 0.0625 0.0673076923076923
3 0.3713942307692308 0.44350961538461536 0.009615384615384616 0.026442307692307692
1 0.3870192307692308 0.4387019230769231 0.026442307692307692 0.025240384615384616
3 0.18028846153846154 0.453125 0.013221153846153846 0.042067307692307696
3 0.19951923076923078 0.4543269230769231 0.010817307692307692 0.040865384615384616
3 0.21033653846153846 0.453125 0.010817307692307692 0.03365384615384615
3 0.21754807692307693 0.4579326923076923 0.010817307692307692 0.037259615384615384
3 0.22355769230769232 0.4519230769230769 0.008413461538461538 0.039663461538461536
3 0.23076923076923078 0.45552884615384615 0.010817307692307692 0.037259615384615384
1 0.5048076923076923 0.4375 0.01201923076923077 0.026442307692307692
3 0.5637019230769231 0.43509615384615385 0.007211538461538462 0.027644230769230768