3 0.6033653846153846 0.42908653846153844 0.010817307692307692 0.038461538461538464
1 0.5264423076923077 0.42427884615384615 0.015625 0.02283653846153846
1 0.33774038461538464 0.4411057692307692 0.03365384615384615 0.046875
1 0.46634615384615385 0.42788461538461536 0.015625 0.018028846153846152
0 0.5552884615384616 0.4206730769230769 0.027644230769230768 0.042067307692307696
1 0.3798076923076923 0.4338942307692308 0.027644230769230768 0.03125
2 0.5805288461538461 0.4326923076923077 0.01201923076923077 0.028846153846153848
2 0.2848557692307692 0.44711538461538464 0.010817307692307692 0.03485576923076923
3 0.4483173076923077 0.44471153846153844 0.021634615384615384 0.05048076923076923
1 0.15144230769230768 0.5048076923076923 0.09615384615384616 0.0985576923076923
3 0.1310096153846154 0.44471153846153844 0.010817307692307692 0.04326923076923077
3 0.15865384615384615 0.44350961538461536 0.009615384615384616 0.038461538461538464
3 0.16826923076923078 0.44350961538461536 0.008413461538461538 0.03485576923076923
3 0.1814903846153846 0.44591346153846156 0.007211538461538462 0.040865384615384616
3 0.18870192307692307 0.4495192307692308 0.014423076923076924 0.040865384615384616
1 0.7043269230769231 0.4567307692307692 0.0673076923076923 0.052884615384615384
1 0.6334134615384616 0.4411057692307692 0.052884615384615384 0.037259615384615384
3 0.6466346153846154 0.4254807692307692 0.009615384615384616 0.018028846153846152