1 0.02403846153846154 0.5204326923076923 0.04807692307692308 0.078125
0 0.5877403846153846 0.48197115384615385 0.13581730769230768 0.23317307692307693
4 0.40865384615384615 0.48197115384615385 0.12740384615384615 0.16706730769230768
4 0.18990384615384615 0.46153846153846156 0.11899038461538461 0.19471153846153846
1 0.2247596153846154 0.5372596153846154 0.09014423076923077 0.08653846153846154
1 0.5240384615384616 0.6538461538461539 0.2283653846153846 0.37259615384615385
1 0.3016826923076923 0.5036057692307693 0.09014423076923077 0.11899038461538461
1 0.05048076923076923 0.5084134615384616 0.039663461538461536 0.04567307692307692
1 0.11658653846153846 0.5120192307692307 0.04326923076923077 0.0625
1 0.8112980769230769 0.4735576923076923 0.0889423076923077 0.042067307692307696
3 0.7043269230769231 0.49278846153846156 0.010817307692307692 0.026442307692307692