1 0.2644230769230769 0.5949519230769231 0.15504807692307693 0.27283653846153844
1 0.640625 0.6634615384615384 0.2860576923076923 0.46274038461538464
1 0.46875 0.5492788461538461 0.018028846153846152 0.03245192307692308
1 0.41346153846153844 0.5444711538461539 0.016826923076923076 0.028846153846153848
4 0.42908653846153844 0.5324519230769231 0.013221153846153846 0.028846153846153848
2 0.4375 0.5480769230769231 0.01201923076923077 0.021634615384615384
2 0.4483173076923077 0.5408653846153846 0.007211538461538462 0.020432692307692308
1 0.49038461538461536 0.49759615384615385 0.018028846153846152 0.020432692307692308
1 0.47475961538461536 0.4891826923076923 0.015625 0.026442307692307692
1 0.45913461538461536 0.4579326923076923 0.019230769230769232 0.03485576923076923
1 0.48197115384615385 0.45552884615384615 0.008413461538461538 0.015625
1 0.5132211538461539 0.49759615384615385 0.010817307692307692 0.010817307692307692