1 0.6478365384615384 0.6670673076923077 0.28125 0.4423076923076923
1 0.5060096153846154 0.5817307692307693 0.07211538461538461 0.17908653846153846
2 0.3629807692307692 0.6165865384615384 0.055288461538461536 0.19110576923076922
2 0.24278846153846154 0.5721153846153846 0.015625 0.04807692307692308
2 0.26802884615384615 0.5733173076923077 0.015625 0.05048076923076923
2 0.28846153846153844 0.5709134615384616 0.013221153846153846 0.04567307692307692
2 0.3317307692307692 0.5685096153846154 0.021634615384615384 0.04326923076923077
1 0.41225961538461536 0.5444711538461539 0.015625 0.030048076923076924
4 0.42908653846153844 0.5372596153846154 0.01201923076923077 0.038461538461538464
1 0.45913461538461536 0.4567307692307692 0.021634615384615384 0.03365384615384615
4 0.4567307692307692 0.5480769230769231 0.042067307692307696 0.1045673076923077