1 0.6490384615384616 0.6598557692307693 0.27403846153846156 0.46153846153846156
1 0.5060096153846154 0.578125 0.0733173076923077 0.1778846153846154
2 0.16346153846153846 0.5721153846153846 0.013221153846153846 0.06009615384615385
2 0.20673076923076922 0.5793269230769231 0.018028846153846152 0.0625
2 0.27403846153846156 0.5685096153846154 0.03125 0.06610576923076923
0 0.3329326923076923 0.5528846153846154 0.042067307692307696 0.078125
1 0.41225961538461536 0.5444711538461539 0.015625 0.025240384615384616
4 0.43028846153846156 0.5408653846153846 0.014423076923076924 0.039663461538461536
1 0.45913461538461536 0.4579326923076923 0.019230769230769232 0.03125
4 0.4675480769230769 0.5492788461538461 0.019230769230769232 0.08173076923076923
1 0.4807692307692308 0.44711538461538464 0.008413461538461538 0.016826923076923076