0 0.47596153846153844 0.4050480769230769 0.025240384615384616 0.042067307692307696
3 0.027644230769230768 0.4519230769230769 0.018028846153846152 0.04927884615384615
1 0.3076923076923077 0.42427884615384615 0.021634615384615384 0.02403846153846154
3 0.5673076923076923 0.4074519230769231 0.010817307692307692 0.036057692307692304
1 0.27524038461538464 0.42788461538461536 0.025240384615384616 0.03245192307692308
3 0.5384615384615384 0.41346153846153844 0.010817307692307692 0.03125
1 0.3894230769230769 0.4170673076923077 0.016826923076923076 0.02283653846153846
1 0.234375 0.44591346153846156 0.052884615384615384 0.06129807692307692
3 0.01201923076923077 0.4519230769230769 0.015625 0.057692307692307696
3 0.03485576923076923 0.43509615384615385 0.01201923076923077 0.039663461538461536
3 0.04326923076923077 0.44711538461538464 0.015625 0.055288461538461536
1 0.3173076923076923 0.41947115384615385 0.021634615384615384 0.026442307692307692
1 0.4699519230769231 0.41346153846153844 0.020432692307692308 0.02403846153846154
2 0.49399038461538464 0.41346153846153844 0.010817307692307692 0.027644230769230768
3 0.5324519230769231 0.4074519230769231 0.009615384615384616 0.030048076923076924
1 0.6057692307692307 0.4170673076923077 0.06370192307692307 0.040865384615384616
1 0.7307692307692307 0.43509615384615385 0.10576923076923077 0.07091346153846154