1 0.7235576923076923 0.5913461538461539 0.10576923076923077 0.07091346153846154
1 0.2439903846153846 0.5817307692307693 0.028846153846153848 0.03245192307692308
3 0.5480769230769231 0.5637019230769231 0.010817307692307692 0.036057692307692304
0 0.45072115384615385 0.5576923076923077 0.02403846153846154 0.036057692307692304
1 0.28365384615384615 0.5745192307692307 0.03485576923076923 0.03485576923076923
1 0.34615384615384615 0.5709134615384616 0.020432692307692308 0.026442307692307692
3 0.21394230769230768 0.5853365384615384 0.010817307692307692 0.039663461538461536
3 0.5144230769230769 0.5709134615384616 0.01201923076923077 0.03365384615384615
1 0.040865384615384616 0.6286057692307693 0.08173076923076923 0.09375
2 0.20192307692307693 0.5865384615384616 0.019230769230769232 0.042067307692307696
1 0.44711538461538464 0.5661057692307693 0.019230769230769232 0.021634615384615384
2 0.4831730769230769 0.5661057692307693 0.009615384615384616 0.027644230769230768
1 0.5853365384615384 0.5733173076923077 0.06490384615384616 0.04447115384615385