2 0.07451923076923077 0.5480769230769231 0.052884615384615384 0.09615384615384616
1 0.4723557692307692 0.5012019230769231 0.016826923076923076 0.021634615384615384
2 0.5048076923076923 0.49759615384615385 0.010817307692307692 0.027644230769230768
1 0.8257211538461539 0.5324519230769231 0.15264423076923078 0.09495192307692307
3 0.5793269230769231 0.49759615384615385 0.013221153846153846 0.03485576923076923
1 0.24639423076923078 0.5204326923076923 0.03125 0.03485576923076923
3 0.19110576923076922 0.5252403846153846 0.013221153846153846 0.04447115384615385
3 0.5420673076923077 0.5012019230769231 0.013221153846153846 0.036057692307692304
2 0.17307692307692307 0.5288461538461539 0.021634615384615384 0.052884615384615384
1 0.2956730769230769 0.5168269230769231 0.03485576923076923 0.042067307692307696
3 0.6622596153846154 0.49399038461538464 0.018028846153846152 0.04326923076923077