4 0.5372596153846154 0.6334134615384616 0.09735576923076923 0.18269230769230768
1 0.3894230769230769 0.6346153846153846 0.09254807692307693 0.09014423076923077
1 0.21153846153846154 0.6009615384615384 0.05889423076923077 0.078125
1 0.3329326923076923 0.6045673076923077 0.051682692307692304 0.08413461538461539
4 0.30288461538461536 0.49278846153846156 0.03485576923076923 0.08774038461538461
4 0.41947115384615385 0.4891826923076923 0.06009615384615385 0.14423076923076922
1 0.34134615384615385 0.4951923076923077 0.027644230769230768 0.04807692307692308
3 0.35697115384615385 0.4807692307692308 0.007211538461538462 0.042067307692307696
1 0.3737980769230769 0.4795673076923077 0.016826923076923076 0.03365384615384615
2 0.5096153846153846 0.5204326923076923 0.013221153846153846 0.04567307692307692
3 0.6117788461538461 0.5132211538461539 0.008413461538461538 0.04447115384615385
3 0.65625 0.5348557692307693 0.007211538461538462 0.051682692307692304
1 0.5913461538461539 0.43509615384615385 0.014423076923076924 0.02283653846153846
1 0.5204326923076923 0.4254807692307692 0.01201923076923077 0.027644230769230768
3 0.4651442307692308 0.4206730769230769 0.004807692307692308 0.02283653846153846
3 0.16947115384615385 0.5528846153846154 0.013221153846153846 0.040865384615384616
4 0.5588942307692307 0.4182692307692308 0.036057692307692304 0.057692307692307696
1 0.5300480769230769 0.421875 0.015625 0.020432692307692308
0 0.5949519230769231 0.3894230769230769 0.014423076923076924 0.02283653846153846
2 0.5925480769230769 0.4050480769230769 0.010817307692307692 0.020432692307692308
4 0.4495192307692308 0.4699519230769231 0.03125 0.11177884615384616
1 0.328125 0.5216346153846154 0.042067307692307696 0.06490384615384616
1 0.3449519230769231 0.5685096153846154 0.056490384615384616 0.057692307692307696
1 0.38221153846153844 0.47596153846153844 0.019230769230769232 0.042067307692307696
4 0.6442307692307693 0.49038461538461536 0.04927884615384615 0.08533653846153846
3 0.27283653846153844 0.49158653846153844 0.010817307692307692 0.037259615384615384