4 0.5733173076923077 0.5300480769230769 0.06129807692307692 0.11899038461538461
4 0.3004807692307692 0.4891826923076923 0.03245192307692308 0.0829326923076923
3 0.16947115384615385 0.5528846153846154 0.014423076923076924 0.040865384615384616
1 0.4855769230769231 0.48197115384615385 0.02283653846153846 0.05048076923076923
1 0.49759615384615385 0.46153846153846156 0.015625 0.042067307692307696
1 0.5649038461538461 0.43149038461538464 0.040865384615384616 0.02283653846153846
1 0.5384615384615384 0.43149038461538464 0.01201923076923077 0.020432692307692308
3 0.37740384615384615 0.47836538461538464 0.007211538461538462 0.04326923076923077
1 0.34134615384615385 0.4951923076923077 0.027644230769230768 0.046875
2 0.47475961538461536 0.43990384615384615 0.004807692307692308 0.026442307692307692
1 0.3245192307692308 0.5024038461538461 0.021634615384615384 0.04927884615384615
1 0.359375 0.4831730769230769 0.026442307692307692 0.039663461538461536
1 0.38822115384615385 0.47836538461538464 0.021634615384615384 0.042067307692307696
0 0.5348557692307693 0.41947115384615385 0.019230769230769232 0.039663461538461536
3 0.5180288461538461 0.4170673076923077 0.006009615384615385 0.02283653846153846
0 0.5805288461538461 0.39783653846153844 0.01201923076923077 0.025240384615384616
1 0.5889423076923077 0.41346153846153844 0.009615384615384616 0.015625
0 0.5961538461538461 0.3918269230769231 0.007211538461538462 0.018028846153846152
1 0.5889423076923077 0.4014423076923077 0.008413461538461538 0.014423076923076924
0 0.6418269230769231 0.49759615384615385 0.04567307692307692 0.07572115384615384
3 0.6442307692307693 0.5228365384615384 0.008413461538461538 0.038461538461538464
1 0.5685096153846154 0.39663461538461536 0.007211538461538462 0.014423076923076924