3 0.16826923076923078 0.5528846153846154 0.016826923076923076 0.03485576923076923
4 0.30288461538461536 0.49038461538461536 0.039663461538461536 0.08653846153846154
1 0.34134615384615385 0.49399038461538464 0.027644230769230768 0.046875
1 0.4266826923076923 0.4879807692307692 0.027644230769230768 0.042067307692307696
0 0.4795673076923077 0.43990384615384615 0.028846153846153848 0.05889423076923077
0 0.5348557692307693 0.41947115384615385 0.020432692307692308 0.042067307692307696
3 0.19471153846153846 0.5024038461538461 0.015625 0.06610576923076923
2 0.3088942307692308 0.5204326923076923 0.015625 0.052884615384615384
1 0.3245192307692308 0.5036057692307693 0.020432692307692308 0.046875
1 0.328125 0.6033653846153846 0.04447115384615385 0.10096153846153846
1 0.31850961538461536 0.5925480769230769 0.04567307692307692 0.10216346153846154
1 0.359375 0.484375 0.025240384615384616 0.04326923076923077
1 0.375 0.4807692307692308 0.018028846153846152 0.038461538461538464
3 0.3701923076923077 0.47596153846153844 0.010817307692307692 0.04447115384615385
1 0.3870192307692308 0.47836538461538464 0.027644230769230768 0.042067307692307696
2 0.41466346153846156 0.4699519230769231 0.009615384615384616 0.038461538461538464
3 0.42788461538461536 0.453125 0.008413461538461538 0.036057692307692304
3 0.44591346153846156 0.4411057692307692 0.009615384615384616 0.03485576923076923
3 0.32572115384615385 0.4675480769230769 0.006009615384615385 0.030048076923076924
3 0.32211538461538464 0.46875 0.004807692307692308 0.03365384615384615
3 0.5192307692307693 0.4170673076923077 0.008413461538461538 0.026442307692307692
1 0.5685096153846154 0.39903846153846156 0.010817307692307692 0.018028846153846152
4 0.5697115384615384 0.421875 0.018028846153846152 0.037259615384615384
4 0.5949519230769231 0.41466346153846156 0.02283653846153846 0.03245192307692308
1 0.6021634615384616 0.390625 0.009615384615384616 0.018028846153846152
4 0.6394230769230769 0.49399038461538464 0.0625 0.10576923076923077