4 0.22956730769230768 0.5588942307692307 0.06490384615384616 0.1466346153846154
4 0.3016826923076923 0.49038461538461536 0.037259615384615384 0.08533653846153846
3 0.6129807692307693 0.5024038461538461 0.008413461538461538 0.04447115384615385
0 0.5108173076923077 0.41466346153846156 0.02283653846153846 0.05048076923076923
1 0.59375 0.4074519230769231 0.008413461538461538 0.014423076923076924
1 0.34134615384615385 0.49399038461538464 0.027644230769230768 0.04807692307692308
2 0.4254807692307692 0.4495192307692308 0.009615384615384616 0.030048076923076924
0 0.2127403846153846 0.515625 0.08533653846153846 0.125
1 0.3245192307692308 0.5024038461538461 0.020432692307692308 0.046875
3 0.3605769230769231 0.4855769230769231 0.008413461538461538 0.04567307692307692
3 0.35096153846153844 0.46634615384615385 0.007211538461538462 0.037259615384615384
3 0.33533653846153844 0.46033653846153844 0.009615384615384616 0.027644230769230768
3 0.34375 0.46153846153846156 0.008413461538461538 0.027644230769230768
1 0.3605769230769231 0.4795673076923077 0.020432692307692308 0.038461538461538464
1 0.375 0.4807692307692308 0.016826923076923076 0.038461538461538464
1 0.3870192307692308 0.47836538461538464 0.025240384615384616 0.042067307692307696
2 0.47475961538461536 0.421875 0.007211538461538462 0.027644230769230768
4 0.6418269230769231 0.4963942307692308 0.046875 0.10096153846153846
1 0.5300480769230769 0.4206730769230769 0.016826923076923076 0.020432692307692308
1 0.578125 0.421875 0.01201923076923077 0.021634615384615384
0 0.5685096153846154 0.39663461538461536 0.008413461538461538 0.018028846153846152
2 0.5733173076923077 0.39903846153846156 0.006009615384615385 0.014423076923076924
1 0.5817307692307693 0.4026442307692308 0.008413461538461538 0.016826923076923076
4 0.5600961538461539 0.42788461538461536 0.030048076923076924 0.039663461538461536