3 0.14302884615384615 0.5228365384615384 0.014423076923076924 0.07211538461538461
3 0.15745192307692307 0.5300480769230769 0.013221153846153846 0.0673076923076923
0 0.21514423076923078 0.5192307692307693 0.07451923076923077 0.12620192307692307
4 0.3004807692307692 0.49278846153846156 0.038461538461538464 0.08533653846153846
1 0.34134615384615385 0.49399038461538464 0.025240384615384616 0.04567307692307692
3 0.6033653846153846 0.5048076923076923 0.007211538461538462 0.046875
0 0.5072115384615384 0.42427884615384615 0.02403846153846154 0.05048076923076923
3 0.3942307692307692 0.4795673076923077 0.008413461538461538 0.04326923076923077
2 0.47596153846153844 0.43149038461538464 0.004807692307692308 0.02283653846153846
1 0.546875 0.4338942307692308 0.014423076923076924 0.026442307692307692
1 0.5649038461538461 0.4254807692307692 0.014423076923076924 0.02283653846153846
1 0.3245192307692308 0.5036057692307693 0.019230769230769232 0.046875
3 0.3293269230769231 0.47115384615384615 0.007211538461538462 0.026442307692307692
3 0.34375 0.4639423076923077 0.009615384615384616 0.030048076923076924
3 0.35216346153846156 0.47596153846153844 0.007211538461538462 0.03245192307692308
3 0.3605769230769231 0.4807692307692308 0.008413461538461538 0.05048076923076923
1 0.36177884615384615 0.48197115384615385 0.020432692307692308 0.039663461538461536
1 0.37259615384615385 0.4795673076923077 0.015625 0.038461538461538464
1 0.3858173076923077 0.47596153846153844 0.025240384615384616 0.038461538461538464
3 0.421875 0.4519230769230769 0.009615384615384616 0.038461538461538464
4 0.640625 0.5024038461538461 0.046875 0.09254807692307693
1 0.5300480769230769 0.41947115384615385 0.015625 0.021634615384615384
2 0.5709134615384616 0.4050480769230769 0.006009615384615385 0.018028846153846152
1 0.5817307692307693 0.4098557692307692 0.009615384615384616 0.016826923076923076
1 0.5877403846153846 0.41947115384615385 0.01201923076923077 0.019230769230769232
1 0.5685096153846154 0.39663461538461536 0.007211538461538462 0.014423076923076924