1 0.4675480769230769 0.6610576923076923 0.08413461538461539 0.11899038461538461
1 0.18389423076923078 0.6274038461538461 0.0829326923076923 0.11538461538461539
0 0.2283653846153846 0.5348557692307693 0.06610576923076923 0.14423076923076922
4 0.37740384615384615 0.5144230769230769 0.07211538461538461 0.15865384615384615
4 0.3004807692307692 0.49158653846153844 0.03125 0.08653846153846154
1 0.5024038461538461 0.5348557692307693 0.03365384615384615 0.06490384615384616
1 0.53125 0.49399038461538464 0.028846153846153848 0.040865384615384616
1 0.5540865384615384 0.5793269230769231 0.042067307692307696 0.07451923076923077
2 0.6177884615384616 0.5336538461538461 0.010817307692307692 0.054086538461538464
1 0.59375 0.49399038461538464 0.026442307692307692 0.046875
1 0.5540865384615384 0.43149038461538464 0.016826923076923076 0.025240384615384616
1 0.32211538461538464 0.5012019230769231 0.019230769230769232 0.042067307692307696
1 0.33413461538461536 0.49158653846153844 0.021634615384615384 0.052884615384615384
1 0.41225961538461536 0.5336538461538461 0.020432692307692308 0.051682692307692304
3 0.32572115384615385 0.4699519230769231 0.008413461538461538 0.03365384615384615
3 0.3329326923076923 0.4639423076923077 0.007211538461538462 0.02403846153846154
3 0.3401442307692308 0.4639423076923077 0.007211538461538462 0.02403846153846154
1 0.5612980769230769 0.5612980769230769 0.039663461538461536 0.06971153846153846
1 0.5552884615384616 0.5288461538461539 0.03125 0.04567307692307692
3 0.5204326923076923 0.4170673076923077 0.004807692307692308 0.02403846153846154
0 0.53125 0.41225961538461536 0.016826923076923076 0.036057692307692304
0 0.5685096153846154 0.39302884615384615 0.008413461538461538 0.018028846153846152
1 0.5540865384615384 0.41947115384615385 0.01201923076923077 0.016826923076923076
4 0.59375 0.41225961538461536 0.051682692307692304 0.05048076923076923
1 0.6117788461538461 0.4483173076923077 0.019230769230769232 0.03485576923076923
1 0.6141826923076923 0.47716346153846156 0.015625 0.042067307692307696
4 0.640625 0.4987980769230769 0.04927884615384615 0.09495192307692307