4 0.5420673076923077 0.5600961538461539 0.05048076923076923 0.12259615384615384
4 0.3016826923076923 0.49158653846153844 0.03365384615384615 0.08774038461538461
1 0.453125 0.46153846153846156 0.02283653846153846 0.037259615384615384
1 0.5901442307692307 0.4879807692307692 0.02403846153846154 0.038461538461538464
1 0.5588942307692307 0.4326923076923077 0.015625 0.021634615384615384
1 0.34134615384615385 0.4963942307692308 0.028846153846153848 0.05048076923076923
4 0.53125 0.4098557692307692 0.020432692307692308 0.04807692307692308
1 0.5877403846153846 0.4326923076923077 0.015625 0.026442307692307692
1 0.3233173076923077 0.5024038461538461 0.016826923076923076 0.046875
1 0.3605769230769231 0.4807692307692308 0.021634615384615384 0.042067307692307696
1 0.3737980769230769 0.48197115384615385 0.020432692307692308 0.042067307692307696
1 0.3858173076923077 0.47836538461538464 0.025240384615384616 0.040865384615384616
3 0.5168269230769231 0.4182692307692308 0.007211538461538462 0.02283653846153846
3 0.46634615384615385 0.41947115384615385 0.007211538461538462 0.025240384615384616
1 0.5348557692307693 0.44711538461538464 0.030048076923076924 0.036057692307692304
1 0.5685096153846154 0.39302884615384615 0.007211538461538462 0.014423076923076924
1 0.5649038461538461 0.42908653846153844 0.013221153846153846 0.021634615384615384
1 0.6129807692307693 0.4266826923076923 0.014423076923076924 0.025240384615384616
1 0.6081730769230769 0.45552884615384615 0.019230769230769232 0.03485576923076923
4 0.6418269230769231 0.5024038461538461 0.05048076923076923 0.09014423076923077
1 0.5721153846153846 0.578125 0.025240384615384616 0.06490384615384616