0 0.1875 0.5649038461538461 0.09014423076923077 0.1502403846153846
1 0.375 0.6538461538461539 0.06610576923076923 0.10576923076923077
1 0.484375 0.6550480769230769 0.078125 0.14302884615384615
2 0.6382211538461539 0.6045673076923077 0.019230769230769232 0.07692307692307693
1 0.3918269230769231 0.5396634615384616 0.038461538461538464 0.0625
1 0.4387019230769231 0.5120192307692307 0.030048076923076924 0.05048076923076923
3 0.5132211538461539 0.4963942307692308 0.010817307692307692 0.04927884615384615
1 0.578125 0.5180288461538461 0.03365384615384615 0.05048076923076923
1 0.5985576923076923 0.4795673076923077 0.02283653846153846 0.038461538461538464
1 0.34615384615384615 0.5036057692307693 0.036057692307692304 0.042067307692307696
4 0.5625 0.4098557692307692 0.08052884615384616 0.04927884615384615
4 0.4483173076923077 0.46153846153846156 0.09014423076923077 0.09975961538461539
0 0.23918269230769232 0.5132211538461539 0.08653846153846154 0.1346153846153846
1 0.32091346153846156 0.5024038461538461 0.020432692307692308 0.04807692307692308
3 0.3269230769230769 0.4735576923076923 0.009615384615384616 0.04567307692307692
3 0.33533653846153844 0.4651442307692308 0.013221153846153846 0.02403846153846154
3 0.34975961538461536 0.46875 0.008413461538461538 0.039663461538461536
1 0.36177884615384615 0.48197115384615385 0.018028846153846152 0.042067307692307696
1 0.3737980769230769 0.4795673076923077 0.018028846153846152 0.040865384615384616
1 0.3870192307692308 0.47836538461538464 0.025240384615384616 0.042067307692307696
3 0.3894230769230769 0.4831730769230769 0.008413461538461538 0.042067307692307696
1 0.5528846153846154 0.43149038461538464 0.019230769230769232 0.026442307692307692
1 0.5204326923076923 0.6033653846153846 0.051682692307692304 0.07091346153846154
1 0.5264423076923077 0.6622596153846154 0.04326923076923077 0.11538461538461539
4 0.6430288461538461 0.49759615384615385 0.051682692307692304 0.09975961538461539
0 0.3004807692307692 0.49278846153846156 0.042067307692307696 0.09014423076923077