2 0.5973557692307693 0.7019230769230769 0.06009615384615385 0.2127403846153846
4 0.5456730769230769 0.5733173076923077 0.0829326923076923 0.1778846153846154
1 0.4699519230769231 0.5673076923076923 0.039663461538461536 0.0625
4 0.3004807692307692 0.4891826923076923 0.03485576923076923 0.08052884615384616
4 0.38822115384615385 0.4519230769230769 0.18389423076923078 0.13581730769230768
1 0.3401442307692308 0.49399038461538464 0.027644230769230768 0.052884615384615384
1 0.49399038461538464 0.47115384615384615 0.02283653846153846 0.04326923076923077
1 0.5300480769230769 0.4206730769230769 0.016826923076923076 0.020432692307692308
1 0.5504807692307693 0.42788461538461536 0.010817307692307692 0.02403846153846154
1 0.5576923076923077 0.421875 0.01201923076923077 0.021634615384615384
1 0.5685096153846154 0.39783653846153844 0.007211538461538462 0.014423076923076924
4 0.59375 0.3942307692307692 0.020432692307692308 0.03365384615384615
1 0.5985576923076923 0.42908653846153844 0.014423076923076924 0.02283653846153846
4 0.640625 0.4951923076923077 0.04927884615384615 0.10216346153846154