4 0.24278846153846154 0.6286057692307693 0.23076923076923078 0.40625
4 0.5889423076923077 0.47836538461538464 0.03245192307692308 0.0733173076923077
4 0.5204326923076923 0.4098557692307692 0.02403846153846154 0.06009615384615385
1 0.38822115384615385 0.47836538461538464 0.020432692307692308 0.039663461538461536
1 0.5540865384615384 0.43149038461538464 0.016826923076923076 0.026442307692307692
1 0.359375 0.48197115384615385 0.021634615384615384 0.04447115384615385
1 0.3425480769230769 0.49399038461538464 0.02403846153846154 0.054086538461538464
1 0.37259615384615385 0.47836538461538464 0.020432692307692308 0.042067307692307696
3 0.49038461538461536 0.4230769230769231 0.008413461538461538 0.025240384615384616
1 0.6069711538461539 0.4206730769230769 0.014423076923076924 0.02403846153846154
4 0.640625 0.5012019230769231 0.05048076923076923 0.09375
0 0.5348557692307693 0.41346153846153844 0.010817307692307692 0.03365384615384615
1 0.5685096153846154 0.3942307692307692 0.007211538461538462 0.014423076923076924
1 0.5721153846153846 0.390625 0.007211538461538462 0.014423076923076924
1 0.578125 0.3918269230769231 0.006009615384615385 0.013221153846153846