4 0.5408653846153846 0.6550480769230769 0.08413461538461539 0.1466346153846154
1 0.39783653846153844 0.6586538461538461 0.0673076923076923 0.10697115384615384
4 0.4362980769230769 0.4723557692307692 0.04447115384615385 0.12259615384615384
4 0.3016826923076923 0.49038461538461536 0.03245192307692308 0.078125
1 0.3401442307692308 0.49278846153846156 0.030048076923076924 0.04927884615384615
4 0.5204326923076923 0.4098557692307692 0.02403846153846154 0.057692307692307696
1 0.5697115384615384 0.4338942307692308 0.025240384615384616 0.02283653846153846
3 0.3473557692307692 0.46153846153846156 0.009615384615384616 0.03125
3 0.328125 0.4699519230769231 0.01201923076923077 0.040865384615384616
1 0.32091346153846156 0.5024038461538461 0.019230769230769232 0.04567307692307692
3 0.3557692307692308 0.4807692307692308 0.009615384615384616 0.04326923076923077
1 0.3641826923076923 0.4807692307692308 0.015625 0.038461538461538464
1 0.375 0.4795673076923077 0.016826923076923076 0.040865384615384616
1 0.3870192307692308 0.47716346153846156 0.026442307692307692 0.04447115384615385
1 0.38341346153846156 0.6490384615384616 0.06610576923076923 0.10576923076923077
1 0.5336538461538461 0.4230769230769231 0.007211538461538462 0.018028846153846152
1 0.5685096153846154 0.39663461538461536 0.007211538461538462 0.014423076923076924
1 0.5769230769230769 0.390625 0.004807692307692308 0.014423076923076924
1 0.5793269230769231 0.41586538461538464 0.009615384615384616 0.018028846153846152
1 0.5973557692307693 0.40024038461538464 0.009615384615384616 0.019230769230769232
1 0.5576923076923077 0.41947115384615385 0.01201923076923077 0.018028846153846152
4 0.6418269230769231 0.5 0.051682692307692304 0.09735576923076923
0 0.6105769230769231 0.4423076923076923 0.018028846153846152 0.038461538461538464