4 0.36538461538461536 0.5168269230769231 0.06971153846153846 0.171875
1 0.4387019230769231 0.6225961538461539 0.04447115384615385 0.07091346153846154
4 0.578125 0.5745192307692307 0.05889423076923077 0.11177884615384616
4 0.3004807692307692 0.49038461538461536 0.03485576923076923 0.08653846153846154
1 0.5348557692307693 0.4411057692307692 0.016826923076923076 0.030048076923076924
4 0.5168269230769231 0.40865384615384615 0.019230769230769232 0.06370192307692307
1 0.46153846153846156 0.5853365384615384 0.04927884615384615 0.08413461538461539
2 0.5 0.4254807692307692 0.007211538461538462 0.026442307692307692
1 0.5504807692307693 0.4230769230769231 0.015625 0.025240384615384616
1 0.5685096153846154 0.39903846153846156 0.008413461538461538 0.018028846153846152
4 0.5733173076923077 0.38822115384615385 0.008413461538461538 0.019230769230769232
1 0.5793269230769231 0.41947115384615385 0.013221153846153846 0.02283653846153846
1 0.5925480769230769 0.40865384615384615 0.01201923076923077 0.018028846153846152
4 0.6382211538461539 0.49759615384615385 0.05048076923076923 0.09615384615384616