1 0.5625 0.45072115384615385 0.016826923076923076 0.030048076923076924
1 0.5685096153846154 0.4254807692307692 0.014423076923076924 0.026442307692307692
1 0.37259615384615385 0.4795673076923077 0.02283653846153846 0.042067307692307696
1 0.359375 0.4795673076923077 0.025240384615384616 0.046875
1 0.3401442307692308 0.49399038461538464 0.03125 0.04807692307692308
1 0.5048076923076923 0.4423076923076923 0.019230769230769232 0.030048076923076924
4 0.29927884615384615 0.49158653846153844 0.036057692307692304 0.09254807692307693
1 0.46274038461538464 0.49278846153846156 0.03485576923076923 0.054086538461538464
1 0.36538461538461536 0.6442307692307693 0.08173076923076923 0.13221153846153846
0 0.5817307692307693 0.6021634615384616 0.18509615384615385 0.18389423076923078
1 0.39903846153846156 0.6213942307692307 0.055288461538461536 0.11778846153846154
1 0.5961538461538461 0.4074519230769231 0.01201923076923077 0.020432692307692308
1 0.5276442307692307 0.4206730769230769 0.014423076923076924 0.021634615384615384
1 0.5336538461538461 0.41947115384615385 0.01201923076923077 0.018028846153846152
1 0.5516826923076923 0.421875 0.015625 0.025240384615384616
4 0.5913461538461539 0.3870192307692308 0.013221153846153846 0.027644230769230768
1 0.5721153846153846 0.3918269230769231 0.015625 0.019230769230769232
3 0.27283653846153844 0.47115384615384615 0.013221153846153846 0.055288461538461536
3 0.3293269230769231 0.4723557692307692 0.010817307692307692 0.039663461538461536
3 0.3425480769230769 0.46153846153846156 0.014423076923076924 0.03245192307692308
1 0.3233173076923077 0.5024038461538461 0.019230769230769232 0.04567307692307692
1 0.3870192307692308 0.47596153846153844 0.026442307692307692 0.046875
3 0.4639423076923077 0.42908653846153844 0.008413461538461538 0.03485576923076923
4 0.6442307692307693 0.48677884615384615 0.052884615384615384 0.11057692307692307