3 0.5552884615384616 0.5336538461538461 0.01201923076923077 0.027644230769230768
3 0.7680288461538461 0.5336538461538461 0.028846153846153848 0.055288461538461536
2 0.5769230769230769 0.5408653846153846 0.02283653846153846 0.051682692307692304
1 0.23798076923076922 0.5360576923076923 0.038461538461538464 0.042067307692307696
3 0.6382211538461539 0.5420673076923077 0.018028846153846152 0.05889423076923077
4 0.45072115384615385 0.5228365384615384 0.040865384615384616 0.078125
1 0.07211538461538461 0.5564903846153846 0.06370192307692307 0.057692307692307696
1 0.19591346153846154 0.5600961538461539 0.06610576923076923 0.0733173076923077
1 0.2644230769230769 0.5384615384615384 0.027644230769230768 0.03365384615384615
1 0.28125 0.5324519230769231 0.030048076923076924 0.039663461538461536
2 0.7776442307692307 0.6201923076923077 0.04326923076923077 0.15144230769230768