3 0.8137019230769231 0.49759615384615385 0.027644230769230768 0.08173076923076923
1 0.31009615384615385 0.47836538461538464 0.030048076923076924 0.040865384615384616
3 0.16466346153846154 0.4831730769230769 0.010817307692307692 0.03485576923076923
1 0.2536057692307692 0.4855769230769231 0.042067307692307696 0.046875
3 0.6899038461538461 0.49038461538461536 0.015625 0.06129807692307692
1 0.29086538461538464 0.484375 0.025240384615384616 0.03245192307692308
1 0.23076923076923078 0.49158653846153844 0.04567307692307692 0.04447115384615385
3 0.8473557692307693 0.49759615384615385 0.021634615384615384 0.0829326923076923
4 0.49278846153846156 0.4639423076923077 0.03485576923076923 0.06610576923076923
1 0.06490384615384616 0.5072115384615384 0.06370192307692307 0.0625
2 0.7848557692307693 0.5480769230769231 0.052884615384615384 0.15985576923076922
1 0.12980769230769232 0.5252403846153846 0.09014423076923077 0.09615384615384616
1 0.4735576923076923 0.4831730769230769 0.010817307692307692 0.014423076923076924
2 0.5949519230769231 0.4807692307692308 0.008413461538461538 0.02283653846153846
2 0.609375 0.4831730769230769 0.02403846153846154 0.046875
3 0.6766826923076923 0.47716346153846156 0.015625 0.056490384615384616