0 0.5576923076923077 0.4230769230769231 0.015625 0.03485576923076923
2 0.43990384615384615 0.45072115384615385 0.01201923076923077 0.036057692307692304
1 0.4891826923076923 0.4230769230769231 0.03125 0.02403846153846154
4 0.3004807692307692 0.4879807692307692 0.036057692307692304 0.09014423076923077
1 0.3389423076923077 0.49158653846153844 0.03125 0.056490384615384616
1 0.5889423076923077 0.4795673076923077 0.026442307692307692 0.04807692307692308
1 0.3473557692307692 0.6262019230769231 0.08653846153846154 0.0829326923076923
0 0.38221153846153844 0.4807692307692308 0.056490384615384616 0.10697115384615384
1 0.31850961538461536 0.5 0.02403846153846154 0.054086538461538464
1 0.5108173076923077 0.4230769230769231 0.03125 0.028846153846153848
1 0.5276442307692307 0.41947115384615385 0.010817307692307692 0.018028846153846152
1 0.5348557692307693 0.4170673076923077 0.01201923076923077 0.019230769230769232
1 0.546875 0.41346153846153844 0.013221153846153846 0.019230769230769232
0 0.5865384615384616 0.390625 0.014423076923076924 0.026442307692307692
4 0.5901442307692307 0.4110576923076923 0.01201923076923077 0.019230769230769232
1 0.5721153846153846 0.390625 0.01201923076923077 0.019230769230769232
1 0.6021634615384616 0.4014423076923077 0.010817307692307692 0.018028846153846152
3 0.34375 0.46153846153846156 0.01201923076923077 0.027644230769230768
3 0.328125 0.4675480769230769 0.009615384615384616 0.03125
4 0.6105769230769231 0.41947115384615385 0.019230769230769232 0.04567307692307692
4 0.6418269230769231 0.49038461538461536 0.046875 0.0889423076923077