1 0.3557692307692308 0.4831730769230769 0.027644230769230768 0.04567307692307692
4 0.640625 0.4963942307692308 0.03485576923076923 0.08413461538461539
1 0.5096153846153846 0.44471153846153844 0.02403846153846154 0.037259615384615384
2 0.43028846153846156 0.47596153846153844 0.014423076923076924 0.052884615384615384
1 0.3401442307692308 0.4963942307692308 0.03245192307692308 0.052884615384615384
4 0.3016826923076923 0.49158653846153844 0.03485576923076923 0.08774038461538461
0 0.19110576923076922 0.5612980769230769 0.10576923076923077 0.20793269230769232
1 0.31971153846153844 0.5024038461538461 0.02403846153846154 0.04807692307692308
3 0.4050480769230769 0.46033653846153844 0.008413461538461538 0.04567307692307692
1 0.6117788461538461 0.4495192307692308 0.021634615384615384 0.037259615384615384
1 0.5276442307692307 0.421875 0.014423076923076924 0.018028846153846152
4 0.5504807692307693 0.4254807692307692 0.016826923076923076 0.04326923076923077
1 0.5420673076923077 0.4170673076923077 0.010817307692307692 0.018028846153846152
1 0.5913461538461539 0.41466346153846156 0.013221153846153846 0.018028846153846152
0 0.578125 0.39783653846153844 0.014423076923076924 0.030048076923076924
4 0.5853365384615384 0.3858173076923077 0.028846153846153848 0.030048076923076924
1 0.3737980769230769 0.4795673076923077 0.020432692307692308 0.042067307692307696
1 0.3870192307692308 0.47836538461538464 0.026442307692307692 0.04447115384615385
1 0.5877403846153846 0.3942307692307692 0.010817307692307692 0.015625