1 0.5853365384615384 0.41947115384615385 0.01201923076923077 0.020432692307692308
3 0.4951923076923077 0.5168269230769231 0.013221153846153846 0.0625
2 0.6935096153846154 0.6923076923076923 0.039663461538461536 0.10576923076923077
4 0.3016826923076923 0.49158653846153844 0.03485576923076923 0.0829326923076923
4 0.6442307692307693 0.49158653846153844 0.046875 0.09375
1 0.3317307692307692 0.5925480769230769 0.054086538461538464 0.1045673076923077
3 0.27163461538461536 0.49158653846153844 0.010817307692307692 0.03365384615384615
1 0.32211538461538464 0.5024038461538461 0.015625 0.04447115384615385
3 0.3473557692307692 0.4639423076923077 0.009615384615384616 0.027644230769230768
1 0.3401442307692308 0.4951923076923077 0.03125 0.05048076923076923
1 0.359375 0.484375 0.02403846153846154 0.042067307692307696
1 0.375 0.4807692307692308 0.019230769230769232 0.039663461538461536
1 0.38822115384615385 0.47836538461538464 0.025240384615384616 0.04326923076923077
0 0.5673076923076923 0.4110576923076923 0.014423076923076924 0.03365384615384615
3 0.5456730769230769 0.41947115384615385 0.006009615384615385 0.021634615384615384
3 0.5829326923076923 0.3954326923076923 0.006009615384615385 0.018028846153846152
1 0.5264423076923077 0.421875 0.013221153846153846 0.015625