4 0.640625 0.49278846153846156 0.04447115384615385 0.08533653846153846
2 0.6959134615384616 0.6923076923076923 0.042067307692307696 0.10216346153846154
1 0.32211538461538464 0.6959134615384616 0.171875 0.26802884615384615
4 0.23798076923076922 0.5240384615384616 0.17067307692307693 0.4026442307692308
1 0.32211538461538464 0.5024038461538461 0.016826923076923076 0.04927884615384615
1 0.3401442307692308 0.49399038461538464 0.030048076923076924 0.055288461538461536
3 0.34615384615384615 0.46274038461538464 0.010817307692307692 0.03125
1 0.3581730769230769 0.48197115384615385 0.026442307692307692 0.040865384615384616
1 0.37259615384615385 0.4795673076923077 0.019230769230769232 0.040865384615384616
1 0.3858173076923077 0.47596153846153844 0.020432692307692308 0.042067307692307696
1 0.5288461538461539 0.4206730769230769 0.015625 0.018028846153846152
2 0.5432692307692307 0.4206730769230769 0.007211538461538462 0.021634615384615384
0 0.5564903846153846 0.41346153846153844 0.015625 0.03485576923076923
3 0.5853365384615384 0.3954326923076923 0.003605769230769231 0.014423076923076924
1 0.6033653846153846 0.3942307692307692 0.009615384615384616 0.018028846153846152
1 0.5745192307692307 0.4230769230769231 0.015625 0.026442307692307692