2 0.46033653846153844 0.4543269230769231 0.013221153846153846 0.040865384615384616
4 0.5432692307692307 0.41346153846153844 0.020432692307692308 0.04567307692307692
4 0.3016826923076923 0.4879807692307692 0.03365384615384615 0.08413461538461539
4 0.6430288461538461 0.4855769230769231 0.04567307692307692 0.09254807692307693
1 0.5709134615384616 0.4543269230769231 0.021634615384615384 0.03485576923076923
4 0.49399038461538464 0.5240384615384616 0.04326923076923077 0.08173076923076923
1 0.32211538461538464 0.49759615384615385 0.016826923076923076 0.04807692307692308
1 0.3401442307692308 0.49158653846153844 0.03125 0.04927884615384615
3 0.34615384615384615 0.46153846153846156 0.007211538461538462 0.027644230769230768
1 0.3581730769230769 0.4795673076923077 0.02403846153846154 0.042067307692307696
1 0.3713942307692308 0.47475961538461536 0.015625 0.036057692307692304
3 0.38100961538461536 0.47475961538461536 0.007211538461538462 0.046875
3 0.38822115384615385 0.47596153846153844 0.008413461538461538 0.039663461538461536
1 0.5276442307692307 0.4182692307692308 0.014423076923076924 0.019230769230769232
2 0.5588942307692307 0.4074519230769231 0.006009615384615385 0.019230769230769232
1 0.5733173076923077 0.40865384615384615 0.010817307692307692 0.018028846153846152
1 0.5961538461538461 0.390625 0.008413461538461538 0.015625
1 0.5901442307692307 0.41225961538461536 0.01201923076923077 0.018028846153846152
2 0.6153846153846154 0.4891826923076923 0.014423076923076924 0.042067307692307696