1 0.5841346153846154 0.4362980769230769 0.015625 0.030048076923076924
0 0.5204326923076923 0.41466346153846156 0.02403846153846154 0.04807692307692308
4 0.5600961538461539 0.45552884615384615 0.021634615384615384 0.04447115384615385
1 0.31971153846153844 0.4963942307692308 0.020432692307692308 0.05048076923076923
4 0.6394230769230769 0.49038461538461536 0.040865384615384616 0.09014423076923077
4 0.3004807692307692 0.4891826923076923 0.038461538461538464 0.09014423076923077
4 0.3701923076923077 0.59375 0.21754807692307693 0.16826923076923078
1 0.3401442307692308 0.49399038461538464 0.028846153846153848 0.05889423076923077
2 0.44350961538461536 0.484375 0.019230769230769232 0.04807692307692308
2 0.6021634615384616 0.4579326923076923 0.014423076923076924 0.038461538461538464
1 0.5829326923076923 0.41225961538461536 0.014423076923076924 0.02283653846153846
1 0.5949519230769231 0.3954326923076923 0.010817307692307692 0.020432692307692308
3 0.33774038461538464 0.45913461538461536 0.008413461538461538 0.030048076923076924
1 0.3581730769230769 0.47836538461538464 0.025240384615384616 0.04326923076923077
1 0.37259615384615385 0.47716346153846156 0.019230769230769232 0.037259615384615384
1 0.3858173076923077 0.4735576923076923 0.02403846153846154 0.042067307692307696
2 0.4014423076923077 0.47475961538461536 0.010817307692307692 0.04807692307692308
4 0.5769230769230769 0.38822115384615385 0.006009615384615385 0.014423076923076924