3 0.6899038461538461 0.5 0.02403846153846154 0.078125
3 0.6598557692307693 0.49759615384615385 0.014423076923076924 0.055288461538461536
1 0.4026442307692308 0.5012019230769231 0.021634615384615384 0.03245192307692308
2 0.6358173076923077 0.5300480769230769 0.028846153846153848 0.10216346153846154
3 0.7235576923076923 0.5372596153846154 0.03365384615384615 0.1045673076923077
1 0.020432692307692308 0.5264423076923077 0.040865384615384616 0.0625
1 0.17067307692307693 0.5036057692307693 0.046875 0.054086538461538464
1 0.1310096153846154 0.5120192307692307 0.04807692307692308 0.04567307692307692
1 0.039663461538461536 0.5180288461538461 0.04807692307692308 0.0673076923076923
1 0.06971153846153846 0.515625 0.055288461538461536 0.0733173076923077
1 0.09375 0.5144230769230769 0.036057692307692304 0.06610576923076923
2 0.546875 0.5036057692307693 0.021634615384615384 0.039663461538461536
3 0.8341346153846154 0.5132211538461539 0.025240384615384616 0.10216346153846154