4 0.640625 0.4699519230769231 0.04447115384615385 0.09014423076923077
2 0.46634615384615385 0.4579326923076923 0.01201923076923077 0.038461538461538464
1 0.31490384615384615 0.5024038461538461 0.03485576923076923 0.054086538461538464
1 0.31971153846153844 0.4879807692307692 0.03125 0.05048076923076923
1 0.5324519230769231 0.5252403846153846 0.03485576923076923 0.06129807692307692
0 0.5997596153846154 0.5745192307692307 0.09615384615384616 0.15985576923076922
1 0.5757211538461539 0.4963942307692308 0.03125 0.03245192307692308
4 0.5108173076923077 0.49038461538461536 0.03485576923076923 0.07932692307692307
3 0.4110576923076923 0.46033653846153844 0.008413461538461538 0.042067307692307696
1 0.5300480769230769 0.4206730769230769 0.016826923076923076 0.018028846153846152
2 0.27524038461538464 0.47836538461538464 0.009615384615384616 0.042067307692307696
3 0.3401442307692308 0.46153846153846156 0.009615384615384616 0.02283653846153846
3 0.3581730769230769 0.49038461538461536 0.009615384615384616 0.051682692307692304
1 0.34134615384615385 0.5012019230769231 0.025240384615384616 0.037259615384615384
1 0.359375 0.484375 0.025240384615384616 0.04447115384615385
1 0.37259615384615385 0.47836538461538464 0.021634615384615384 0.039663461538461536
3 0.7055288461538461 0.6466346153846154 0.018028846153846152 0.09375
1 0.6021634615384616 0.39302884615384615 0.010817307692307692 0.013221153846153846
1 0.5877403846153846 0.3918269230769231 0.010817307692307692 0.014423076923076924
4 0.5901442307692307 0.40625 0.010817307692307692 0.02283653846153846
1 0.5516826923076923 0.4182692307692308 0.01201923076923077 0.021634615384615384
1 0.5600961538461539 0.4050480769230769 0.009615384615384616 0.016826923076923076
4 0.5721153846153846 0.4074519230769231 0.010817307692307692 0.021634615384615384
4 0.5769230769230769 0.4182692307692308 0.01201923076923077 0.025240384615384616
2 0.5745192307692307 0.4266826923076923 0.006009615384615385 0.018028846153846152