3 0.42788461538461536 0.4519230769230769 0.008413461538461538 0.038461538461538464
1 0.3425480769230769 0.5048076923076923 0.027644230769230768 0.04567307692307692
1 0.31490384615384615 0.5036057692307693 0.03485576923076923 0.052884615384615384
4 0.375 0.4807692307692308 0.02283653846153846 0.046875
1 0.578125 0.4362980769230769 0.016826923076923076 0.030048076923076924
0 0.5132211538461539 0.44350961538461536 0.03125 0.07091346153846154
0 0.4831730769230769 0.453125 0.037259615384615384 0.07451923076923077
1 0.31850961538461536 0.4855769230769231 0.027644230769230768 0.04807692307692308
0 0.5997596153846154 0.4567307692307692 0.03245192307692308 0.07091346153846154
3 0.19230769230769232 0.6466346153846154 0.03365384615384615 0.1201923076923077
4 0.640625 0.48677884615384615 0.04326923076923077 0.09495192307692307
1 0.3389423076923077 0.4879807692307692 0.028846153846153848 0.04326923076923077
4 0.35336538461538464 0.4735576923076923 0.030048076923076924 0.08173076923076923
1 0.5300480769230769 0.4254807692307692 0.019230769230769232 0.03485576923076923
1 0.5588942307692307 0.4074519230769231 0.009615384615384616 0.018028846153846152
1 0.578125 0.41346153846153844 0.01201923076923077 0.018028846153846152
1 0.6069711538461539 0.41947115384615385 0.013221153846153846 0.016826923076923076
0 0.5757211538461539 0.390625 0.014423076923076924 0.021634615384615384
1 0.5685096153846154 0.4098557692307692 0.01201923076923077 0.016826923076923076
0 0.5901442307692307 0.41346153846153844 0.010817307692307692 0.02403846153846154
1 0.5973557692307693 0.4026442307692308 0.010817307692307692 0.018028846153846152