1 0.5913461538461539 0.4254807692307692 0.014423076923076924 0.026442307692307692
1 0.5264423076923077 0.421875 0.01201923076923077 0.019230769230769232
4 0.3016826923076923 0.49399038461538464 0.039663461538461536 0.0889423076923077
1 0.44471153846153844 0.5036057692307693 0.03485576923076923 0.06370192307692307
1 0.5036057692307693 0.4639423076923077 0.025240384615384616 0.040865384615384616
4 0.6418269230769231 0.4879807692307692 0.04326923076923077 0.09134615384615384
1 0.38221153846153844 0.6526442307692307 0.08173076923076923 0.11658653846153846
3 0.3858173076923077 0.4723557692307692 0.008413461538461538 0.04927884615384615
4 0.5528846153846154 0.4266826923076923 0.042067307692307696 0.038461538461538464
1 0.59375 0.39302884615384615 0.01201923076923077 0.018028846153846152
1 0.5733173076923077 0.3918269230769231 0.014423076923076924 0.019230769230769232
1 0.32211538461538464 0.4963942307692308 0.02283653846153846 0.05889423076923077
1 0.3401442307692308 0.4963942307692308 0.027644230769230768 0.051682692307692304
1 0.359375 0.4855769230769231 0.025240384615384616 0.04447115384615385
1 0.3737980769230769 0.4795673076923077 0.021634615384615384 0.040865384615384616
2 0.3798076923076923 0.5 0.015625 0.05048076923076923