1 0.040865384615384616 0.5132211538461539 0.038461538461538464 0.054086538461538464
2 0.6526442307692307 0.5144230769230769 0.02403846153846154 0.09495192307692307
3 0.8040865384615384 0.5072115384615384 0.028846153846153848 0.1201923076923077
3 0.1346153846153846 0.49399038461538464 0.014423076923076924 0.042067307692307696
1 0.08653846153846154 0.5024038461538461 0.06610576923076923 0.07451923076923077
3 0.6778846153846154 0.5 0.016826923076923076 0.0625
1 0.026442307692307692 0.5168269230769231 0.051682692307692304 0.05889423076923077
4 0.35336538461538464 0.49038461538461536 0.040865384615384616 0.06129807692307692
3 0.921875 0.5805288461538461 0.055288461538461536 0.18389423076923078
1 0.5588942307692307 0.5036057692307693 0.028846153846153848 0.02283653846153846
3 0.7259615384615384 0.4963942307692308 0.021634615384615384 0.0733173076923077