4 0.35697115384615385 0.4699519230769231 0.03245192307692308 0.08052884615384616
4 0.5528846153846154 0.421875 0.019230769230769232 0.038461538461538464
1 0.375 0.47596153846153844 0.020432692307692308 0.042067307692307696
1 0.34375 0.5036057692307693 0.030048076923076924 0.046875
1 0.31490384615384615 0.5 0.03245192307692308 0.054086538461538464
2 0.4170673076923077 0.4735576923076923 0.013221153846153846 0.05048076923076923
1 0.5 0.46875 0.028846153846153848 0.05048076923076923
4 0.6442307692307693 0.47836538461538464 0.04807692307692308 0.1141826923076923
2 0.6117788461538461 0.5709134615384616 0.018028846153846152 0.0733173076923077
2 0.5060096153846154 0.4230769230769231 0.007211538461538462 0.030048076923076924
1 0.5276442307692307 0.41947115384615385 0.01201923076923077 0.018028846153846152
1 0.6009615384615384 0.42427884615384615 0.015625 0.026442307692307692
1 0.5925480769230769 0.41947115384615385 0.010817307692307692 0.021634615384615384
4 0.6009615384615384 0.39783653846153844 0.01201923076923077 0.021634615384615384
1 0.6045673076923077 0.41947115384615385 0.014423076923076924 0.026442307692307692
1 0.5625 0.421875 0.013221153846153846 0.026442307692307692
1 0.5745192307692307 0.421875 0.016826923076923076 0.03485576923076923
1 0.5721153846153846 0.4014423076923077 0.019230769230769232 0.02283653846153846
1 0.5721153846153846 0.39302884615384615 0.01201923076923077 0.016826923076923076
1 0.5757211538461539 0.3894230769230769 0.013221153846153846 0.021634615384615384
3 0.27283653846153844 0.47836538461538464 0.01201923076923077 0.06129807692307692
1 0.32091346153846156 0.4807692307692308 0.02403846153846154 0.038461538461538464
3 0.4483173076923077 0.4423076923076923 0.01201923076923077 0.038461538461538464
1 0.5276442307692307 0.4230769230769231 0.028846153846153848 0.018028846153846152