2 0.45913461538461536 0.44471153846153844 0.009615384615384616 0.038461538461538464
2 0.15144230769230768 0.5757211538461539 0.02283653846153846 0.09254807692307693
4 0.6430288461538461 0.4807692307692308 0.04326923076923077 0.10336538461538461
1 0.5625 0.4639423076923077 0.027644230769230768 0.042067307692307696
1 0.30528846153846156 0.6009615384615384 0.06490384615384616 0.1045673076923077
1 0.3137019230769231 0.5 0.03365384615384615 0.046875
1 0.31971153846153844 0.4831730769230769 0.025240384615384616 0.042067307692307696
1 0.3425480769230769 0.4951923076923077 0.026442307692307692 0.052884615384615384
4 0.35216346153846156 0.47115384615384615 0.03485576923076923 0.07211538461538461
1 0.375 0.47836538461538464 0.019230769230769232 0.040865384615384616
3 0.40625 0.45072115384615385 0.01201923076923077 0.03485576923076923
1 0.5276442307692307 0.4206730769230769 0.01201923076923077 0.018028846153846152
3 0.515625 0.4230769230769231 0.007211538461538462 0.016826923076923076
1 0.5360576923076923 0.4170673076923077 0.010817307692307692 0.018028846153846152
4 0.5516826923076923 0.4266826923076923 0.021634615384615384 0.037259615384615384
0 0.5625 0.41225961538461536 0.016826923076923076 0.03245192307692308
1 0.5709134615384616 0.41586538461538464 0.008413461538461538 0.015625
1 0.59375 0.4026442307692308 0.009615384615384616 0.015625
1 0.5865384615384616 0.4170673076923077 0.016826923076923076 0.02403846153846154