1 0.5625 0.42908653846153844 0.016826923076923076 0.028846153846153848
4 0.30649038461538464 0.5192307692307693 0.05048076923076923 0.10697115384615384
1 0.5949519230769231 0.43028846153846156 0.013221153846153846 0.030048076923076924
4 0.5384615384615384 0.4375 0.02283653846153846 0.04447115384615385
2 0.40865384615384615 0.4735576923076923 0.010817307692307692 0.05048076923076923
3 0.7007211538461539 0.6911057692307693 0.04447115384615385 0.10576923076923077
1 0.31850961538461536 0.4855769230769231 0.027644230769230768 0.046875
1 0.30288461538461536 0.5985576923076923 0.06370192307692307 0.09254807692307693
4 0.3545673076923077 0.47115384615384615 0.036057692307692304 0.0829326923076923
4 0.640625 0.4831730769230769 0.042067307692307696 0.09495192307692307
2 0.13221153846153846 0.5805288461538461 0.014423076923076924 0.0889423076923077
1 0.3425480769230769 0.49759615384615385 0.027644230769230768 0.057692307692307696
1 0.375 0.4795673076923077 0.021634615384615384 0.040865384615384616
1 0.5204326923076923 0.4230769230769231 0.015625 0.025240384615384616
4 0.5372596153846154 0.41346153846153844 0.026442307692307692 0.039663461538461536
1 0.5733173076923077 0.4230769230769231 0.015625 0.026442307692307692
1 0.5612980769230769 0.40865384615384615 0.010817307692307692 0.026442307692307692
4 0.5685096153846154 0.4074519230769231 0.015625 0.030048076923076924
4 0.5733173076923077 0.3954326923076923 0.015625 0.037259615384615384
0 0.6225961538461539 0.39663461538461536 0.020432692307692308 0.03485576923076923
4 0.6117788461538461 0.42788461538461536 0.02403846153846154 0.046875
1 0.5985576923076923 0.39663461538461536 0.010817307692307692 0.021634615384615384
1 0.6081730769230769 0.39663461538461536 0.010817307692307692 0.019230769230769232