1 0.515625 0.421875 0.015625 0.025240384615384616
1 0.5649038461538461 0.42908653846153844 0.016826923076923076 0.027644230769230768
4 0.19831730769230768 0.5805288461538461 0.07451923076923077 0.12860576923076922
1 0.5540865384615384 0.43028846153846156 0.016826923076923076 0.026442307692307692
1 0.3137019230769231 0.5012019230769231 0.03365384615384615 0.05048076923076923
1 0.35336538461538464 0.4963942307692308 0.055288461538461536 0.056490384615384616
1 0.47596153846153844 0.4579326923076923 0.025240384615384616 0.038461538461538464
4 0.5072115384615384 0.4567307692307692 0.026442307692307692 0.055288461538461536
1 0.29927884615384615 0.6262019230769231 0.07091346153846154 0.10817307692307693
4 0.640625 0.48677884615384615 0.04326923076923077 0.09495192307692307
1 0.5288461538461539 0.4254807692307692 0.014423076923076924 0.027644230769230768
4 0.5396634615384616 0.4170673076923077 0.015625 0.040865384615384616
1 0.6045673076923077 0.4254807692307692 0.013221153846153846 0.02403846153846154
2 0.5925480769230769 0.4182692307692308 0.013221153846153846 0.030048076923076924
0 0.5456730769230769 0.4050480769230769 0.026442307692307692 0.02403846153846154
0 0.5949519230769231 0.3918269230769231 0.010817307692307692 0.014423076923076924
1 0.5600961538461539 0.40625 0.01201923076923077 0.020432692307692308
4 0.35336538461538464 0.45552884615384615 0.030048076923076924 0.042067307692307696
2 0.3894230769230769 0.49399038461538464 0.01201923076923077 0.057692307692307696
1 0.375 0.4699519230769231 0.013221153846153846 0.026442307692307692