1 0.14903846153846154 0.6286057692307693 0.04807692307692308 0.28966346153846156
1 0.3762019230769231 0.4795673076923077 0.020432692307692308 0.042067307692307696
2 0.5552884615384616 0.5685096153846154 0.019230769230769232 0.07692307692307693
1 0.31490384615384615 0.5 0.038461538461538464 0.06009615384615385
4 0.6418269230769231 0.4879807692307692 0.04326923076923077 0.09615384615384616
1 0.43149038461538464 0.5240384615384616 0.03365384615384615 0.07091346153846154
1 0.17908653846153846 0.6153846153846154 0.03245192307692308 0.09254807692307693
1 0.5180288461538461 0.4230769230769231 0.015625 0.025240384615384616
0 0.5336538461538461 0.4182692307692308 0.019230769230769232 0.046875
1 0.6009615384615384 0.39302884615384615 0.010817307692307692 0.020432692307692308
2 0.5925480769230769 0.4182692307692308 0.010817307692307692 0.02283653846153846
4 0.35216346153846156 0.45913461538461536 0.03245192307692308 0.05048076923076923
4 0.35336538461538464 0.5144230769230769 0.046875 0.08653846153846154
3 0.40625 0.4519230769230769 0.009615384615384616 0.03125
1 0.6117788461538461 0.421875 0.01201923076923077 0.018028846153846152
1 0.5504807692307693 0.4326923076923077 0.016826923076923076 0.021634615384615384
1 0.5564903846153846 0.43028846153846156 0.01201923076923077 0.025240384615384616
4 0.5492788461538461 0.4110576923076923 0.015625 0.021634615384615384