1 0.5480769230769231 0.4230769230769231 0.015625 0.03245192307692308
2 0.4651442307692308 0.4362980769230769 0.010817307692307692 0.03485576923076923
4 0.6442307692307693 0.4831730769230769 0.04807692307692308 0.0985576923076923
1 0.5060096153846154 0.453125 0.027644230769230768 0.04567307692307692
2 0.4387019230769231 0.46153846153846156 0.018028846153846152 0.04927884615384615
1 0.3161057692307692 0.49399038461538464 0.03485576923076923 0.054086538461538464
1 0.6430288461538461 0.5612980769230769 0.038461538461538464 0.06610576923076923
1 0.3293269230769231 0.5877403846153846 0.051682692307692304 0.07932692307692307
1 0.39302884615384615 0.6370192307692307 0.06009615384615385 0.12980769230769232
1 0.16947115384615385 0.6370192307692307 0.08653846153846154 0.12740384615384615
4 0.1502403846153846 0.546875 0.04927884615384615 0.2127403846153846
1 0.3317307692307692 0.4963942307692308 0.021634615384615384 0.04927884615384615
1 0.3401442307692308 0.49158653846153844 0.028846153846153848 0.057692307692307696
1 0.35336538461538464 0.4831730769230769 0.028846153846153848 0.05048076923076923
1 0.37259615384615385 0.47596153846153844 0.027644230769230768 0.04567307692307692
3 0.4651442307692308 0.4182692307692308 0.009615384615384616 0.03245192307692308
4 0.6105769230769231 0.5420673076923077 0.04326923076923077 0.07572115384615384
1 0.5276442307692307 0.4170673076923077 0.013221153846153846 0.020432692307692308
1 0.6045673076923077 0.38822115384615385 0.010817307692307692 0.018028846153846152
1 0.5697115384615384 0.41947115384615385 0.013221153846153846 0.025240384615384616
1 0.5865384615384616 0.4254807692307692 0.013221153846153846 0.02283653846153846
1 0.59375 0.41586538461538464 0.014423076923076924 0.02403846153846154
3 0.7211538461538461 0.6189903846153846 0.018028846153846152 0.09495192307692307
3 0.7524038461538461 0.6021634615384616 0.016826923076923076 0.09495192307692307