0 0.5745192307692307 0.40384615384615385 0.015625 0.03485576923076923
1 0.5288461538461539 0.41586538461538464 0.018028846153846152 0.021634615384615384
1 0.5612980769230769 0.421875 0.016826923076923076 0.027644230769230768
1 0.546875 0.4254807692307692 0.015625 0.030048076923076924
1 0.6454326923076923 0.5588942307692307 0.042067307692307696 0.06610576923076923
1 0.375 0.48197115384615385 0.02283653846153846 0.05048076923076923
2 0.4230769230769231 0.4879807692307692 0.016826923076923076 0.04927884615384615
1 0.33653846153846156 0.49158653846153844 0.026442307692307692 0.054086538461538464
1 0.3125 0.49399038461538464 0.03125 0.051682692307692304
1 0.3581730769230769 0.484375 0.027644230769230768 0.055288461538461536
1 0.4807692307692308 0.47475961538461536 0.030048076923076924 0.04807692307692308
1 0.5132211538461539 0.4951923076923077 0.03245192307692308 0.05889423076923077
4 0.6478365384615384 0.4795673076923077 0.054086538461538464 0.10096153846153846
1 0.22115384615384615 0.6983173076923077 0.19951923076923078 0.5132211538461539
2 0.45072115384615385 0.44711538461538464 0.010817307692307692 0.042067307692307696
3 0.75 0.5961538461538461 0.016826923076923076 0.0733173076923077
3 0.6971153846153846 0.6201923076923077 0.019230769230769232 0.0985576923076923
1 0.59375 0.41586538461538464 0.013221153846153846 0.026442307692307692
1 0.6009615384615384 0.38461538461538464 0.008413461538461538 0.016826923076923076