2 0.1502403846153846 0.5925480769230769 0.037259615384615384 0.09014423076923077
1 0.21514423076923078 0.6358173076923077 0.125 0.21153846153846154
1 0.6514423076923077 0.5240384615384616 0.036057692307692304 0.07451923076923077
1 0.3173076923076923 0.5973557692307693 0.06129807692307692 0.09735576923076923
1 0.359375 0.5733173076923077 0.052884615384615384 0.09254807692307693
1 0.4026442307692308 0.5360576923076923 0.038461538461538464 0.07692307692307693
1 0.3161057692307692 0.4987980769230769 0.037259615384615384 0.05048076923076923
1 0.33413461538461536 0.49759615384615385 0.025240384615384616 0.04567307692307692
1 0.3401442307692308 0.49038461538461536 0.03125 0.054086538461538464
1 0.3605769230769231 0.4795673076923077 0.026442307692307692 0.04567307692307692
1 0.375 0.47596153846153844 0.019230769230769232 0.040865384615384616
4 0.6334134615384616 0.49158653846153844 0.027644230769230768 0.07692307692307693
1 0.515625 0.4230769230769231 0.015625 0.026442307692307692
1 0.5288461538461539 0.41586538461538464 0.01201923076923077 0.019230769230769232
0 0.5492788461538461 0.41225961538461536 0.020432692307692308 0.042067307692307696
1 0.5817307692307693 0.4326923076923077 0.015625 0.030048076923076924
1 0.5925480769230769 0.4110576923076923 0.009615384615384616 0.021634615384615384
1 0.5841346153846154 0.40625 0.010817307692307692 0.021634615384615384
1 0.6057692307692307 0.3894230769230769 0.009615384615384616 0.016826923076923076
1 0.5889423076923077 0.3870192307692308 0.008413461538461538 0.018028846153846152
1 0.59375 0.3894230769230769 0.007211538461538462 0.014423076923076924