2 0.6225961538461539 0.5504807692307693 0.018028846153846152 0.06971153846153846
3 0.6117788461538461 0.5024038461538461 0.014423076923076924 0.055288461538461536
0 0.609375 0.4362980769230769 0.028846153846153848 0.06129807692307692
1 0.16826923076923078 0.6262019230769231 0.08413461538461539 0.14182692307692307
1 0.24639423076923078 0.6322115384615384 0.078125 0.12860576923076922
1 0.36778846153846156 0.5697115384615384 0.054086538461538464 0.10576923076923077
3 0.2668269230769231 0.5228365384615384 0.013221153846153846 0.06610576923076923
0 0.21995192307692307 0.5612980769230769 0.078125 0.17427884615384615
1 0.3161057692307692 0.4987980769230769 0.03485576923076923 0.046875
1 0.33413461538461536 0.4963942307692308 0.02403846153846154 0.046875
1 0.3425480769230769 0.49038461538461536 0.030048076923076924 0.054086538461538464
1 0.3605769230769231 0.4795673076923077 0.026442307692307692 0.04927884615384615
1 0.375 0.47596153846153844 0.020432692307692308 0.04326923076923077
4 0.6454326923076923 0.48677884615384615 0.04567307692307692 0.09975961538461539
1 0.6129807692307693 0.4026442307692308 0.008413461538461538 0.016826923076923076
1 0.5288461538461539 0.4170673076923077 0.015625 0.021634615384615384
1 0.5564903846153846 0.42788461538461536 0.020432692307692308 0.026442307692307692
1 0.5841346153846154 0.4362980769230769 0.016826923076923076 0.027644230769230768
1 0.578125 0.4170673076923077 0.01201923076923077 0.021634615384615384
1 0.5685096153846154 0.4074519230769231 0.016826923076923076 0.019230769230769232
4 0.5817307692307693 0.3954326923076923 0.015625 0.03365384615384615
4 0.6009615384615384 0.3870192307692308 0.015625 0.030048076923076924
3 0.13581730769230768 0.5408653846153846 0.019230769230769232 0.08413461538461539
1 0.6430288461538461 0.5216346153846154 0.03245192307692308 0.06490384615384616