1 0.22355769230769232 0.5841346153846154 0.05889423076923077 0.08052884615384616
1 0.32091346153846156 0.6081730769230769 0.054086538461538464 0.0829326923076923
2 0.6418269230769231 0.6802884615384616 0.03485576923076923 0.11057692307692307
4 0.6442307692307693 0.49278846153846156 0.05048076923076923 0.09014423076923077
3 0.2860576923076923 0.4963942307692308 0.01201923076923077 0.055288461538461536
1 0.3161057692307692 0.4987980769230769 0.03245192307692308 0.05048076923076923
1 0.33413461538461536 0.49759615384615385 0.02403846153846154 0.04807692307692308
1 0.35697115384615385 0.4963942307692308 0.028846153846153848 0.04927884615384615
1 0.38221153846153844 0.49759615384615385 0.03365384615384615 0.055288461538461536
1 0.36658653846153844 0.4699519230769231 0.03485576923076923 0.03125
2 0.5348557692307693 0.4254807692307692 0.010817307692307692 0.028846153846153848
0 0.5673076923076923 0.4098557692307692 0.015625 0.038461538461538464
4 0.5805288461538461 0.40384615384615385 0.018028846153846152 0.042067307692307696
1 0.6033653846153846 0.3894230769230769 0.01201923076923077 0.018028846153846152
1 0.5949519230769231 0.39302884615384615 0.009615384615384616 0.016826923076923076
1 0.5949519230769231 0.4074519230769231 0.010817307692307692 0.02283653846153846
1 0.6442307692307693 0.5216346153846154 0.03125 0.05889423076923077