1 0.5925480769230769 0.38341346153846156 0.015625 0.030048076923076924
4 0.6430288461538461 0.48677884615384615 0.05048076923076923 0.09615384615384616
2 0.5973557692307693 0.6634615384615384 0.025240384615384616 0.09014423076923077
0 0.5036057692307693 0.5985576923076923 0.13341346153846154 0.2548076923076923
4 0.26802884615384615 0.5769230769230769 0.14543269230769232 0.3076923076923077
1 0.16826923076923078 0.6346153846153846 0.08173076923076923 0.11899038461538461
1 0.4206730769230769 0.6237980769230769 0.04326923076923077 0.10576923076923077
4 0.1466346153846154 0.5528846153846154 0.040865384615384616 0.1466346153846154
1 0.35697115384615385 0.4795673076923077 0.03125 0.046875
1 0.3737980769230769 0.47596153846153844 0.02283653846153846 0.046875
2 0.484375 0.42788461538461536 0.013221153846153846 0.030048076923076924
1 0.5204326923076923 0.41346153846153844 0.015625 0.030048076923076924
0 0.5408653846153846 0.4098557692307692 0.020432692307692308 0.038461538461538464
1 0.5588942307692307 0.4230769230769231 0.015625 0.026442307692307692
1 0.5793269230769231 0.4170673076923077 0.014423076923076924 0.028846153846153848
1 0.6430288461538461 0.5192307692307693 0.03125 0.0625