3 0.28365384615384615 0.5072115384615384 0.015625 0.05889423076923077
1 0.3161057692307692 0.4987980769230769 0.03365384615384615 0.05048076923076923
1 0.33413461538461536 0.4963942307692308 0.02403846153846154 0.05048076923076923
1 0.34375 0.49158653846153844 0.027644230769230768 0.054086538461538464
1 0.3605769230769231 0.48197115384615385 0.027644230769230768 0.04807692307692308
1 0.375 0.47716346153846156 0.02283653846153846 0.046875
1 0.4567307692307692 0.4723557692307692 0.028846153846153848 0.046875
1 0.36778846153846156 0.5661057692307693 0.04927884615384615 0.07451923076923077
2 0.6165865384615384 0.6983173076923077 0.06610576923076923 0.20192307692307693
1 0.6442307692307693 0.5192307692307693 0.028846153846153848 0.06490384615384616
4 0.6442307692307693 0.49158653846153844 0.05048076923076923 0.08173076923076923
1 0.5288461538461539 0.4170673076923077 0.014423076923076924 0.020432692307692308
2 0.5528846153846154 0.4170673076923077 0.009615384615384616 0.026442307692307692
0 0.5733173076923077 0.40384615384615385 0.018028846153846152 0.03485576923076923
1 0.5877403846153846 0.4206730769230769 0.014423076923076924 0.02283653846153846
0 0.6057692307692307 0.41947115384615385 0.026442307692307692 0.06370192307692307
4 0.5925480769230769 0.39663461538461536 0.015625 0.027644230769230768
1 0.5841346153846154 0.40384615384615385 0.009615384615384616 0.016826923076923076