3 0.30649038461538464 0.4735576923076923 0.01201923076923077 0.039663461538461536
1 0.31490384615384615 0.4963942307692308 0.03365384615384615 0.04927884615384615
1 0.33413461538461536 0.4963942307692308 0.02403846153846154 0.05048076923076923
1 0.359375 0.4807692307692308 0.028846153846153848 0.04807692307692308
1 0.37259615384615385 0.47596153846153844 0.02403846153846154 0.046875
2 0.39663461538461536 0.45913461538461536 0.016826923076923076 0.046875
1 0.45072115384615385 0.49158653846153844 0.037259615384615384 0.05889423076923077
0 0.46033653846153844 0.44350961538461536 0.036057692307692304 0.07211538461538461
1 0.4879807692307692 0.46875 0.026442307692307692 0.04927884615384615
2 0.6706730769230769 0.6850961538461539 0.037259615384615384 0.11177884615384616
1 0.7367788461538461 0.6598557692307693 0.06009615384615385 0.09014423076923077
1 0.6466346153846154 0.5180288461538461 0.030048076923076924 0.0625
0 0.6153846153846154 0.43028846153846156 0.03245192307692308 0.0625
4 0.6346153846153846 0.4891826923076923 0.03125 0.078125
4 0.5456730769230769 0.4098557692307692 0.02403846153846154 0.05048076923076923
1 0.5288461538461539 0.4170673076923077 0.013221153846153846 0.020432692307692308
1 0.5528846153846154 0.4254807692307692 0.019230769230769232 0.027644230769230768
1 0.5757211538461539 0.41466346153846156 0.013221153846153846 0.027644230769230768
1 0.5913461538461539 0.4110576923076923 0.01201923076923077 0.025240384615384616
1 0.5985576923076923 0.4206730769230769 0.010817307692307692 0.030048076923076924