4 0.5697115384615384 0.4206730769230769 0.027644230769230768 0.039663461538461536
1 0.3918269230769231 0.4795673076923077 0.02403846153846154 0.05048076923076923
0 0.5721153846153846 0.47836538461538464 0.04447115384615385 0.0985576923076923
1 0.5492788461538461 0.4254807692307692 0.02283653846153846 0.03485576923076923
1 0.3713942307692308 0.47836538461538464 0.025240384615384616 0.051682692307692304
1 0.35697115384615385 0.48197115384615385 0.028846153846153848 0.054086538461538464
1 0.31490384615384615 0.4951923076923077 0.03485576923076923 0.054086538461538464
1 0.33413461538461536 0.49759615384615385 0.02403846153846154 0.056490384615384616
4 0.6430288461538461 0.49399038461538464 0.05048076923076923 0.11298076923076923
0 0.5252403846153846 0.4170673076923077 0.02403846153846154 0.052884615384615384
1 0.6370192307692307 0.6514423076923077 0.12620192307692307 0.11057692307692307
4 0.4495192307692308 0.5661057692307693 0.11538461538461539 0.20192307692307693
3 0.140625 0.5396634615384616 0.016826923076923076 0.08413461538461539
2 0.4182692307692308 0.4543269230769231 0.015625 0.039663461538461536
1 0.5997596153846154 0.39302884615384615 0.008413461538461538 0.018028846153846152
0 0.5709134615384616 0.39903846153846156 0.015625 0.021634615384615384