1 0.5372596153846154 0.42788461538461536 0.019230769230769232 0.030048076923076924
4 0.6418269230769231 0.4855769230769231 0.04567307692307692 0.0829326923076923
1 0.3737980769230769 0.47475961538461536 0.02403846153846154 0.04567307692307692
2 0.40625 0.4567307692307692 0.014423076923076924 0.046875
1 0.33413461538461536 0.49399038461538464 0.021634615384615384 0.04927884615384615
1 0.3137019230769231 0.49278846153846156 0.03125 0.054086538461538464
1 0.3581730769230769 0.47836538461538464 0.028846153846153848 0.054086538461538464
0 0.5168269230769231 0.4098557692307692 0.025240384615384616 0.052884615384615384
1 0.22596153846153846 0.6225961538461539 0.07451923076923077 0.13942307692307693
0 0.5949519230769231 0.4639423076923077 0.038461538461538464 0.08653846153846154
4 0.4675480769230769 0.5228365384615384 0.07091346153846154 0.17908653846153846
3 0.140625 0.5348557692307693 0.019230769230769232 0.0829326923076923
3 0.31490384615384615 0.4579326923076923 0.01201923076923077 0.04447115384615385
4 0.5805288461538461 0.4230769230769231 0.025240384615384616 0.05889423076923077
1 0.5961538461538461 0.39663461538461536 0.010817307692307692 0.020432692307692308
0 0.5697115384615384 0.40384615384615385 0.015625 0.036057692307692304
1 0.6430288461538461 0.5216346153846154 0.03245192307692308 0.05889423076923077