1 0.5865384615384616 0.39663461538461536 0.019230769230769232 0.026442307692307692
1 0.3737980769230769 0.47596153846153844 0.025240384615384616 0.05048076923076923
0 0.5072115384615384 0.4074519230769231 0.026442307692307692 0.039663461538461536
2 0.3954326923076923 0.45913461538461536 0.015625 0.046875
1 0.31850961538461536 0.49158653846153844 0.036057692307692304 0.056490384615384616
1 0.33533653846153844 0.49158653846153844 0.025240384615384616 0.054086538461538464
0 0.6033653846153846 0.44711538461538464 0.036057692307692304 0.08173076923076923
1 0.35697115384615385 0.47836538461538464 0.03125 0.054086538461538464
4 0.5600961538461539 0.41225961538461536 0.03365384615384615 0.06370192307692307
2 0.6622596153846154 0.7704326923076923 0.10817307692307693 0.37259615384615385
4 0.5084134615384616 0.4879807692307692 0.056490384615384616 0.13341346153846154
4 0.6430288461538461 0.48677884615384615 0.04807692307692308 0.09014423076923077
1 0.5336538461538461 0.42908653846153844 0.016826923076923076 0.030048076923076924
3 0.30528846153846156 0.46274038461538464 0.015625 0.051682692307692304
3 0.14182692307692307 0.5324519230769231 0.013221153846153846 0.08173076923076923
1 0.6442307692307693 0.5180288461538461 0.03245192307692308 0.0625