1 0.5528846153846154 0.421875 0.019230769230769232 0.030048076923076924
0 0.484375 0.42788461538461536 0.030048076923076924 0.06009615384615385
1 0.5793269230769231 0.41225961538461536 0.015625 0.030048076923076924
1 0.5120192307692307 0.4483173076923077 0.020432692307692308 0.038461538461538464
1 0.6418269230769231 0.5108173076923077 0.04326923076923077 0.07932692307692307
1 0.49759615384615385 0.46033653846153844 0.025240384615384616 0.04326923076923077
4 0.6490384615384616 0.48197115384615385 0.06009615384615385 0.11778846153846154
0 0.6081730769230769 0.4338942307692308 0.03365384615384615 0.06610576923076923
4 0.33774038461538464 0.4519230769230769 0.140625 0.12139423076923077
2 0.640625 0.6790865384615384 0.040865384615384616 0.14783653846153846
1 0.45913461538461536 0.640625 0.09134615384615384 0.1875
1 0.31490384615384615 0.49399038461538464 0.03125 0.05048076923076923
1 0.3329326923076923 0.49038461538461536 0.02403846153846154 0.051682692307692304
0 0.546875 0.40625 0.015625 0.036057692307692304
1 0.5901442307692307 0.41225961538461536 0.01201923076923077 0.03245192307692308
4 0.5216346153846154 0.4074519230769231 0.021634615384615384 0.038461538461538464
3 0.13822115384615385 0.5360576923076923 0.021634615384615384 0.0829326923076923