4 0.6153846153846154 0.4266826923076923 0.026442307692307692 0.054086538461538464
0 0.5540865384615384 0.4098557692307692 0.020432692307692308 0.036057692307692304
4 0.5889423076923077 0.5 0.03125 0.06009615384615385
2 0.6009615384615384 0.5492788461538461 0.018028846153846152 0.06009615384615385
4 0.5216346153846154 0.4050480769230769 0.026442307692307692 0.05889423076923077
1 0.31490384615384615 0.4951923076923077 0.03485576923076923 0.052884615384615384
1 0.1502403846153846 0.625 0.04567307692307692 0.15865384615384615
1 0.3545673076923077 0.578125 0.05048076923076923 0.09014423076923077
4 0.36177884615384615 0.4891826923076923 0.05889423076923077 0.10336538461538461
2 0.6670673076923077 0.7367788461538461 0.07572115384615384 0.27163461538461536
3 0.14182692307692307 0.5288461538461539 0.015625 0.07211538461538461
2 0.3942307692307692 0.45913461538461536 0.014423076923076924 0.04927884615384615
1 0.6418269230769231 0.4879807692307692 0.04567307692307692 0.0829326923076923
1 0.5288461538461539 0.41947115384615385 0.018028846153846152 0.03485576923076923
1 0.5757211538461539 0.4074519230769231 0.009615384615384616 0.019230769230769232
1 0.5913461538461539 0.4098557692307692 0.010817307692307692 0.018028846153846152
1 0.5925480769230769 0.40384615384615385 0.008413461538461538 0.018028846153846152
1 0.5528846153846154 0.4254807692307692 0.019230769230769232 0.030048076923076924
0 0.6021634615384616 0.3870192307692308 0.010817307692307692 0.02283653846153846