4 0.5180288461538461 0.40865384615384615 0.025240384615384616 0.06610576923076923
4 0.640625 0.4855769230769231 0.04807692307692308 0.09375
1 0.3701923076923077 0.4807692307692308 0.025240384615384616 0.04927884615384615
1 0.5685096153846154 0.43028846153846156 0.019230769230769232 0.028846153846153848
2 0.3954326923076923 0.4579326923076923 0.019230769230769232 0.056490384615384616
1 0.33413461538461536 0.4987980769230769 0.02403846153846154 0.056490384615384616
1 0.3173076923076923 0.49759615384615385 0.038461538461538464 0.055288461538461536
1 0.3581730769230769 0.48197115384615385 0.03125 0.052884615384615384
2 0.6802884615384616 0.6778846153846154 0.03245192307692308 0.12740384615384615
0 0.21995192307692307 0.53125 0.07451923076923077 0.15504807692307693
4 0.5036057692307693 0.5949519230769231 0.12620192307692307 0.26322115384615385
3 0.14182692307692307 0.5396634615384616 0.020432692307692308 0.078125
0 0.5564903846153846 0.41947115384615385 0.020432692307692308 0.046875
1 0.5180288461538461 0.4230769230769231 0.016826923076923076 0.03245192307692308
1 0.5829326923076923 0.39903846153846156 0.013221153846153846 0.021634615384615384
1 0.5913461538461539 0.4110576923076923 0.013221153846153846 0.02403846153846154