4 0.5661057692307693 0.4074519230769231 0.02283653846153846 0.056490384615384616
1 0.5288461538461539 0.4170673076923077 0.014423076923076924 0.021634615384615384
4 0.640625 0.4831730769230769 0.04326923076923077 0.09735576923076923
1 0.37740384615384615 0.47596153846153844 0.026442307692307692 0.046875
2 0.39783653846153844 0.45913461538461536 0.018028846153846152 0.05048076923076923
1 0.33533653846153844 0.49759615384615385 0.02403846153846154 0.055288461538461536
1 0.4411057692307692 0.47596153846153844 0.030048076923076924 0.055288461538461536
1 0.31490384615384615 0.4963942307692308 0.03485576923076923 0.054086538461538464
1 0.359375 0.4795673076923077 0.027644230769230768 0.054086538461538464
1 0.16706730769230768 0.6454326923076923 0.08413461538461539 0.24278846153846154
4 0.5576923076923077 0.5372596153846154 0.08533653846153846 0.19110576923076922
1 0.5961538461538461 0.3894230769230769 0.009615384615384616 0.013221153846153846