1 0.5925480769230769 0.38341346153846156 0.010817307692307692 0.018028846153846152
1 0.6057692307692307 0.38341346153846156 0.010817307692307692 0.019230769230769232
1 0.5288461538461539 0.4110576923076923 0.01201923076923077 0.019230769230769232
4 0.5564903846153846 0.40625 0.02403846153846154 0.05889423076923077
4 0.5901442307692307 0.4519230769230769 0.038461538461538464 0.1045673076923077
4 0.6454326923076923 0.4807692307692308 0.04927884615384615 0.10336538461538461
1 0.5552884615384616 0.4579326923076923 0.02403846153846154 0.042067307692307696
4 0.49038461538461536 0.4074519230769231 0.052884615384615384 0.054086538461538464
1 0.31490384615384615 0.49399038461538464 0.03245192307692308 0.046875
4 0.37259615384615385 0.4567307692307692 0.14302884615384615 0.12740384615384615
4 0.3629807692307692 0.6045673076923077 0.08653846153846154 0.19951923076923078
1 0.23076923076923078 0.5745192307692307 0.054086538461538464 0.10336538461538461
2 0.6370192307692307 0.7848557692307693 0.14903846153846154 0.42908653846153844