1 0.13701923076923078 0.6201923076923077 0.02403846153846154 0.1201923076923077
4 0.28125 0.5456730769230769 0.1045673076923077 0.21995192307692307
4 0.3641826923076923 0.6069711538461539 0.08173076923076923 0.19471153846153846
1 0.33533653846153844 0.49158653846153844 0.021634615384615384 0.051682692307692304
1 0.3581730769230769 0.47716346153846156 0.028846153846153848 0.046875
1 0.3737980769230769 0.4735576923076923 0.02283653846153846 0.04447115384615385
2 0.3954326923076923 0.45552884615384615 0.018028846153846152 0.046875
0 0.49399038461538464 0.4519230769230769 0.039663461538461536 0.0829326923076923
1 0.5288461538461539 0.41225961538461536 0.013221153846153846 0.019230769230769232
4 0.5528846153846154 0.40865384615384615 0.026442307692307692 0.06610576923076923
1 0.578125 0.3942307692307692 0.009615384615384616 0.018028846153846152
1 0.5889423076923077 0.42427884615384615 0.015625 0.03125
4 0.6418269230769231 0.4855769230769231 0.04567307692307692 0.09014423076923077
2 0.6358173076923077 0.6370192307692307 0.027644230769230768 0.08413461538461539