1 0.31490384615384615 0.49158653846153844 0.03485576923076923 0.04927884615384615
1 0.33533653846153844 0.49278846153846156 0.02403846153846154 0.05048076923076923
1 0.3581730769230769 0.47596153846153844 0.030048076923076924 0.05048076923076923
1 0.37259615384615385 0.47115384615384615 0.02403846153846154 0.04326923076923077
2 0.3954326923076923 0.453125 0.014423076923076924 0.046875
0 0.42908653846153844 0.4963942307692308 0.057692307692307696 0.11538461538461539
3 0.49759615384615385 0.41586538461538464 0.007211538461538462 0.026442307692307692
4 0.53125 0.41947115384615385 0.03125 0.078125
1 0.5949519230769231 0.3858173076923077 0.009615384615384616 0.019230769230769232
1 0.5793269230769231 0.3954326923076923 0.014423076923076924 0.019230769230769232
1 0.5793269230769231 0.41586538461538464 0.013221153846153846 0.025240384615384616
1 0.5997596153846154 0.4182692307692308 0.013221153846153846 0.027644230769230768
4 0.6430288461538461 0.4831730769230769 0.04447115384615385 0.09014423076923077
2 0.6033653846153846 0.5480769230769231 0.019230769230769232 0.054086538461538464