1 0.31971153846153844 0.6286057692307693 0.078125 0.1502403846153846
0 0.5528846153846154 0.6045673076923077 0.2764423076923077 0.19591346153846154
4 0.6430288461538461 0.48677884615384615 0.04807692307692308 0.09014423076923077
2 0.5973557692307693 0.49759615384615385 0.018028846153846152 0.04447115384615385
1 0.31490384615384615 0.49278846153846156 0.03125 0.04807692307692308
1 0.33413461538461536 0.49278846153846156 0.021634615384615384 0.04807692307692308
1 0.359375 0.47475961538461536 0.027644230769230768 0.046875
1 0.3762019230769231 0.47115384615384615 0.020432692307692308 0.040865384615384616
2 0.39663461538461536 0.4567307692307692 0.015625 0.04447115384615385
4 0.47836538461538464 0.4495192307692308 0.04326923076923077 0.11057692307692307
1 0.5288461538461539 0.4110576923076923 0.013221153846153846 0.021634615384615384
1 0.5612980769230769 0.4230769230769231 0.016826923076923076 0.026442307692307692
1 0.6069711538461539 0.41346153846153844 0.014423076923076924 0.028846153846153848