3 0.5300480769230769 0.5336538461538461 0.015625 0.06490384615384616
2 0.45072115384615385 0.4387019230769231 0.010817307692307692 0.03485576923076923
3 0.45913461538461536 0.42908653846153844 0.008413461538461538 0.03485576923076923
1 0.23677884615384615 0.6935096153846154 0.19230769230769232 0.27283653846153844
4 0.25240384615384615 0.546875 0.10216346153846154 0.12740384615384615
1 0.3581730769230769 0.47596153846153844 0.03125 0.046875
1 0.37259615384615385 0.4723557692307692 0.02283653846153846 0.046875
2 0.3954326923076923 0.4543269230769231 0.019230769230769232 0.04326923076923077
1 0.5288461538461539 0.41225961538461536 0.014423076923076924 0.018028846153846152
4 0.546875 0.40024038461538464 0.02283653846153846 0.04807692307692308
1 0.5769230769230769 0.4110576923076923 0.01201923076923077 0.030048076923076924
1 0.59375 0.4026442307692308 0.01201923076923077 0.019230769230769232
4 0.640625 0.47836538461538464 0.04326923076923077 0.09495192307692307
1 0.5901442307692307 0.38341346153846156 0.01201923076923077 0.021634615384615384
1 0.6033653846153846 0.38461538461538464 0.014423076923076924 0.021634615384615384
1 0.31490384615384615 0.49158653846153844 0.03125 0.046875
1 0.33413461538461536 0.49158653846153844 0.025240384615384616 0.046875