3 0.21995192307692307 0.5336538461538461 0.016826923076923076 0.07091346153846154
1 0.3161057692307692 0.49278846153846156 0.03485576923076923 0.054086538461538464
3 0.4495192307692308 0.4338942307692308 0.007211538461538462 0.03125
2 0.39663461538461536 0.47475961538461536 0.01201923076923077 0.046875
1 0.3581730769230769 0.47475961538461536 0.027644230769230768 0.046875
1 0.375 0.4723557692307692 0.021634615384615384 0.042067307692307696
2 0.39663461538461536 0.4579326923076923 0.015625 0.046875
1 0.5757211538461539 0.3954326923076923 0.013221153846153846 0.020432692307692308
1 0.5913461538461539 0.4026442307692308 0.01201923076923077 0.025240384615384616
1 0.5288461538461539 0.41225961538461536 0.014423076923076924 0.019230769230769232
4 0.5444711538461539 0.4014423076923077 0.02283653846153846 0.05048076923076923
1 0.5516826923076923 0.45552884615384615 0.02403846153846154 0.038461538461538464
4 0.6442307692307693 0.48197115384615385 0.04807692307692308 0.0889423076923077
1 0.5372596153846154 0.5853365384615384 0.056490384615384616 0.08413461538461539
1 0.33413461538461536 0.49158653846153844 0.025240384615384616 0.04807692307692308