3 0.16105769230769232 0.5576923076923077 0.020432692307692308 0.08533653846153846
2 0.203125 0.546875 0.019230769230769232 0.07692307692307693
3 0.43509615384615385 0.4362980769230769 0.008413461538461538 0.038461538461538464
1 0.3161057692307692 0.49158653846153844 0.036057692307692304 0.052884615384615384
1 0.359375 0.47596153846153844 0.03125 0.046875
1 0.3737980769230769 0.47115384615384615 0.02403846153846154 0.04326923076923077
2 0.3954326923076923 0.4543269230769231 0.016826923076923076 0.046875
1 0.4795673076923077 0.45913461538461536 0.027644230769230768 0.057692307692307696
1 0.43990384615384615 0.6165865384615384 0.078125 0.11057692307692307
1 0.5288461538461539 0.4110576923076923 0.014423076923076924 0.020432692307692308
4 0.5432692307692307 0.40024038461538464 0.019230769230769232 0.046875
1 0.59375 0.4026442307692308 0.01201923076923077 0.021634615384615384
1 0.5985576923076923 0.44711538461538464 0.02403846153846154 0.036057692307692304
4 0.6430288461538461 0.48677884615384615 0.04447115384615385 0.0829326923076923
1 0.33413461538461536 0.49158653846153844 0.02403846153846154 0.04807692307692308