3 0.59375 0.3894230769230769 0.004807692307692308 0.018028846153846152
1 0.5276442307692307 0.4110576923076923 0.013221153846153846 0.021634615384615384
1 0.5745192307692307 0.41346153846153844 0.015625 0.025240384615384616
4 0.5432692307692307 0.39903846153846156 0.020432692307692308 0.046875
1 0.140625 0.5925480769230769 0.028846153846153848 0.11057692307692307
2 0.4182692307692308 0.4675480769230769 0.015625 0.04326923076923077
3 0.42427884615384615 0.4411057692307692 0.008413461538461538 0.036057692307692304
1 0.31490384615384615 0.49278846153846156 0.03245192307692308 0.051682692307692304
2 0.3954326923076923 0.4543269230769231 0.016826923076923076 0.046875
1 0.33533653846153844 0.49158653846153844 0.02403846153846154 0.05048076923076923
1 0.359375 0.47475961538461536 0.027644230769230768 0.046875
1 0.375 0.4699519230769231 0.019230769230769232 0.04326923076923077
4 0.6418269230769231 0.4855769230769231 0.046875 0.0889423076923077
1 0.5276442307692307 0.47836538461538464 0.02403846153846154 0.054086538461538464
1 0.5060096153846154 0.5180288461538461 0.036057692307692304 0.05889423076923077
1 0.4735576923076923 0.5600961538461539 0.046875 0.07091346153846154
1 0.5432692307692307 0.5805288461538461 0.04927884615384615 0.08052884615384616
3 0.6009615384615384 0.3894230769230769 0.006009615384615385 0.020432692307692308