1 0.375 0.6394230769230769 0.06971153846153846 0.1310096153846154
1 0.3161057692307692 0.4963942307692308 0.03485576923076923 0.054086538461538464
1 0.33533653846153844 0.4951923076923077 0.02403846153846154 0.051682692307692304
1 0.359375 0.47836538461538464 0.028846153846153848 0.05048076923076923
1 0.3786057692307692 0.4699519230769231 0.027644230769230768 0.054086538461538464
2 0.39663461538461536 0.4567307692307692 0.015625 0.04567307692307692
1 0.5192307692307693 0.44591346153846156 0.02403846153846154 0.039663461538461536
1 0.5276442307692307 0.41346153846153844 0.01201923076923077 0.021634615384615384
4 0.5432692307692307 0.4026442307692308 0.019230769230769232 0.04567307692307692
1 0.5901442307692307 0.3858173076923077 0.010817307692307692 0.018028846153846152
1 0.5757211538461539 0.4387019230769231 0.019230769230769232 0.030048076923076924
1 0.6057692307692307 0.4519230769230769 0.020432692307692308 0.03485576923076923
4 0.6418269230769231 0.48677884615384615 0.04326923076923077 0.08774038461538461
3 0.4206730769230769 0.4495192307692308 0.009615384615384616 0.02403846153846154
3 0.5685096153846154 0.39302884615384615 0.006009615384615385 0.02403846153846154
3 0.5721153846153846 0.39302884615384615 0.007211538461538462 0.02403846153846154