1 0.37740384615384615 0.6430288461538461 0.07211538461538461 0.13341346153846154
4 0.6442307692307693 0.4831730769230769 0.04807692307692308 0.10096153846153846
1 0.3161057692307692 0.4951923076923077 0.03365384615384615 0.05048076923076923
1 0.33413461538461536 0.4963942307692308 0.02403846153846154 0.05048076923076923
1 0.3581730769230769 0.47836538461538464 0.030048076923076924 0.05048076923076923
1 0.37740384615384615 0.4723557692307692 0.027644230769230768 0.052884615384615384
2 0.3954326923076923 0.4567307692307692 0.016826923076923076 0.04326923076923077
1 0.49158653846153844 0.4699519230769231 0.030048076923076924 0.054086538461538464
2 0.4987980769230769 0.4254807692307692 0.009615384615384616 0.030048076923076924
1 0.6105769230769231 0.4411057692307692 0.019230769230769232 0.03365384615384615
1 0.578125 0.4338942307692308 0.019230769230769232 0.03245192307692308
1 0.5276442307692307 0.41466346153846156 0.01201923076923077 0.019230769230769232
4 0.5420673076923077 0.4014423076923077 0.019230769230769232 0.046875
1 0.5877403846153846 0.38822115384615385 0.01201923076923077 0.018028846153846152
1 0.5925480769230769 0.40024038461538464 0.015625 0.018028846153846152
3 0.4206730769230769 0.4495192307692308 0.009615384615384616 0.02403846153846154