1 0.5877403846153846 0.4074519230769231 0.013221153846153846 0.025240384615384616
4 0.5432692307692307 0.4026442307692308 0.018028846153846152 0.046875
2 0.3954326923076923 0.4543269230769231 0.016826923076923076 0.042067307692307696
1 0.5264423076923077 0.41346153846153844 0.015625 0.020432692307692308
1 0.38100961538461536 0.47115384615384615 0.027644230769230768 0.05048076923076923
1 0.3581730769230769 0.47475961538461536 0.027644230769230768 0.051682692307692304
4 0.640625 0.4807692307692308 0.04567307692307692 0.09495192307692307
4 0.23076923076923078 0.6370192307692307 0.20192307692307693 0.5673076923076923
4 0.3245192307692308 0.5432692307692307 0.06009615384615385 0.22716346153846154
3 0.6790865384615384 0.6754807692307693 0.051682692307692304 0.21875
0 0.5889423076923077 0.38221153846153844 0.013221153846153846 0.026442307692307692
1 0.5661057692307693 0.4110576923076923 0.01201923076923077 0.021634615384615384
4 0.5588942307692307 0.39783653846153844 0.019230769230769232 0.028846153846153848
1 0.6045673076923077 0.41346153846153844 0.02403846153846154 0.02403846153846154