0 0.5805288461538461 0.38341346153846156 0.018028846153846152 0.026442307692307692
2 0.4879807692307692 0.4411057692307692 0.01201923076923077 0.037259615384615384
1 0.5889423076923077 0.4050480769230769 0.013221153846153846 0.02403846153846154
3 0.39663461538461536 0.4567307692307692 0.018028846153846152 0.04927884615384615
1 0.33533653846153844 0.49038461538461536 0.02403846153846154 0.05048076923076923
1 0.31490384615384615 0.49278846153846156 0.03125 0.051682692307692304
1 0.3786057692307692 0.4699519230769231 0.03125 0.05889423076923077
1 0.359375 0.47716346153846156 0.028846153846153848 0.051682692307692304
4 0.5432692307692307 0.4014423076923077 0.021634615384615384 0.046875
4 0.6418269230769231 0.4807692307692308 0.04326923076923077 0.09735576923076923
4 0.4639423076923077 0.625 0.12139423076923077 0.23076923076923078
1 0.33533653846153844 0.47836538461538464 0.026442307692307692 0.04326923076923077
1 0.5793269230769231 0.39663461538461536 0.013221153846153846 0.018028846153846152
0 0.6057692307692307 0.38822115384615385 0.014423076923076924 0.018028846153846152
1 0.5745192307692307 0.4170673076923077 0.014423076923076924 0.02403846153846154
1 0.5288461538461539 0.41466346153846156 0.01201923076923077 0.020432692307692308
3 0.6826923076923077 0.6694711538461539 0.05048076923076923 0.20072115384615385