4 0.5504807692307693 0.5600961538461539 0.0625 0.11778846153846154
1 0.5288461538461539 0.41346153846153844 0.014423076923076924 0.021634615384615384
1 0.38100961538461536 0.4723557692307692 0.02403846153846154 0.04927884615384615
1 0.33533653846153844 0.49158653846153844 0.02403846153846154 0.051682692307692304
3 0.6706730769230769 0.6658653846153846 0.038461538461538464 0.16105769230769232
4 0.5432692307692307 0.4014423076923077 0.020432692307692308 0.04567307692307692
1 0.33413461538461536 0.47596153846153844 0.027644230769230768 0.04326923076923077
2 0.39663461538461536 0.4579326923076923 0.018028846153846152 0.046875
1 0.359375 0.47716346153846156 0.027644230769230768 0.04927884615384615
1 0.3161057692307692 0.49399038461538464 0.03365384615384615 0.051682692307692304
4 0.6430288461538461 0.4831730769230769 0.04567307692307692 0.09495192307692307
1 0.1875 0.6430288461538461 0.12379807692307693 0.21394230769230768
3 0.4206730769230769 0.45072115384615385 0.010817307692307692 0.02403846153846154
2 0.42908653846153844 0.4807692307692308 0.014423076923076924 0.05048076923076923
1 0.5552884615384616 0.421875 0.018028846153846152 0.028846153846153848
0 0.5745192307692307 0.3858173076923077 0.015625 0.030048076923076924
1 0.5877403846153846 0.38461538461538464 0.010817307692307692 0.018028846153846152
1 0.5973557692307693 0.38461538461538464 0.009615384615384616 0.019230769230769232
1 0.6057692307692307 0.3858173076923077 0.009615384615384616 0.015625
1 0.5889423076923077 0.4098557692307692 0.01201923076923077 0.030048076923076924
1 0.5961538461538461 0.39903846153846156 0.010817307692307692 0.018028846153846152