0 0.5829326923076923 0.3918269230769231 0.013221153846153846 0.026442307692307692
4 0.5997596153846154 0.4699519230769231 0.03485576923076923 0.0625
1 0.5192307692307693 0.4206730769230769 0.018028846153846152 0.02403846153846154
4 0.5444711538461539 0.4014423076923077 0.019230769230769232 0.04447115384615385
1 0.359375 0.47836538461538464 0.028846153846153848 0.051682692307692304
1 0.31490384615384615 0.49399038461538464 0.03365384615384615 0.055288461538461536
3 0.6706730769230769 0.6646634615384616 0.03245192307692308 0.13942307692307693
4 0.640625 0.47836538461538464 0.042067307692307696 0.09615384615384616
1 0.33533653846153844 0.49399038461538464 0.026442307692307692 0.05048076923076923
1 0.33653846153846156 0.4735576923076923 0.025240384615384616 0.030048076923076924
1 0.3798076923076923 0.4723557692307692 0.026442307692307692 0.06009615384615385
2 0.39783653846153844 0.4567307692307692 0.015625 0.046875
3 0.4206730769230769 0.45072115384615385 0.010817307692307692 0.025240384615384616
2 0.49399038461538464 0.41947115384615385 0.007211538461538462 0.021634615384615384
1 0.5288461538461539 0.41466346153846156 0.01201923076923077 0.018028846153846152
3 0.5540865384615384 0.42908653846153844 0.009615384615384616 0.030048076923076924
1 0.5697115384615384 0.4110576923076923 0.010817307692307692 0.021634615384615384
1 0.5949519230769231 0.38341346153846156 0.008413461538461538 0.019230769230769232
1 0.5829326923076923 0.4110576923076923 0.010817307692307692 0.02283653846153846
1 0.59375 0.4014423076923077 0.010817307692307692 0.02283653846153846