4 0.5444711538461539 0.40024038461538464 0.019230769230769232 0.04807692307692308
1 0.3161057692307692 0.49759615384615385 0.03365384615384615 0.056490384615384616
4 0.5925480769230769 0.4579326923076923 0.03245192307692308 0.05889423076923077
1 0.359375 0.47716346153846156 0.027644230769230768 0.051682692307692304
3 0.6658653846153846 0.6646634615384616 0.040865384615384616 0.14543269230769232
4 0.6418269230769231 0.48197115384615385 0.04326923076923077 0.09254807692307693
1 0.33533653846153844 0.4963942307692308 0.02403846153846154 0.04927884615384615
1 0.33533653846153844 0.47716346153846156 0.025240384615384616 0.04567307692307692
1 0.3798076923076923 0.4723557692307692 0.027644230769230768 0.05889423076923077
2 0.39663461538461536 0.4567307692307692 0.014423076923076924 0.04927884615384615
3 0.41947115384615385 0.45072115384615385 0.009615384615384616 0.02283653846153846
1 0.5192307692307693 0.41947115384615385 0.015625 0.025240384615384616
1 0.5300480769230769 0.41586538461538464 0.01201923076923077 0.020432692307692308
3 0.5216346153846154 0.42427884615384615 0.007211538461538462 0.030048076923076924
1 0.5685096153846154 0.41466346153846156 0.01201923076923077 0.025240384615384616
1 0.578125 0.41225961538461536 0.013221153846153846 0.026442307692307692
1 0.59375 0.40625 0.010817307692307692 0.021634615384615384
0 0.5817307692307693 0.39302884615384615 0.013221153846153846 0.030048076923076924