0 0.5841346153846154 0.390625 0.013221153846153846 0.027644230769230768
3 0.41947115384615385 0.4495192307692308 0.01201923076923077 0.03125
1 0.5192307692307693 0.4206730769230769 0.018028846153846152 0.026442307692307692
4 0.5444711538461539 0.40024038461538464 0.019230769230769232 0.04927884615384615
4 0.5961538461538461 0.4651442307692308 0.03485576923076923 0.06129807692307692
1 0.3798076923076923 0.4699519230769231 0.026442307692307692 0.052884615384615384
1 0.3605769230769231 0.47836538461538464 0.028846153846153848 0.051682692307692304
1 0.31490384615384615 0.49399038461538464 0.03245192307692308 0.055288461538461536
4 0.640625 0.47836538461538464 0.04326923076923077 0.09735576923076923
3 0.6682692307692307 0.6622596153846154 0.040865384615384616 0.13942307692307693
1 0.33413461538461536 0.49399038461538464 0.025240384615384616 0.046875
1 0.33533653846153844 0.47475961538461536 0.025240384615384616 0.036057692307692304
2 0.39663461538461536 0.4567307692307692 0.015625 0.04447115384615385
3 0.5432692307692307 0.4254807692307692 0.007211538461538462 0.03125
1 0.5288461538461539 0.41466346153846156 0.01201923076923077 0.020432692307692308
1 0.5685096153846154 0.41225961538461536 0.010817307692307692 0.021634615384615384
1 0.5805288461538461 0.41225961538461536 0.01201923076923077 0.02403846153846154
1 0.5949519230769231 0.38341346153846156 0.008413461538461538 0.016826923076923076
1 0.5997596153846154 0.3942307692307692 0.008413461538461538 0.018028846153846152
1 0.59375 0.39783653846153844 0.008413461538461538 0.018028846153846152