1 0.609375 0.3870192307692308 0.01201923076923077 0.019230769230769232
1 0.5625 0.4170673076923077 0.015625 0.030048076923076924
1 0.3798076923076923 0.4699519230769231 0.026442307692307692 0.052884615384615384
1 0.5276442307692307 0.41586538461538464 0.018028846153846152 0.026442307692307692
1 0.33653846153846156 0.4963942307692308 0.020432692307692308 0.054086538461538464
3 0.5564903846153846 0.5144230769230769 0.015625 0.0625
1 0.5096153846153846 0.4230769230769231 0.019230769230769232 0.026442307692307692
1 0.3137019230769231 0.49278846153846156 0.03245192307692308 0.054086538461538464
1 0.3581730769230769 0.47836538461538464 0.028846153846153848 0.05048076923076923
4 0.6418269230769231 0.4807692307692308 0.04326923076923077 0.09134615384615384
1 0.33533653846153844 0.47596153846153844 0.027644230769230768 0.040865384615384616
2 0.3954326923076923 0.45552884615384615 0.015625 0.046875
3 0.41947115384615385 0.45072115384615385 0.01201923076923077 0.026442307692307692
2 0.47836538461538464 0.4266826923076923 0.009615384615384616 0.027644230769230768
1 0.5432692307692307 0.4170673076923077 0.014423076923076924 0.02283653846153846
0 0.5745192307692307 0.4014423076923077 0.016826923076923076 0.03125
1 0.5841346153846154 0.4098557692307692 0.010817307692307692 0.02403846153846154
1 0.59375 0.4050480769230769 0.01201923076923077 0.02403846153846154
1 0.6105769230769231 0.41586538461538464 0.019230769230769232 0.021634615384615384
4 0.5432692307692307 0.39903846153846156 0.018028846153846152 0.04326923076923077