1 0.33653846153846156 0.4951923076923077 0.02403846153846154 0.05048076923076923
1 0.5600961538461539 0.4206730769230769 0.018028846153846152 0.030048076923076924
1 0.3161057692307692 0.49278846153846156 0.03485576923076923 0.05048076923076923
1 0.5276442307692307 0.4170673076923077 0.015625 0.02403846153846154
3 0.5192307692307693 0.5096153846153846 0.013221153846153846 0.055288461538461536
1 0.5084134615384616 0.4254807692307692 0.018028846153846152 0.030048076923076924
1 0.3581730769230769 0.4795673076923077 0.028846153846153848 0.052884615384615384
4 0.6430288461538461 0.4795673076923077 0.046875 0.10216346153846154
1 0.33413461538461536 0.47475961538461536 0.02403846153846154 0.037259615384615384
1 0.3786057692307692 0.4723557692307692 0.030048076923076924 0.05889423076923077
2 0.3954326923076923 0.4567307692307692 0.014423076923076924 0.04807692307692308
3 0.4182692307692308 0.4519230769230769 0.01201923076923077 0.026442307692307692
2 0.4723557692307692 0.42788461538461536 0.010817307692307692 0.030048076923076924
1 0.5384615384615384 0.41947115384615385 0.015625 0.030048076923076924
4 0.5432692307692307 0.4014423076923077 0.019230769230769232 0.04807692307692308
0 0.5721153846153846 0.4026442307692308 0.014423076923076924 0.037259615384615384
4 0.5745192307692307 0.43149038461538464 0.02403846153846154 0.04326923076923077
1 0.5925480769230769 0.39783653846153844 0.01201923076923077 0.02283653846153846
1 0.5949519230769231 0.4050480769230769 0.01201923076923077 0.021634615384615384