1 0.47115384615384615 0.45552884615384615 0.021634615384615384 0.038461538461538464
3 0.4206730769230769 0.4519230769230769 0.01201923076923077 0.028846153846153848
1 0.5288461538461539 0.4362980769230769 0.020432692307692308 0.03485576923076923
1 0.5420673076923077 0.4338942307692308 0.018028846153846152 0.03485576923076923
2 0.39663461538461536 0.46033653846153844 0.018028846153846152 0.05048076923076923
1 0.33413461538461536 0.49278846153846156 0.025240384615384616 0.04927884615384615
1 0.31490384615384615 0.49399038461538464 0.03365384615384615 0.054086538461538464
1 0.38100961538461536 0.4735576923076923 0.026442307692307692 0.057692307692307696
1 0.359375 0.47836538461538464 0.028846153846153848 0.052884615384615384
4 0.6418269230769231 0.47716346153846156 0.04567307692307692 0.10697115384615384
1 0.33533653846153844 0.4735576923076923 0.02283653846153846 0.03485576923076923
2 0.4519230769230769 0.4423076923076923 0.01201923076923077 0.036057692307692304
4 0.5372596153846154 0.4170673076923077 0.051682692307692304 0.040865384615384616
4 0.5432692307692307 0.39783653846153844 0.019230769230769232 0.036057692307692304
0 0.5721153846153846 0.4074519230769231 0.015625 0.038461538461538464
1 0.59375 0.4074519230769231 0.014423076923076924 0.025240384615384616
1 0.5625 0.4206730769230769 0.015625 0.030048076923076924
1 0.6033653846153846 0.38341346153846156 0.008413461538461538 0.018028846153846152