1 0.44591346153846156 0.4675480769230769 0.025240384615384616 0.046875
4 0.5444711538461539 0.40024038461538464 0.016826923076923076 0.04447115384615385
1 0.5552884615384616 0.421875 0.015625 0.028846153846153848
1 0.5204326923076923 0.44711538461538464 0.019230769230769232 0.03485576923076923
1 0.5036057692307693 0.44471153846153844 0.02403846153846154 0.042067307692307696
1 0.359375 0.47836538461538464 0.027644230769230768 0.054086538461538464
1 0.31490384615384615 0.49399038461538464 0.03365384615384615 0.055288461538461536
4 0.6418269230769231 0.4795673076923077 0.04326923076923077 0.09014423076923077
1 0.3329326923076923 0.49399038461538464 0.02403846153846154 0.05048076923076923
1 0.33533653846153844 0.4735576923076923 0.025240384615384616 0.03485576923076923
1 0.38100961538461536 0.4699519230769231 0.027644230769230768 0.05889423076923077
2 0.39663461538461536 0.4567307692307692 0.015625 0.05048076923076923
3 0.4206730769230769 0.4519230769230769 0.01201923076923077 0.026442307692307692
1 0.5288461538461539 0.41466346153846156 0.013221153846153846 0.021634615384615384
0 0.5697115384615384 0.4074519230769231 0.019230769230769232 0.039663461538461536
1 0.5925480769230769 0.4050480769230769 0.014423076923076924 0.021634615384615384