1 0.5552884615384616 0.421875 0.015625 0.030048076923076924
4 0.5444711538461539 0.4014423076923077 0.016826923076923076 0.046875
1 0.4254807692307692 0.4807692307692308 0.030048076923076924 0.05048076923076923
1 0.47836538461538464 0.453125 0.026442307692307692 0.046875
1 0.31490384615384615 0.4951923076923077 0.03365384615384615 0.056490384615384616
1 0.5084134615384616 0.46033653846153844 0.027644230769230768 0.04326923076923077
1 0.359375 0.47716346153846156 0.027644230769230768 0.05048076923076923
4 0.6418269230769231 0.4795673076923077 0.04567307692307692 0.0985576923076923
1 0.33413461538461536 0.4951923076923077 0.026442307692307692 0.05048076923076923
1 0.33413461538461536 0.4735576923076923 0.02283653846153846 0.03365384615384615
1 0.3786057692307692 0.4723557692307692 0.026442307692307692 0.056490384615384616
2 0.39663461538461536 0.4567307692307692 0.018028846153846152 0.04807692307692308
3 0.421875 0.4519230769230769 0.01201923076923077 0.026442307692307692
2 0.43509615384615385 0.4483173076923077 0.010817307692307692 0.030048076923076924
1 0.5276442307692307 0.41346153846153844 0.014423076923076924 0.021634615384615384
0 0.5576923076923077 0.40625 0.015625 0.03485576923076923
1 0.5769230769230769 0.4014423076923077 0.01201923076923077 0.026442307692307692
0 0.5973557692307693 0.3870192307692308 0.015625 0.021634615384615384
3 0.5853365384615384 0.3894230769230769 0.003605769230769231 0.016826923076923076
3 0.5889423076923077 0.390625 0.004807692307692308 0.018028846153846152
1 0.59375 0.40865384615384615 0.013221153846153846 0.021634615384615384
1 0.5757211538461539 0.41947115384615385 0.014423076923076924 0.021634615384615384