1 0.59375 0.40865384615384615 0.014423076923076924 0.02403846153846154
1 0.5997596153846154 0.3894230769230769 0.013221153846153846 0.021634615384615384
1 0.38100961538461536 0.4699519230769231 0.027644230769230768 0.056490384615384616
1 0.5564903846153846 0.4254807692307692 0.015625 0.027644230769230768
1 0.359375 0.47596153846153844 0.027644230769230768 0.05048076923076923
1 0.4098557692307692 0.4879807692307692 0.027644230769230768 0.046875
1 0.3161057692307692 0.49278846153846156 0.03485576923076923 0.054086538461538464
0 0.5420673076923077 0.40384615384615385 0.021634615384615384 0.051682692307692304
1 0.45552884615384615 0.46033653846153844 0.027644230769230768 0.05048076923076923
1 0.49759615384615385 0.46875 0.028846153846153848 0.05048076923076923
4 0.6442307692307693 0.4795673076923077 0.04447115384615385 0.0985576923076923
1 0.33413461538461536 0.49399038461538464 0.02283653846153846 0.04807692307692308
1 0.33533653846153844 0.47475961538461536 0.02403846153846154 0.037259615384615384
2 0.3954326923076923 0.45913461538461536 0.014423076923076924 0.051682692307692304
3 0.4206730769230769 0.4495192307692308 0.010817307692307692 0.02283653846153846
3 0.4206730769230769 0.45072115384615385 0.008413461538461538 0.02283653846153846
2 0.4338942307692308 0.4519230769230769 0.010817307692307692 0.037259615384615384
1 0.5288461538461539 0.41346153846153844 0.014423076923076924 0.020432692307692308
1 0.5685096153846154 0.4098557692307692 0.014423076923076924 0.026442307692307692
3 0.5829326923076923 0.390625 0.006009615384615385 0.021634615384615384
3 0.5877403846153846 0.3894230769230769 0.006009615384615385 0.020432692307692308