1 0.5564903846153846 0.4206730769230769 0.015625 0.030048076923076924
1 0.33413461538461536 0.4963942307692308 0.025240384615384616 0.054086538461538464
4 0.5408653846153846 0.4026442307692308 0.020432692307692308 0.046875
1 0.359375 0.47836538461538464 0.028846153846153848 0.05048076923076923
1 0.31490384615384615 0.49399038461538464 0.03365384615384615 0.055288461538461536
1 0.3894230769230769 0.5012019230769231 0.03485576923076923 0.05048076923076923
1 0.42788461538461536 0.47475961538461536 0.03245192307692308 0.054086538461538464
4 0.640625 0.4831730769230769 0.04326923076923077 0.09615384615384616
1 0.4795673076923077 0.484375 0.03125 0.054086538461538464
1 0.33533653846153844 0.4735576923076923 0.02403846153846154 0.03485576923076923
1 0.3786057692307692 0.4639423076923077 0.027644230769230768 0.042067307692307696
2 0.39783653846153844 0.45552884615384615 0.015625 0.04447115384615385
3 0.421875 0.45072115384615385 0.009615384615384616 0.02283653846153846
1 0.5288461538461539 0.41466346153846156 0.01201923076923077 0.019230769230769232
1 0.5673076923076923 0.4074519230769231 0.010817307692307692 0.026442307692307692
1 0.5769230769230769 0.4026442307692308 0.010817307692307692 0.026442307692307692
1 0.6057692307692307 0.43028846153846156 0.028846153846153848 0.030048076923076924
0 0.5973557692307693 0.38822115384615385 0.014423076923076924 0.02283653846153846
1 0.5925480769230769 0.4074519230769231 0.013221153846153846 0.02403846153846154