1 0.5925480769230769 0.390625 0.014423076923076924 0.021634615384615384
1 0.5564903846153846 0.421875 0.015625 0.027644230769230768
1 0.33533653846153844 0.49158653846153844 0.025240384615384616 0.052884615384615384
1 0.359375 0.47716346153846156 0.026442307692307692 0.054086538461538464
4 0.5408653846153846 0.4026442307692308 0.021634615384615384 0.046875
1 0.3161057692307692 0.4951923076923077 0.03365384615384615 0.054086538461538464
1 0.4170673076923077 0.4795673076923077 0.03125 0.057692307692307696
1 0.4699519230769231 0.49158653846153844 0.03245192307692308 0.052884615384615384
1 0.375 0.5060096153846154 0.036057692307692304 0.054086538461538464
4 0.6442307692307693 0.48197115384615385 0.046875 0.0985576923076923
1 0.33533653846153844 0.47115384615384615 0.027644230769230768 0.03485576923076923
1 0.38100961538461536 0.46634615384615385 0.027644230769230768 0.054086538461538464
2 0.39663461538461536 0.4567307692307692 0.014423076923076924 0.04927884615384615
3 0.421875 0.4519230769230769 0.013221153846153846 0.026442307692307692
1 0.5288461538461539 0.41346153846153844 0.014423076923076924 0.021634615384615384
1 0.5757211538461539 0.42908653846153844 0.03365384615384615 0.030048076923076924
1 0.5757211538461539 0.4026442307692308 0.01201923076923077 0.026442307692307692
1 0.5685096153846154 0.40625 0.01201923076923077 0.021634615384615384
1 0.6009615384615384 0.3870192307692308 0.008413461538461538 0.018028846153846152
1 0.5949519230769231 0.4074519230769231 0.015625 0.021634615384615384