4 0.5564903846153846 0.421875 0.016826923076923076 0.03485576923076923
1 0.37740384615384615 0.4675480769230769 0.025240384615384616 0.052884615384615384
2 0.421875 0.45913461538461536 0.01201923076923077 0.04447115384615385
2 0.3954326923076923 0.45552884615384615 0.018028846153846152 0.05048076923076923
4 0.5432692307692307 0.4050480769230769 0.027644230769230768 0.046875
1 0.3605769230769231 0.47836538461538464 0.027644230769230768 0.054086538461538464
1 0.3954326923076923 0.49278846153846156 0.03365384615384615 0.054086538461538464
1 0.31490384615384615 0.49278846153846156 0.03245192307692308 0.054086538461538464
1 0.34134615384615385 0.5228365384615384 0.040865384615384616 0.06610576923076923
1 0.44471153846153844 0.5036057692307693 0.036057692307692304 0.05889423076923077
4 0.6418269230769231 0.48197115384615385 0.04567307692307692 0.0985576923076923
1 0.33533653846153844 0.4879807692307692 0.027644230769230768 0.036057692307692304
1 0.33533653846153844 0.46875 0.025240384615384616 0.030048076923076924
1 0.5276442307692307 0.41466346153846156 0.014423076923076924 0.019230769230769232
1 0.5432692307692307 0.4266826923076923 0.019230769230769232 0.026442307692307692
1 0.5745192307692307 0.4026442307692308 0.015625 0.026442307692307692
1 0.5853365384615384 0.390625 0.01201923076923077 0.02283653846153846
1 0.5925480769230769 0.4074519230769231 0.014423076923076924 0.021634615384615384
1 0.5997596153846154 0.3894230769230769 0.010817307692307692 0.018028846153846152