1 0.5552884615384616 0.421875 0.018028846153846152 0.03125
1 0.5372596153846154 0.42788461538461536 0.019230769230769232 0.028846153846153848
1 0.3786057692307692 0.4735576923076923 0.028846153846153848 0.055288461538461536
1 0.5252403846153846 0.43509615384615385 0.021634615384615384 0.03245192307692308
4 0.5420673076923077 0.4026442307692308 0.02283653846153846 0.04567307692307692
2 0.41346153846153844 0.46634615384615385 0.014423076923076924 0.046875
3 0.7307692307692307 0.7175480769230769 0.05048076923076923 0.10336538461538461
1 0.359375 0.47716346153846156 0.027644230769230768 0.04927884615384615
1 0.33052884615384615 0.5288461538461539 0.04326923076923077 0.0673076923076923
1 0.26322115384615385 0.5612980769230769 0.051682692307692304 0.08052884615384616
1 0.3870192307692308 0.5540865384615384 0.04326923076923077 0.07091346153846154
4 0.6430288461538461 0.4807692307692308 0.04326923076923077 0.10096153846153846
1 0.3161057692307692 0.4963942307692308 0.03125 0.05048076923076923
1 0.33413461538461536 0.4891826923076923 0.025240384615384616 0.038461538461538464
1 0.33533653846153844 0.4735576923076923 0.02283653846153846 0.036057692307692304
2 0.39663461538461536 0.45552884615384615 0.015625 0.04567307692307692
3 0.41947115384615385 0.4495192307692308 0.01201923076923077 0.030048076923076924
1 0.5288461538461539 0.4182692307692308 0.015625 0.020432692307692308
1 0.5745192307692307 0.40384615384615385 0.01201923076923077 0.027644230769230768
1 0.59375 0.40625 0.013221153846153846 0.021634615384615384
1 0.5985576923076923 0.3942307692307692 0.008413461538461538 0.019230769230769232