1 0.5552884615384616 0.4230769230769231 0.015625 0.030048076923076924
2 0.4098557692307692 0.47596153846153844 0.015625 0.04927884615384615
1 0.38100961538461536 0.47596153846153844 0.025240384615384616 0.051682692307692304
1 0.5060096153846154 0.41586538461538464 0.039663461538461536 0.037259615384615384
1 0.5288461538461539 0.43990384615384615 0.02403846153846154 0.038461538461538464
1 0.4831730769230769 0.44350961538461536 0.025240384615384616 0.036057692307692304
1 0.359375 0.47716346153846156 0.028846153846153848 0.05048076923076923
1 0.31490384615384615 0.4963942307692308 0.03365384615384615 0.056490384615384616
4 0.6394230769230769 0.48197115384615385 0.04326923076923077 0.09014423076923077
1 0.17908653846153846 0.6346153846153846 0.09014423076923077 0.1346153846153846
1 0.14903846153846154 0.6225961538461539 0.04326923076923077 0.0985576923076923
3 0.5588942307692307 0.46274038461538464 0.01201923076923077 0.046875
2 0.39783653846153844 0.4579326923076923 0.016826923076923076 0.04927884615384615
1 0.33533653846153844 0.49399038461538464 0.025240384615384616 0.04927884615384615
1 0.33413461538461536 0.4735576923076923 0.026442307692307692 0.039663461538461536
3 0.4206730769230769 0.45072115384615385 0.010817307692307692 0.026442307692307692
1 0.5288461538461539 0.41466346153846156 0.014423076923076924 0.021634615384615384
0 0.5504807692307693 0.4074519230769231 0.015625 0.038461538461538464
1 0.5745192307692307 0.4050480769230769 0.010817307692307692 0.026442307692307692
1 0.59375 0.40625 0.013221153846153846 0.018028846153846152
1 0.5997596153846154 0.39663461538461536 0.015625 0.025240384615384616