1 0.5276442307692307 0.41586538461538464 0.014423076923076924 0.02283653846153846
1 0.5552884615384616 0.421875 0.015625 0.026442307692307692
1 0.33533653846153844 0.4963942307692308 0.026442307692307692 0.055288461538461536
1 0.5084134615384616 0.45072115384615385 0.026442307692307692 0.046875
1 0.359375 0.47596153846153844 0.027644230769230768 0.05048076923076923
1 0.31490384615384615 0.4951923076923077 0.03365384615384615 0.056490384615384616
1 0.46153846153846156 0.4519230769230769 0.026442307692307692 0.042067307692307696
4 0.6430288461538461 0.48197115384615385 0.04447115384615385 0.09495192307692307
1 0.33533653846153844 0.47596153846153844 0.025240384615384616 0.036057692307692304
1 0.38100961538461536 0.4699519230769231 0.027644230769230768 0.05889423076923077
2 0.38221153846153844 0.48197115384615385 0.013221153846153846 0.042067307692307696
2 0.39663461538461536 0.4579326923076923 0.015625 0.04807692307692308
3 0.421875 0.4519230769230769 0.009615384615384616 0.025240384615384616
3 0.4230769230769231 0.5036057692307693 0.01201923076923077 0.056490384615384616
3 0.546875 0.4651442307692308 0.010817307692307692 0.054086538461538464
0 0.5516826923076923 0.40865384615384615 0.016826923076923076 0.039663461538461536
4 0.5432692307692307 0.4026442307692308 0.016826923076923076 0.046875
1 0.5721153846153846 0.40865384615384615 0.01201923076923077 0.020432692307692308
1 0.5949519230769231 0.41346153846153844 0.013221153846153846 0.02403846153846154
1 0.5925480769230769 0.4014423076923077 0.013221153846153846 0.020432692307692308