2 0.39783653846153844 0.45552884615384615 0.019230769230769232 0.054086538461538464
1 0.5564903846153846 0.42427884615384615 0.016826923076923076 0.030048076923076924
1 0.5300480769230769 0.4170673076923077 0.015625 0.02403846153846154
1 0.3786057692307692 0.46875 0.027644230769230768 0.055288461538461536
0 0.5456730769230769 0.4110576923076923 0.02283653846153846 0.04807692307692308
1 0.3173076923076923 0.4951923076923077 0.037259615384615384 0.056490384615384616
1 0.43149038461538464 0.47836538461538464 0.03245192307692308 0.05048076923076923
1 0.47596153846153844 0.4807692307692308 0.03245192307692308 0.05889423076923077
4 0.6430288461538461 0.4795673076923077 0.04326923076923077 0.0889423076923077
3 0.5745192307692307 0.515625 0.014423076923076924 0.05889423076923077
1 0.33413461538461536 0.4951923076923077 0.025240384615384616 0.051682692307692304
1 0.33413461538461536 0.47475961538461536 0.026442307692307692 0.036057692307692304
1 0.3605769230769231 0.47475961538461536 0.03125 0.04326923076923077
2 0.3641826923076923 0.49759615384615385 0.013221153846153846 0.05048076923076923
3 0.4206730769230769 0.4519230769230769 0.01201923076923077 0.027644230769230768
3 0.49038461538461536 0.4579326923076923 0.01201923076923077 0.04807692307692308
1 0.5673076923076923 0.41225961538461536 0.01201923076923077 0.021634615384615384
1 0.5793269230769231 0.41346153846153844 0.01201923076923077 0.026442307692307692
1 0.5913461538461539 0.4098557692307692 0.013221153846153846 0.026442307692307692
1 0.5721153846153846 0.40024038461538464 0.010817307692307692 0.018028846153846152