1 0.35697115384615385 0.47836538461538464 0.025240384615384616 0.054086538461538464
1 0.3786057692307692 0.48197115384615385 0.04807692307692308 0.06129807692307692
3 0.4170673076923077 0.45552884615384615 0.010817307692307692 0.04567307692307692
0 0.5348557692307693 0.4098557692307692 0.02283653846153846 0.040865384615384616
2 0.27283653846153844 0.515625 0.016826923076923076 0.06610576923076923
1 0.375 0.546875 0.04567307692307692 0.07451923076923077
1 0.3161057692307692 0.49399038461538464 0.03485576923076923 0.054086538461538464
1 0.33413461538461536 0.49399038461538464 0.026442307692307692 0.051682692307692304
4 0.6394230769230769 0.47836538461538464 0.04326923076923077 0.09735576923076923
2 0.39663461538461536 0.45552884615384615 0.015625 0.042067307692307696
3 0.421875 0.4495192307692308 0.01201923076923077 0.030048076923076924
1 0.5480769230769231 0.4254807692307692 0.016826923076923076 0.03365384615384615
1 0.5625 0.4098557692307692 0.01201923076923077 0.030048076923076924
1 0.5745192307692307 0.41586538461538464 0.013221153846153846 0.026442307692307692
1 0.5853365384615384 0.41346153846153844 0.015625 0.02283653846153846