2 0.2247596153846154 0.5192307692307693 0.028846153846153848 0.07091346153846154
1 0.5396634615384616 0.42908653846153844 0.020432692307692308 0.03365384615384615
2 0.1502403846153846 0.5480769230769231 0.020432692307692308 0.07451923076923077
4 0.5216346153846154 0.39302884615384615 0.027644230769230768 0.06009615384615385
1 0.3161057692307692 0.4879807692307692 0.03485576923076923 0.05048076923076923
4 0.640625 0.47596153846153844 0.042067307692307696 0.09615384615384616
1 0.3137019230769231 0.5865384615384616 0.06850961538461539 0.12259615384615384
0 0.4723557692307692 0.578125 0.17548076923076922 0.3581730769230769
1 0.33413461538461536 0.4855769230769231 0.027644230769230768 0.05048076923076923
3 0.35697115384615385 0.4831730769230769 0.013221153846153846 0.052884615384615384
1 0.359375 0.4735576923076923 0.028846153846153848 0.04807692307692308
1 0.37740384615384615 0.4651442307692308 0.030048076923076924 0.057692307692307696
1 0.5072115384615384 0.4110576923076923 0.014423076923076924 0.03245192307692308
1 0.5600961538461539 0.41225961538461536 0.019230769230769232 0.021634615384615384