1 0.6394230769230769 0.4855769230769231 0.042067307692307696 0.08413461538461539
4 0.640625 0.48197115384615385 0.04326923076923077 0.08533653846153846
1 0.3786057692307692 0.4651442307692308 0.03125 0.054086538461538464
1 0.4831730769230769 0.4411057692307692 0.02403846153846154 0.04447115384615385
2 0.22355769230769232 0.5192307692307693 0.028846153846153848 0.07091346153846154
1 0.484375 0.47716346153846156 0.03365384615384615 0.051682692307692304
1 0.359375 0.47596153846153844 0.027644230769230768 0.055288461538461536
1 0.33533653846153844 0.4855769230769231 0.028846153846153848 0.052884615384615384
1 0.3161057692307692 0.4879807692307692 0.03485576923076923 0.052884615384615384
1 0.45552884615384615 0.4879807692307692 0.03485576923076923 0.052884615384615384
4 0.421875 0.6021634615384616 0.07211538461538461 0.13341346153846154
1 0.2956730769230769 0.5985576923076923 0.07451923076923077 0.11658653846153846
4 0.5408653846153846 0.4254807692307692 0.038461538461538464 0.0889423076923077
0 0.5432692307692307 0.6141826923076923 0.11057692307692307 0.21153846153846154
3 0.3557692307692308 0.4795673076923077 0.013221153846153846 0.056490384615384616
3 0.41947115384615385 0.44471153846153844 0.01201923076923077 0.025240384615384616
2 0.3942307692307692 0.4735576923076923 0.02283653846153846 0.054086538461538464
1 0.5108173076923077 0.41225961538461536 0.019230769230769232 0.030048076923076924
0 0.5793269230769231 0.5889423076923077 0.09375 0.17668269230769232
4 0.5949519230769231 0.3737980769230769 0.04447115384615385 0.04567307692307692