4 0.5528846153846154 0.4014423076923077 0.018028846153846152 0.04447115384615385
1 0.33774038461538464 0.484375 0.026442307692307692 0.052884615384615384
1 0.3173076923076923 0.4855769230769231 0.036057692307692304 0.04927884615384615
2 0.2247596153846154 0.5180288461538461 0.02403846153846154 0.07091346153846154
1 0.3798076923076923 0.4651442307692308 0.027644230769230768 0.05889423076923077
1 0.359375 0.47115384615384615 0.028846153846153848 0.046875
1 0.4170673076923077 0.515625 0.038461538461538464 0.06490384615384616
1 0.453125 0.45913461538461536 0.027644230769230768 0.04927884615384615
4 0.49759615384615385 0.5096153846153846 0.04927884615384615 0.09254807692307693
0 0.6069711538461539 0.5625 0.07692307692307693 0.16105769230769232
1 0.31009615384615385 0.6887019230769231 0.19230769230769232 0.30649038461538464
1 0.3401442307692308 0.5625 0.057692307692307696 0.05889423076923077
3 0.41947115384615385 0.44591346153846156 0.01201923076923077 0.026442307692307692
4 0.5324519230769231 0.4050480769230769 0.026442307692307692 0.05048076923076923
2 0.5336538461538461 0.421875 0.015625 0.03365384615384615
1 0.5865384615384616 0.39302884615384615 0.01201923076923077 0.018028846153846152
0 0.6370192307692307 0.5432692307692307 0.07091346153846154 0.14302884615384615