0 0.5420673076923077 0.4050480769230769 0.021634615384615384 0.04447115384615385
2 0.22235576923076922 0.515625 0.025240384615384616 0.0733173076923077
4 0.6394230769230769 0.48197115384615385 0.04447115384615385 0.09254807692307693
1 0.5072115384615384 0.5528846153846154 0.04447115384615385 0.06971153846153846
1 0.29927884615384615 0.5408653846153846 0.04447115384615385 0.07572115384615384
1 0.41225961538461536 0.6502403846153846 0.06850961538461539 0.09495192307692307
0 0.5661057692307693 0.5024038461538461 0.052884615384615384 0.11899038461538461
1 0.4699519230769231 0.6334134615384616 0.08052884615384616 0.171875
4 0.35697115384615385 0.5204326923076923 0.07692307692307693 0.17908653846153846
1 0.3137019230769231 0.49038461538461536 0.03245192307692308 0.05048076923076923
0 0.5877403846153846 0.49399038461538464 0.04326923076923077 0.109375
2 0.625 0.5805288461538461 0.020432692307692308 0.078125
3 0.640625 0.5709134615384616 0.02283653846153846 0.09014423076923077
2 0.46274038461538464 0.4266826923076923 0.01201923076923077 0.03125
1 0.5985576923076923 0.4110576923076923 0.014423076923076924 0.027644230769230768
4 0.49399038461538464 0.39783653846153844 0.08413461538461539 0.06610576923076923