3 0.6430288461538461 0.5673076923076923 0.02283653846153846 0.08653846153846154
1 0.3798076923076923 0.4639423076923077 0.028846153846153848 0.055288461538461536
4 0.6418269230769231 0.4831730769230769 0.04807692307692308 0.07451923076923077
1 0.33653846153846156 0.4855769230769231 0.030048076923076924 0.052884615384615384
1 0.3173076923076923 0.4879807692307692 0.036057692307692304 0.051682692307692304
1 0.5216346153846154 0.49278846153846156 0.03365384615384615 0.05889423076923077
1 0.5324519230769231 0.5817307692307693 0.055288461538461536 0.0985576923076923
1 0.14783653846153846 0.6550480769230769 0.04447115384615385 0.19951923076923078
1 0.49759615384615385 0.5300480769230769 0.04326923076923077 0.06610576923076923
1 0.4050480769230769 0.6442307692307693 0.13701923076923078 0.26802884615384615
4 0.18028846153846154 0.5372596153846154 0.109375 0.33413461538461536
4 0.5829326923076923 0.4651442307692308 0.04567307692307692 0.09615384615384616
3 0.35697115384615385 0.4831730769230769 0.014423076923076924 0.057692307692307696
1 0.3605769230769231 0.47115384615384615 0.027644230769230768 0.05048076923076923
3 0.4050480769230769 0.4375 0.013221153846153846 0.042067307692307696
3 0.4206730769230769 0.44471153846153844 0.01201923076923077 0.025240384615384616
2 0.4567307692307692 0.42788461538461536 0.010817307692307692 0.028846153846153848
2 0.6646634615384616 0.5456730769230769 0.019230769230769232 0.06610576923076923
4 0.5132211538461539 0.4026442307692308 0.030048076923076924 0.05889423076923077
0 0.5528846153846154 0.4098557692307692 0.02403846153846154 0.05048076923076923
1 0.5769230769230769 0.41947115384615385 0.019230769230769232 0.03245192307692308
1 0.5733173076923077 0.4074519230769231 0.013221153846153846 0.021634615384615384