3 0.6454326923076923 0.5709134615384616 0.02283653846153846 0.0829326923076923
4 0.6430288461538461 0.4795673076923077 0.046875 0.0829326923076923
4 0.5108173076923077 0.4026442307692308 0.03365384615384615 0.05889423076923077
0 0.5492788461538461 0.4098557692307692 0.027644230769230768 0.051682692307692304
1 0.3786057692307692 0.46634615384615385 0.027644230769230768 0.054086538461538464
2 0.22355769230769232 0.5168269230769231 0.026442307692307692 0.07091346153846154
1 0.3161057692307692 0.4879807692307692 0.03365384615384615 0.04927884615384615
1 0.33774038461538464 0.4855769230769231 0.030048076923076924 0.054086538461538464
1 0.5240384615384616 0.48197115384615385 0.027644230769230768 0.051682692307692304
1 0.5108173076923077 0.5072115384615384 0.039663461538461536 0.05889423076923077
1 0.5192307692307693 0.5637019230769231 0.04927884615384615 0.08774038461538461
1 0.23317307692307693 0.6430288461538461 0.11658653846153846 0.15504807692307693
1 0.4567307692307692 0.6430288461538461 0.11177884615384616 0.21634615384615385
3 0.3557692307692308 0.4855769230769231 0.015625 0.054086538461538464
1 0.359375 0.4723557692307692 0.027644230769230768 0.04927884615384615
3 0.4206730769230769 0.44591346153846156 0.010817307692307692 0.027644230769230768
3 0.4050480769230769 0.4387019230769231 0.013221153846153846 0.039663461538461536
2 0.4567307692307692 0.43149038461538464 0.009615384615384616 0.03485576923076923
2 0.6598557692307693 0.5396634615384616 0.015625 0.05889423076923077
0 0.5841346153846154 0.4699519230769231 0.039663461538461536 0.08774038461538461
0 0.6021634615384616 0.46153846153846156 0.026442307692307692 0.07932692307692307
1 0.5733173076923077 0.40865384615384615 0.01201923076923077 0.021634615384615384
1 0.5793269230769231 0.4170673076923077 0.016826923076923076 0.026442307692307692
1 0.59375 0.390625 0.013221153846153846 0.021634615384615384