4 0.6442307692307693 0.4807692307692308 0.046875 0.09134615384615384
1 0.5276442307692307 0.4735576923076923 0.02283653846153846 0.036057692307692304
1 0.5600961538461539 0.4519230769230769 0.021634615384615384 0.038461538461538464
1 0.5492788461538461 0.4579326923076923 0.026442307692307692 0.042067307692307696
1 0.31490384615384615 0.4879807692307692 0.03485576923076923 0.054086538461538464
2 0.2247596153846154 0.5180288461538461 0.027644230769230768 0.078125
1 0.33653846153846156 0.4855769230769231 0.027644230769230768 0.055288461538461536
0 0.6057692307692307 0.4519230769230769 0.036057692307692304 0.07692307692307693
1 0.5228365384615384 0.6454326923076923 0.07211538461538461 0.13581730769230768
1 0.37259615384615385 0.6502403846153846 0.07572115384615384 0.10576923076923077
0 0.5120192307692307 0.5456730769230769 0.08653846153846154 0.15985576923076922
1 0.3581730769230769 0.4699519230769231 0.03125 0.05048076923076923
1 0.3786057692307692 0.4639423076923077 0.027644230769230768 0.054086538461538464
3 0.35336538461538464 0.4855769230769231 0.013221153846153846 0.054086538461538464
3 0.4206730769230769 0.44471153846153844 0.013221153846153846 0.027644230769230768
2 0.44350961538461536 0.43509615384615385 0.01201923076923077 0.036057692307692304
2 0.6466346153846154 0.5180288461538461 0.016826923076923076 0.057692307692307696
3 0.6454326923076923 0.5673076923076923 0.020432692307692308 0.0829326923076923
4 0.4987980769230769 0.41225961538461536 0.028846153846153848 0.06610576923076923
1 0.5192307692307693 0.4110576923076923 0.015625 0.030048076923076924
0 0.5360576923076923 0.4182692307692308 0.028846153846153848 0.06129807692307692
1 0.5612980769230769 0.41466346153846156 0.014423076923076924 0.03365384615384615
1 0.5925480769230769 0.3954326923076923 0.013221153846153846 0.021634615384615384
1 0.5925480769230769 0.41947115384615385 0.020432692307692308 0.038461538461538464
1 0.6153846153846154 0.40024038461538464 0.019230769230769232 0.030048076923076924