1 0.5096153846153846 0.4110576923076923 0.014423076923076924 0.025240384615384616
2 0.22355769230769232 0.5192307692307693 0.027644230769230768 0.07451923076923077
1 0.4639423076923077 0.4519230769230769 0.02283653846153846 0.046875
1 0.33533653846153844 0.484375 0.026442307692307692 0.056490384615384616
1 0.3173076923076923 0.48677884615384615 0.03485576923076923 0.054086538461538464
1 0.44471153846153844 0.49399038461538464 0.03365384615384615 0.05889423076923077
4 0.47596153846153844 0.5372596153846154 0.052884615384615384 0.0985576923076923
1 0.3942307692307692 0.5348557692307693 0.04447115384615385 0.07091346153846154
0 0.5901442307692307 0.5805288461538461 0.08533653846153846 0.16346153846153846
3 0.35216346153846156 0.4795673076923077 0.014423076923076924 0.0625
1 0.359375 0.4735576923076923 0.03125 0.055288461538461536
1 0.38100961538461536 0.4651442307692308 0.03125 0.057692307692307696
3 0.4206730769230769 0.44591346153846156 0.01201923076923077 0.026442307692307692
3 0.4050480769230769 0.4387019230769231 0.01201923076923077 0.038461538461538464
3 0.6887019230769231 0.5649038461538461 0.018028846153846152 0.07572115384615384
0 0.6262019230769231 0.5516826923076923 0.06610576923076923 0.14302884615384615
4 0.6069711538461539 0.4375 0.04927884615384615 0.0985576923076923
4 0.5408653846153846 0.4050480769230769 0.030048076923076924 0.051682692307692304
1 0.5600961538461539 0.39302884615384615 0.021634615384615384 0.018028846153846152