1 0.5877403846153846 0.4026442307692308 0.013221153846153846 0.020432692307692308
1 0.5817307692307693 0.42427884615384615 0.018028846153846152 0.030048076923076924
1 0.5216346153846154 0.41225961538461536 0.014423076923076924 0.02403846153846154
0 0.6153846153846154 0.4230769230769231 0.02403846153846154 0.06370192307692307
1 0.39783653846153844 0.4639423076923077 0.026442307692307692 0.054086538461538464
1 0.5360576923076923 0.41947115384615385 0.019230769230769232 0.03365384615384615
1 0.37740384615384615 0.4639423076923077 0.028846153846153848 0.05889423076923077
2 0.2247596153846154 0.515625 0.027644230769230768 0.07572115384615384
4 0.640625 0.4807692307692308 0.04447115384615385 0.09014423076923077
0 0.5564903846153846 0.43149038461538464 0.03485576923076923 0.06850961538461539
4 0.42788461538461536 0.4495192307692308 0.046875 0.10096153846153846
2 0.6382211538461539 0.6646634615384616 0.03125 0.13221153846153846
1 0.375 0.6502403846153846 0.0733173076923077 0.10576923076923077
1 0.5288461538461539 0.6430288461538461 0.0733173076923077 0.140625
0 0.31971153846153844 0.49038461538461536 0.06850961538461539 0.12860576923076922
1 0.3581730769230769 0.4699519230769231 0.028846153846153848 0.05048076923076923
3 0.3545673076923077 0.47836538461538464 0.013221153846153846 0.055288461538461536
3 0.4543269230769231 0.42788461538461536 0.01201923076923077 0.030048076923076924
3 0.6466346153846154 0.5673076923076923 0.021634615384615384 0.07451923076923077
1 0.6045673076923077 0.38100961538461536 0.009615384615384616 0.016826923076923076