1 0.5841346153846154 0.40384615384615385 0.021634615384615384 0.021634615384615384
1 0.5204326923076923 0.4110576923076923 0.016826923076923076 0.025240384615384616
1 0.359375 0.4699519230769231 0.028846153846153848 0.04807692307692308
1 0.5528846153846154 0.4170673076923077 0.018028846153846152 0.026442307692307692
1 0.5733173076923077 0.4375 0.021634615384615384 0.036057692307692304
4 0.640625 0.4831730769230769 0.04326923076923077 0.0829326923076923
1 0.3786057692307692 0.46634615384615385 0.026442307692307692 0.054086538461538464
1 0.31490384615384615 0.4891826923076923 0.03485576923076923 0.054086538461538464
0 0.609375 0.4375 0.03485576923076923 0.06850961538461539
2 0.2247596153846154 0.515625 0.027644230769230768 0.078125
1 0.33533653846153844 0.4855769230769231 0.030048076923076924 0.055288461538461536
1 0.5456730769230769 0.46033653846153844 0.028846153846153848 0.05048076923076923
3 0.6430288461538461 0.5673076923076923 0.020432692307692308 0.078125
1 0.3701923076923077 0.6490384615384616 0.0733173076923077 0.10817307692307693
0 0.49278846153846156 0.4963942307692308 0.057692307692307696 0.109375
1 0.5288461538461539 0.6466346153846154 0.0733173076923077 0.13942307692307693
3 0.35336538461538464 0.47836538461538464 0.013221153846153846 0.055288461538461536
3 0.41947115384615385 0.44471153846153844 0.010817307692307692 0.025240384615384616
2 0.4375 0.4375 0.008413461538461538 0.03485576923076923
4 0.4206730769230769 0.5949519230769231 0.1778846153846154 0.1622596153846154
0 0.4891826923076923 0.4230769230769231 0.038461538461538464 0.06370192307692307
2 0.6069711538461539 0.49158653846153844 0.013221153846153846 0.052884615384615384
2 0.5865384615384616 0.3858173076923077 0.007211538461538462 0.021634615384615384