1 0.5817307692307693 0.4266826923076923 0.015625 0.030048076923076924
1 0.5889423076923077 0.4026442307692308 0.01201923076923077 0.020432692307692308
4 0.6442307692307693 0.484375 0.04927884615384615 0.08774038461538461
0 0.6153846153846154 0.4230769230769231 0.025240384615384616 0.055288461538461536
1 0.3125 0.4855769230769231 0.026442307692307692 0.04807692307692308
2 0.2247596153846154 0.5180288461538461 0.027644230769230768 0.078125
0 0.5552884615384616 0.4375 0.03245192307692308 0.07211538461538461
2 0.6286057692307693 0.6682692307692307 0.03365384615384615 0.1502403846153846
1 0.37259615384615385 0.6502403846153846 0.07692307692307693 0.11057692307692307
1 0.5288461538461539 0.6442307692307693 0.07451923076923077 0.14423076923076922
0 0.3557692307692308 0.4831730769230769 0.0733173076923077 0.11778846153846154
4 0.4387019230769231 0.44711538461538464 0.05048076923076923 0.10336538461538461
3 0.6490384615384616 0.5697115384615384 0.020432692307692308 0.08653846153846154
1 0.5204326923076923 0.4098557692307692 0.015625 0.026442307692307692
3 0.5324519230769231 0.4098557692307692 0.007211538461538462 0.030048076923076924
1 0.6009615384615384 0.4266826923076923 0.010817307692307692 0.019230769230769232