1 0.31490384615384615 0.48677884615384615 0.03365384615384615 0.052884615384615384
1 0.5420673076923077 0.5901442307692307 0.057692307692307696 0.10697115384615384
0 0.5757211538461539 0.4206730769230769 0.027644230769230768 0.05889423076923077
2 0.6322115384615384 0.6322115384615384 0.025240384615384616 0.09014423076923077
1 0.49038461538461536 0.4375 0.025240384615384616 0.042067307692307696
1 0.49278846153846156 0.5384615384615384 0.042067307692307696 0.06490384615384616
4 0.640625 0.4807692307692308 0.04326923076923077 0.09014423076923077
0 0.2091346153846154 0.546875 0.09134615384615384 0.17908653846153846
4 0.3545673076923077 0.47836538461538464 0.06610576923076923 0.1346153846153846
1 0.38100961538461536 0.4639423076923077 0.02403846153846154 0.056490384615384616
3 0.6490384615384616 0.5721153846153846 0.02283653846153846 0.08653846153846154
3 0.41947115384615385 0.44591346153846156 0.01201923076923077 0.026442307692307692
1 0.5288461538461539 0.4098557692307692 0.01201923076923077 0.018028846153846152
1 0.5384615384615384 0.41225961538461536 0.015625 0.020432692307692308
0 0.6141826923076923 0.4206730769230769 0.025240384615384616 0.05889423076923077
1 0.5913461538461539 0.38100961538461536 0.007211538461538462 0.014423076923076924
1 0.5973557692307693 0.3870192307692308 0.009615384615384616 0.018028846153846152
1 0.6033653846153846 0.38100961538461536 0.008413461538461538 0.018028846153846152