1 0.5276442307692307 0.40865384615384615 0.013221153846153846 0.021634615384615384
1 0.5420673076923077 0.41466346153846156 0.014423076923076924 0.026442307692307692
0 0.5757211538461539 0.41947115384615385 0.028846153846153848 0.055288461538461536
2 0.6033653846153846 0.5985576923076923 0.021634615384615384 0.09254807692307693
1 0.4723557692307692 0.44350961538461536 0.027644230769230768 0.039663461538461536
2 0.2247596153846154 0.5144230769230769 0.026442307692307692 0.07572115384615384
4 0.640625 0.4807692307692308 0.04326923076923077 0.09014423076923077
1 0.5540865384615384 0.5625 0.04447115384615385 0.09134615384615384
1 0.5048076923076923 0.5084134615384616 0.038461538461538464 0.05889423076923077
0 0.16105769230769232 0.5841346153846154 0.06971153846153846 0.23317307692307693
1 0.3629807692307692 0.4723557692307692 0.02283653846153846 0.05048076923076923
3 0.359375 0.4795673076923077 0.01201923076923077 0.054086538461538464
1 0.3798076923076923 0.4651442307692308 0.027644230769230768 0.055288461538461536
3 0.41947115384615385 0.44591346153846156 0.010817307692307692 0.02403846153846154
4 0.3329326923076923 0.49038461538461536 0.06610576923076923 0.13942307692307693
3 0.6514423076923077 0.5685096153846154 0.02283653846153846 0.08052884615384616
1 0.5901442307692307 0.3798076923076923 0.010817307692307692 0.018028846153846152
1 0.5961538461538461 0.3918269230769231 0.01201923076923077 0.019230769230769232
1 0.6009615384615384 0.38221153846153844 0.010817307692307692 0.02283653846153846
0 0.6129807692307693 0.421875 0.025240384615384616 0.05889423076923077