1 0.5408653846153846 0.41466346153846156 0.016826923076923076 0.030048076923076924
1 0.46153846153846156 0.45072115384615385 0.025240384615384616 0.037259615384615384
1 0.5276442307692307 0.40865384615384615 0.016826923076923076 0.026442307692307692
0 0.578125 0.41947115384615385 0.027644230769230768 0.06009615384615385
3 0.41947115384615385 0.44350961538461536 0.015625 0.03485576923076923
3 0.6466346153846154 0.5697115384615384 0.020432692307692308 0.08052884615384616
2 0.5925480769230769 0.5793269230769231 0.02403846153846154 0.08173076923076923
2 0.22355769230769232 0.5204326923076923 0.026442307692307692 0.07692307692307693
1 0.5564903846153846 0.5444711538461539 0.040865384615384616 0.08653846153846154
4 0.640625 0.4831730769230769 0.04567307692307692 0.08653846153846154
1 0.5204326923076923 0.49158653846153844 0.03485576923076923 0.056490384615384616
1 0.33653846153846156 0.4855769230769231 0.027644230769230768 0.054086538461538464
1 0.3581730769230769 0.4699519230769231 0.030048076923076924 0.051682692307692304
1 0.3786057692307692 0.46634615384615385 0.03125 0.05889423076923077
4 0.3088942307692308 0.4963942307692308 0.07692307692307693 0.15504807692307693
0 0.6141826923076923 0.4206730769230769 0.025240384615384616 0.06009615384615385
1 0.5889423076923077 0.3786057692307692 0.008413461538461538 0.015625
1 0.5973557692307693 0.38341346153846156 0.013221153846153846 0.018028846153846152
1 0.5973557692307693 0.3918269230769231 0.010817307692307692 0.021634615384615384