1 0.5372596153846154 0.41586538461538464 0.018028846153846152 0.027644230769230768
1 0.5276442307692307 0.4098557692307692 0.015625 0.018028846153846152
1 0.31490384615384615 0.4879807692307692 0.03365384615384615 0.052884615384615384
1 0.5697115384615384 0.515625 0.037259615384615384 0.07692307692307693
4 0.6382211538461539 0.4795673076923077 0.04447115384615385 0.09014423076923077
1 0.4026442307692308 0.46634615384615385 0.030048076923076924 0.05889423076923077
0 0.5793269230769231 0.4170673076923077 0.026442307692307692 0.052884615384615384
1 0.546875 0.46153846153846156 0.027644230769230768 0.046875
1 0.44471153846153844 0.4639423076923077 0.03125 0.05048076923076923
4 0.25240384615384615 0.5216346153846154 0.09014423076923077 0.1778846153846154
1 0.33413461538461536 0.484375 0.025240384615384616 0.055288461538461536
3 0.35336538461538464 0.4831730769230769 0.009615384615384616 0.05889423076923077
3 0.3605769230769231 0.4795673076923077 0.010817307692307692 0.052884615384615384
1 0.359375 0.4699519230769231 0.027644230769230768 0.05048076923076923
1 0.375 0.4675480769230769 0.021634615384615384 0.04447115384615385
3 0.41947115384615385 0.44471153846153844 0.01201923076923077 0.02403846153846154
2 0.5997596153846154 0.5492788461538461 0.014423076923076924 0.07091346153846154
3 0.6502403846153846 0.5685096153846154 0.02403846153846154 0.08413461538461539
0 0.6129807692307693 0.4206730769230769 0.021634615384615384 0.056490384615384616
2 0.5528846153846154 0.4050480769230769 0.007211538461538462 0.021634615384615384
1 0.5925480769230769 0.4014423076923077 0.014423076923076924 0.025240384615384616
1 0.5865384615384616 0.38100961538461536 0.008413461538461538 0.015625
1 0.5973557692307693 0.3870192307692308 0.010817307692307692 0.019230769230769232