1 0.5288461538461539 0.40865384615384615 0.018028846153846152 0.021634615384615384
4 0.5829326923076923 0.38341346153846156 0.014423076923076924 0.028846153846153848
4 0.6418269230769231 0.47716346153846156 0.04567307692307692 0.09375
3 0.6538461538461539 0.5673076923076923 0.02403846153846154 0.078125
2 0.2247596153846154 0.5144230769230769 0.027644230769230768 0.08052884615384616
4 0.5600961538461539 0.40625 0.02403846153846154 0.054086538461538464
1 0.3161057692307692 0.4879807692307692 0.03485576923076923 0.052884615384615384
1 0.33533653846153844 0.4831730769230769 0.025240384615384616 0.052884615384615384
1 0.4963942307692308 0.5300480769230769 0.046875 0.08052884615384616
1 0.5132211538461539 0.6105769230769231 0.04927884615384615 0.0829326923076923
1 0.4206730769230769 0.6141826923076923 0.0625 0.10697115384615384
0 0.5865384615384616 0.5216346153846154 0.06009615384615385 0.11899038461538461
1 0.3605769230769231 0.47115384615384615 0.028846153846153848 0.05048076923076923
1 0.3737980769230769 0.4675480769230769 0.027644230769230768 0.04567307692307692
3 0.4206730769230769 0.44591346153846156 0.01201923076923077 0.025240384615384616
2 0.3629807692307692 0.4879807692307692 0.019230769230769232 0.04807692307692308
1 0.4987980769230769 0.5745192307692307 0.057692307692307696 0.08653846153846154
1 0.5973557692307693 0.390625 0.010817307692307692 0.021634615384615384
4 0.6105769230769231 0.37740384615384615 0.016826923076923076 0.020432692307692308
1 0.6009615384615384 0.4110576923076923 0.014423076923076924 0.02283653846153846