0 0.5817307692307693 0.38461538461538464 0.014423076923076924 0.026442307692307692
1 0.5276442307692307 0.4110576923076923 0.015625 0.025240384615384616
4 0.6394230769230769 0.47596153846153844 0.04567307692307692 0.09375
2 0.22235576923076922 0.5168269230769231 0.025240384615384616 0.07451923076923077
1 0.3737980769230769 0.46634615384615385 0.025240384615384616 0.05048076923076923
1 0.3161057692307692 0.4855769230769231 0.03485576923076923 0.052884615384615384
4 0.5588942307692307 0.4050480769230769 0.026442307692307692 0.055288461538461536
1 0.33413461538461536 0.484375 0.02403846153846154 0.054086538461538464
1 0.5084134615384616 0.5829326923076923 0.046875 0.07572115384615384
1 0.5108173076923077 0.5048076923076923 0.037259615384615384 0.0625
0 0.5877403846153846 0.5180288461538461 0.05889423076923077 0.12379807692307693
1 0.4423076923076923 0.5829326923076923 0.04927884615384615 0.0889423076923077
1 0.3581730769230769 0.47115384615384615 0.027644230769230768 0.04927884615384615
2 0.36177884615384615 0.48197115384615385 0.015625 0.06129807692307692
3 0.41947115384615385 0.44591346153846156 0.01201923076923077 0.026442307692307692
1 0.48677884615384615 0.5492788461538461 0.05048076923076923 0.08052884615384616
3 0.6514423076923077 0.5709134615384616 0.02283653846153846 0.07932692307692307
0 0.5997596153846154 0.3762019230769231 0.03125 0.02283653846153846
1 0.5973557692307693 0.3954326923076923 0.01201923076923077 0.021634615384615384
1 0.6045673076923077 0.390625 0.010817307692307692 0.021634615384615384
1 0.6009615384615384 0.41346153846153844 0.013221153846153846 0.026442307692307692