4 0.6418269230769231 0.47836538461538464 0.04567307692307692 0.09254807692307693
1 0.6021634615384616 0.41346153846153844 0.014423076923076924 0.021634615384615384
1 0.5276442307692307 0.4098557692307692 0.015625 0.026442307692307692
2 0.22355769230769232 0.5144230769230769 0.02403846153846154 0.07451923076923077
1 0.49038461538461536 0.5144230769230769 0.037259615384615384 0.057692307692307696
1 0.375 0.46634615384615385 0.025240384615384616 0.04927884615384615
3 0.6514423076923077 0.5673076923076923 0.02403846153846154 0.08653846153846154
1 0.3161057692307692 0.48677884615384615 0.03485576923076923 0.051682692307692304
1 0.33533653846153844 0.484375 0.025240384615384616 0.052884615384615384
1 0.5060096153846154 0.546875 0.046875 0.07091346153846154
1 0.5192307692307693 0.49038461538461536 0.03125 0.054086538461538464
4 0.5564903846153846 0.40384615384615385 0.026442307692307692 0.05889423076923077
1 0.4675480769230769 0.5528846153846154 0.046875 0.08413461538461539
0 0.5877403846153846 0.5048076923076923 0.056490384615384616 0.1141826923076923
1 0.359375 0.47115384615384615 0.030048076923076924 0.046875
2 0.3605769230769231 0.48197115384615385 0.019230769230769232 0.05889423076923077
3 0.41947115384615385 0.44471153846153844 0.009615384615384616 0.026442307692307692
0 0.5817307692307693 0.3858173076923077 0.014423076923076924 0.028846153846153848
1 0.5865384615384616 0.3942307692307692 0.01201923076923077 0.018028846153846152
1 0.5949519230769231 0.3942307692307692 0.009615384615384616 0.019230769230769232
1 0.6057692307692307 0.3798076923076923 0.009615384615384616 0.018028846153846152
1 0.6033653846153846 0.39903846153846156 0.013221153846153846 0.02283653846153846