1 0.49399038461538464 0.4338942307692308 0.021634615384615384 0.040865384615384616
4 0.640625 0.4807692307692308 0.04326923076923077 0.09254807692307693
4 0.31850961538461536 0.4891826923076923 0.0733173076923077 0.16947115384615385
2 0.22235576923076922 0.5204326923076923 0.027644230769230768 0.06971153846153846
3 0.35336538461538464 0.484375 0.01201923076923077 0.06009615384615385
3 0.3918269230769231 0.47596153846153844 0.013221153846153846 0.056490384615384616
1 0.3605769230769231 0.4735576923076923 0.027644230769230768 0.04927884615384615
1 0.375 0.4723557692307692 0.025240384615384616 0.054086538461538464
3 0.41947115384615385 0.4483173076923077 0.01201923076923077 0.030048076923076924
2 0.6213942307692307 0.5709134615384616 0.039663461538461536 0.07451923076923077
3 0.6526442307692307 0.5733173076923077 0.02283653846153846 0.0889423076923077
0 0.5997596153846154 0.38100961538461536 0.015625 0.026442307692307692
1 0.5276442307692307 0.4110576923076923 0.01201923076923077 0.019230769230769232
1 0.5372596153846154 0.4170673076923077 0.015625 0.026442307692307692
1 0.5528846153846154 0.41225961538461536 0.014423076923076924 0.026442307692307692
0 0.5564903846153846 0.4014423076923077 0.015625 0.03245192307692308
4 0.5841346153846154 0.41586538461538464 0.06971153846153846 0.05048076923076923
0 0.6129807692307693 0.4338942307692308 0.027644230769230768 0.06009615384615385