1 0.640625 0.49038461538461536 0.042067307692307696 0.07451923076923077
3 0.7307692307692307 0.7223557692307693 0.046875 0.09014423076923077
4 0.6418269230769231 0.4891826923076923 0.04567307692307692 0.07451923076923077
0 0.5540865384615384 0.4074519230769231 0.026442307692307692 0.0625
2 0.22355769230769232 0.5192307692307693 0.026442307692307692 0.07692307692307693
0 0.6141826923076923 0.4483173076923077 0.036057692307692304 0.07572115384615384
1 0.31850961538461536 0.4891826923076923 0.037259615384615384 0.054086538461538464
4 0.39903846153846156 0.4567307692307692 0.06971153846153846 0.12620192307692307
1 0.24278846153846154 0.6213942307692307 0.12379807692307693 0.11177884615384616
1 0.3329326923076923 0.49158653846153844 0.027644230769230768 0.054086538461538464
3 0.35216346153846156 0.484375 0.009615384615384616 0.05889423076923077
2 0.6225961538461539 0.5721153846153846 0.039663461538461536 0.0733173076923077
3 0.6538461538461539 0.5709134615384616 0.019230769230769232 0.0829326923076923
1 0.5288461538461539 0.4098557692307692 0.014423076923076924 0.02283653846153846
1 0.5384615384615384 0.4110576923076923 0.013221153846153846 0.020432692307692308
0 0.5721153846153846 0.40024038461538464 0.015625 0.030048076923076924
1 0.5685096153846154 0.4110576923076923 0.01201923076923077 0.025240384615384616
1 0.5805288461538461 0.43509615384615385 0.018028846153846152 0.03125
1 0.5877403846153846 0.4074519230769231 0.013221153846153846 0.026442307692307692
1 0.59375 0.39903846153846156 0.010817307692307692 0.021634615384615384
1 0.5889423076923077 0.43149038461538464 0.01201923076923077 0.028846153846153848