1 0.5288461538461539 0.4110576923076923 0.014423076923076924 0.02403846153846154
2 0.22355769230769232 0.5180288461538461 0.027644230769230768 0.078125
0 0.6105769230769231 0.4387019230769231 0.03125 0.06129807692307692
1 0.5060096153846154 0.42788461538461536 0.019230769230769232 0.030048076923076924
4 0.5564903846153846 0.4098557692307692 0.027644230769230768 0.05889423076923077
1 0.31490384615384615 0.49038461538461536 0.03245192307692308 0.055288461538461536
4 0.6418269230769231 0.4855769230769231 0.04326923076923077 0.0889423076923077
4 0.3557692307692308 0.47596153846153844 0.0625 0.14903846153846154
3 0.41947115384615385 0.44711538461538464 0.015625 0.030048076923076924
2 0.6213942307692307 0.5733173076923077 0.040865384615384616 0.07572115384615384
3 0.6514423076923077 0.5709134615384616 0.021634615384615384 0.08653846153846154
1 0.5745192307692307 0.41586538461538464 0.015625 0.03125
1 0.5877403846153846 0.42427884615384615 0.019230769230769232 0.03245192307692308
1 0.5889423076923077 0.4074519230769231 0.014423076923076924 0.019230769230769232