1 0.5961538461538461 0.421875 0.020432692307692308 0.03125
1 0.5588942307692307 0.4206730769230769 0.016826923076923076 0.026442307692307692
0 0.5949519230769231 0.37740384615384615 0.015625 0.026442307692307692
3 0.7307692307692307 0.7199519230769231 0.04447115384615385 0.09735576923076923
0 0.6141826923076923 0.4266826923076923 0.025240384615384616 0.054086538461538464
0 0.5456730769230769 0.40625 0.019230769230769232 0.038461538461538464
1 0.5276442307692307 0.41586538461538464 0.018028846153846152 0.030048076923076924
1 0.4831730769230769 0.4375 0.020432692307692308 0.040865384615384616
4 0.6418269230769231 0.48197115384615385 0.04326923076923077 0.09254807692307693
4 0.27283653846153844 0.5072115384615384 0.07692307692307693 0.1875
2 0.22235576923076922 0.5204326923076923 0.030048076923076924 0.07572115384615384
1 0.3173076923076923 0.49399038461538464 0.027644230769230768 0.052884615384615384
1 0.3329326923076923 0.49038461538461536 0.030048076923076924 0.054086538461538464
3 0.3545673076923077 0.484375 0.01201923076923077 0.05889423076923077
1 0.3605769230769231 0.47475961538461536 0.030048076923076924 0.04927884615384615
1 0.3737980769230769 0.4723557692307692 0.025240384615384616 0.046875
3 0.390625 0.4723557692307692 0.01201923076923077 0.056490384615384616
3 0.4206730769230769 0.4483173076923077 0.01201923076923077 0.026442307692307692
2 0.6213942307692307 0.5709134615384616 0.037259615384615384 0.07091346153846154
3 0.6514423076923077 0.5685096153846154 0.015625 0.0829326923076923
1 0.5805288461538461 0.41346153846153844 0.014423076923076924 0.026442307692307692
1 0.5625 0.39663461538461536 0.013221153846153846 0.016826923076923076
1 0.5709134615384616 0.3954326923076923 0.01201923076923077 0.020432692307692308