1 0.5540865384615384 0.41947115384615385 0.018028846153846152 0.03125
3 0.39302884615384615 0.4723557692307692 0.014423076923076924 0.04927884615384615
1 0.47836538461538464 0.44350961538461536 0.021634615384615384 0.039663461538461536
0 0.5949519230769231 0.37740384615384615 0.013221153846153846 0.02403846153846154
1 0.5961538461538461 0.421875 0.018028846153846152 0.03125
1 0.5204326923076923 0.4170673076923077 0.018028846153846152 0.030048076923076924
4 0.6430288461538461 0.48197115384615385 0.046875 0.09615384615384616
4 0.2548076923076923 0.5120192307692307 0.08173076923076923 0.19591346153846154
3 0.4206730769230769 0.44711538461538464 0.010817307692307692 0.028846153846153848
3 0.35336538461538464 0.48197115384615385 0.013221153846153846 0.057692307692307696
1 0.31850961538461536 0.49399038461538464 0.03245192307692308 0.051682692307692304
1 0.33413461538461536 0.4891826923076923 0.027644230769230768 0.052884615384615384
1 0.3605769230769231 0.4735576923076923 0.027644230769230768 0.046875
1 0.375 0.4723557692307692 0.021634615384615384 0.046875
2 0.6213942307692307 0.5721153846153846 0.039663461538461536 0.07451923076923077
3 0.6514423076923077 0.5697115384615384 0.015625 0.0829326923076923
0 0.6153846153846154 0.4230769230769231 0.026442307692307692 0.06009615384615385
0 0.5432692307692307 0.4050480769230769 0.019230769230769232 0.037259615384615384
4 0.5649038461538461 0.39663461538461536 0.03365384615384615 0.03485576923076923
1 0.578125 0.41225961538461536 0.010817307692307692 0.025240384615384616