2 0.6213942307692307 0.5697115384615384 0.03365384615384615 0.078125
1 0.5288461538461539 0.4110576923076923 0.014423076923076924 0.021634615384615384
1 0.5144230769230769 0.4206730769230769 0.016826923076923076 0.028846153846153848
3 0.6514423076923077 0.5697115384615384 0.016826923076923076 0.08653846153846154
1 0.4735576923076923 0.44350961538461536 0.021634615384615384 0.040865384615384616
1 0.33653846153846156 0.4891826923076923 0.030048076923076924 0.055288461538461536
1 0.31850961538461536 0.49038461538461536 0.038461538461538464 0.055288461538461536
4 0.6430288461538461 0.47596153846153844 0.04326923076923077 0.09495192307692307
4 0.23557692307692307 0.5216346153846154 0.09375 0.21634615384615385
3 0.3545673076923077 0.4855769230769231 0.015625 0.06610576923076923
1 0.3629807692307692 0.47596153846153844 0.027644230769230768 0.04567307692307692
1 0.3762019230769231 0.4699519230769231 0.02403846153846154 0.04807692307692308
3 0.3942307692307692 0.47115384615384615 0.01201923076923077 0.054086538461538464
0 0.59375 0.3798076923076923 0.01201923076923077 0.02403846153846154
1 0.5985576923076923 0.41947115384615385 0.01201923076923077 0.025240384615384616
0 0.5817307692307693 0.3954326923076923 0.01201923076923077 0.021634615384615384
0 0.5432692307692307 0.4050480769230769 0.015625 0.037259615384615384
1 0.5444711538461539 0.41346153846153844 0.01201923076923077 0.020432692307692308
1 0.5540865384615384 0.41947115384615385 0.016826923076923076 0.030048076923076924
1 0.6021634615384616 0.38221153846153844 0.01201923076923077 0.019230769230769232
0 0.6153846153846154 0.421875 0.02283653846153846 0.051682692307692304