4 0.5456730769230769 0.4074519230769231 0.019230769230769232 0.04326923076923077
1 0.46153846153846156 0.453125 0.02283653846153846 0.046875
1 0.33653846153846156 0.4891826923076923 0.027644230769230768 0.054086538461538464
1 0.5024038461538461 0.4387019230769231 0.02403846153846154 0.042067307692307696
1 0.3161057692307692 0.49278846153846156 0.037259615384615384 0.04927884615384615
4 0.6442307692307693 0.4795673076923077 0.04807692307692308 0.09495192307692307
2 0.22355769230769232 0.5216346153846154 0.027644230769230768 0.0673076923076923
2 0.6237980769230769 0.5709134615384616 0.03485576923076923 0.07091346153846154
3 0.6526442307692307 0.5721153846153846 0.016826923076923076 0.0829326923076923
1 0.359375 0.47596153846153844 0.03125 0.046875
1 0.37259615384615385 0.47115384615384615 0.025240384615384616 0.04326923076923077
3 0.39903846153846156 0.4723557692307692 0.01201923076923077 0.051682692307692304
3 0.3557692307692308 0.4831730769230769 0.013221153846153846 0.05889423076923077
3 0.4206730769230769 0.4483173076923077 0.009615384615384616 0.02283653846153846
1 0.5288461538461539 0.41346153846153844 0.013221153846153846 0.018028846153846152
1 0.5973557692307693 0.42788461538461536 0.03125 0.03245192307692308
0 0.5901442307692307 0.38341346153846156 0.013221153846153846 0.026442307692307692
1 0.5661057692307693 0.39903846153846156 0.019230769230769232 0.021634615384615384
1 0.5733173076923077 0.41346153846153844 0.013221153846153846 0.02283653846153846
1 0.5889423076923077 0.40865384615384615 0.01201923076923077 0.021634615384615384
1 0.6045673076923077 0.41346153846153844 0.010817307692307692 0.018028846153846152