2 0.2247596153846154 0.5180288461538461 0.02403846153846154 0.06850961538461539
3 0.6526442307692307 0.5733173076923077 0.021634615384615384 0.0829326923076923
1 0.3161057692307692 0.49158653846153844 0.030048076923076924 0.04326923076923077
4 0.6466346153846154 0.47115384615384615 0.054086538461538464 0.11057692307692307
1 0.28725961538461536 0.6165865384615384 0.0733173076923077 0.11658653846153846
1 0.33653846153846156 0.49038461538461536 0.028846153846153848 0.04927884615384615
3 0.30649038461538464 0.46875 0.014423076923076924 0.04567307692307692
1 0.3605769230769231 0.4723557692307692 0.027644230769230768 0.046875
1 0.3762019230769231 0.4675480769230769 0.026442307692307692 0.03485576923076923
1 0.3762019230769231 0.5036057692307693 0.03485576923076923 0.06370192307692307
3 0.4206730769230769 0.44711538461538464 0.010817307692307692 0.027644230769230768
2 0.609375 0.5216346153846154 0.020432692307692308 0.055288461538461536
1 0.5300480769230769 0.4206730769230769 0.016826923076923076 0.026442307692307692
0 0.5372596153846154 0.40865384615384615 0.018028846153846152 0.042067307692307696
1 0.5576923076923077 0.421875 0.013221153846153846 0.026442307692307692
1 0.59375 0.4014423076923077 0.010817307692307692 0.021634615384615384
0 0.5877403846153846 0.3942307692307692 0.015625 0.030048076923076924
1 0.6105769230769231 0.41346153846153844 0.013221153846153846 0.03125
1 0.5637019230769231 0.39903846153846156 0.02283653846153846 0.021634615384615384