1 0.5588942307692307 0.41947115384615385 0.018028846153846152 0.026442307692307692
1 0.6105769230769231 0.40865384615384615 0.015625 0.030048076923076924
2 0.22355769230769232 0.515625 0.027644230769230768 0.07451923076923077
0 0.5817307692307693 0.390625 0.015625 0.03485576923076923
1 0.5276442307692307 0.4182692307692308 0.016826923076923076 0.03125
2 0.6057692307692307 0.515625 0.015625 0.054086538461538464
4 0.6442307692307693 0.4735576923076923 0.04567307692307692 0.10336538461538461
1 0.3641826923076923 0.5060096153846154 0.036057692307692304 0.06850961538461539
1 0.21394230769230768 0.625 0.08774038461538461 0.13221153846153846
3 0.3870192307692308 0.46153846153846156 0.010817307692307692 0.04927884615384615
3 0.3016826923076923 0.4735576923076923 0.015625 0.06009615384615385
3 0.41947115384615385 0.44711538461538464 0.01201923076923077 0.026442307692307692
1 0.31490384615384615 0.49158653846153844 0.03125 0.05048076923076923
1 0.33533653846153844 0.49038461538461536 0.026442307692307692 0.055288461538461536
1 0.36658653846153844 0.4699519230769231 0.03365384615384615 0.04447115384615385
3 0.6514423076923077 0.5685096153846154 0.018028846153846152 0.078125
1 0.5612980769230769 0.39663461538461536 0.010817307692307692 0.019230769230769232
0 0.5372596153846154 0.40865384615384615 0.019230769230769232 0.04807692307692308
1 0.5925480769230769 0.4014423076923077 0.01201923076923077 0.026442307692307692