0 0.5757211538461539 0.39302884615384615 0.014423076923076924 0.03125
3 0.390625 0.45552884615384615 0.013221153846153846 0.046875
1 0.5252403846153846 0.4170673076923077 0.015625 0.02403846153846154
1 0.5576923076923077 0.4170673076923077 0.014423076923076924 0.027644230769230768
1 0.33653846153846156 0.5168269230769231 0.03485576923076923 0.07091346153846154
2 0.22355769230769232 0.515625 0.026442307692307692 0.078125
0 0.5336538461538461 0.40625 0.02283653846153846 0.046875
1 0.31490384615384615 0.4891826923076923 0.028846153846153848 0.046875
3 0.6502403846153846 0.5661057692307693 0.020432692307692308 0.08774038461538461
3 0.14302884615384615 0.5228365384615384 0.019230769230769232 0.0889423076923077
3 0.4206730769230769 0.44591346153846156 0.010817307692307692 0.027644230769230768
3 0.30408653846153844 0.46153846153846156 0.010817307692307692 0.03485576923076923
1 0.3329326923076923 0.47836538461538464 0.030048076923076924 0.038461538461538464
1 0.359375 0.4723557692307692 0.028846153846153848 0.05048076923076923
1 0.375 0.46634615384615385 0.020432692307692308 0.04447115384615385
2 0.6286057692307693 0.5108173076923077 0.016826923076923076 0.05889423076923077
4 0.6418269230769231 0.47596153846153844 0.04567307692307692 0.09014423076923077
1 0.6021634615384616 0.38461538461538464 0.009615384615384616 0.018028846153846152
1 0.5913461538461539 0.4026442307692308 0.013221153846153846 0.026442307692307692
1 0.6117788461538461 0.40865384615384615 0.014423076923076924 0.026442307692307692