1 0.359375 0.46875 0.027644230769230768 0.051682692307692304
3 0.4206730769230769 0.44591346153846156 0.01201923076923077 0.027644230769230768
3 0.3954326923076923 0.4579326923076923 0.016826923076923076 0.051682692307692304
1 0.3737980769230769 0.46634615384615385 0.026442307692307692 0.04807692307692308
2 0.22355769230769232 0.515625 0.027644230769230768 0.07692307692307693
1 0.33653846153846156 0.484375 0.025240384615384616 0.054086538461538464
1 0.31490384615384615 0.4855769230769231 0.03125 0.052884615384615384
4 0.6430288461538461 0.4723557692307692 0.05048076923076923 0.09014423076923077
1 0.2980769230769231 0.5396634615384616 0.046875 0.08533653846153846
3 0.3076923076923077 0.46033653846153844 0.010817307692307692 0.036057692307692304
2 0.6286057692307693 0.5096153846153846 0.018028846153846152 0.054086538461538464
3 0.6538461538461539 0.5685096153846154 0.021634615384615384 0.0829326923076923
1 0.5216346153846154 0.4170673076923077 0.019230769230769232 0.028846153846153848
0 0.5288461538461539 0.40865384615384615 0.021634615384615384 0.046875
1 0.5576923076923077 0.4182692307692308 0.014423076923076924 0.030048076923076924
0 0.5733173076923077 0.3954326923076923 0.016826923076923076 0.03485576923076923
1 0.5961538461538461 0.40384615384615385 0.013221153846153846 0.02403846153846154
1 0.5853365384615384 0.39903846153846156 0.015625 0.018028846153846152