3 0.6490384615384616 0.5721153846153846 0.021634615384615384 0.08533653846153846
3 0.1466346153846154 0.5288461538461539 0.02403846153846154 0.09615384615384616
4 0.5492788461538461 0.453125 0.036057692307692304 0.057692307692307696
4 0.6358173076923077 0.4855769230769231 0.05048076923076923 0.09375
3 0.4050480769230769 0.4483173076923077 0.013221153846153846 0.046875
1 0.375 0.4675480769230769 0.019230769230769232 0.04567307692307692
2 0.2247596153846154 0.515625 0.027644230769230768 0.078125
1 0.359375 0.4735576923076923 0.028846153846153848 0.054086538461538464
1 0.31490384615384615 0.4891826923076923 0.03365384615384615 0.05048076923076923
1 0.33533653846153844 0.484375 0.027644230769230768 0.054086538461538464
1 0.3161057692307692 0.6382211538461539 0.09254807692307693 0.13581730769230768
2 0.6021634615384616 0.4879807692307692 0.016826923076923076 0.05048076923076923
1 0.6021634615384616 0.38341346153846156 0.01201923076923077 0.019230769230769232
1 0.5132211538461539 0.41586538461538464 0.018028846153846152 0.026442307692307692
1 0.5300480769230769 0.41466346153846156 0.014423076923076924 0.027644230769230768
1 0.5372596153846154 0.40865384615384615 0.010817307692307692 0.018028846153846152
1 0.5504807692307693 0.41947115384615385 0.015625 0.025240384615384616
4 0.5721153846153846 0.421875 0.03365384615384615 0.06610576923076923
1 0.5913461538461539 0.40625 0.014423076923076924 0.025240384615384616
1 0.6021634615384616 0.4014423076923077 0.010817307692307692 0.018028846153846152