3 0.14423076923076922 0.5324519230769231 0.019230769230769232 0.08774038461538461
1 0.4423076923076923 0.46153846153846156 0.027644230769230768 0.046875
1 0.3737980769230769 0.46875 0.020432692307692308 0.04447115384615385
3 0.39903846153846156 0.453125 0.01201923076923077 0.05048076923076923
2 0.22355769230769232 0.5204326923076923 0.028846153846153848 0.07451923076923077
1 0.5360576923076923 0.4387019230769231 0.021634615384615384 0.03125
1 0.33774038461538464 0.484375 0.026442307692307692 0.054086538461538464
1 0.359375 0.4723557692307692 0.026442307692307692 0.05048076923076923
1 0.31490384615384615 0.4891826923076923 0.03365384615384615 0.051682692307692304
4 0.6370192307692307 0.48197115384615385 0.05048076923076923 0.09014423076923077
1 0.3737980769230769 0.6490384615384616 0.07091346153846154 0.10576923076923077
3 0.6550480769230769 0.5709134615384616 0.021634615384615384 0.0829326923076923
1 0.5276442307692307 0.4110576923076923 0.014423076923076924 0.018028846153846152
1 0.5360576923076923 0.40865384615384615 0.014423076923076924 0.019230769230769232
1 0.5757211538461539 0.4110576923076923 0.01201923076923077 0.02403846153846154
4 0.5889423076923077 0.4170673076923077 0.018028846153846152 0.038461538461538464