3 0.14423076923076922 0.5348557692307693 0.018028846153846152 0.0889423076923077
1 0.3762019230769231 0.46875 0.02403846153846154 0.04447115384615385
2 0.22355769230769232 0.5216346153846154 0.026442307692307692 0.07692307692307693
1 0.4266826923076923 0.47115384615384615 0.030048076923076924 0.05048076923076923
1 0.5348557692307693 0.44350961538461536 0.021634615384615384 0.036057692307692304
1 0.359375 0.4735576923076923 0.027644230769230768 0.05048076923076923
1 0.33653846153846156 0.48677884615384615 0.027644230769230768 0.054086538461538464
1 0.3161057692307692 0.49038461538461536 0.03365384615384615 0.051682692307692304
4 0.6370192307692307 0.484375 0.046875 0.09014423076923077
1 0.37259615384615385 0.6490384615384616 0.06971153846153846 0.1045673076923077
3 0.65625 0.5757211538461539 0.019230769230769232 0.07692307692307693
1 0.5276442307692307 0.4110576923076923 0.01201923076923077 0.016826923076923076
1 0.5360576923076923 0.40865384615384615 0.013221153846153846 0.019230769230769232
1 0.5745192307692307 0.41346153846153844 0.018028846153846152 0.026442307692307692
1 0.5925480769230769 0.41466346153846156 0.018028846153846152 0.03485576923076923