3 0.14543269230769232 0.5324519230769231 0.018028846153846152 0.09014423076923077
1 0.5276442307692307 0.4110576923076923 0.014423076923076924 0.018028846153846152
1 0.5649038461538461 0.4170673076923077 0.016826923076923076 0.030048076923076924
1 0.3762019230769231 0.46875 0.02283653846153846 0.04567307692307692
2 0.22355769230769232 0.5192307692307693 0.02403846153846154 0.07451923076923077
1 0.359375 0.4699519230769231 0.026442307692307692 0.051682692307692304
4 0.6334134615384616 0.4795673076923077 0.04326923076923077 0.09375
1 0.33533653846153844 0.484375 0.025240384615384616 0.052884615384615384
1 0.3161057692307692 0.49158653846153844 0.03485576923076923 0.052884615384615384
1 0.5204326923076923 0.453125 0.025240384615384616 0.040865384615384616
1 0.35096153846153844 0.5168269230769231 0.038461538461538464 0.0625
1 0.3737980769230769 0.6490384615384616 0.07211538461538461 0.10336538461538461
3 0.6574519230769231 0.5745192307692307 0.020432692307692308 0.08173076923076923
3 0.39302884615384615 0.4567307692307692 0.009615384615384616 0.05048076923076923
1 0.5360576923076923 0.4098557692307692 0.013221153846153846 0.021634615384615384
1 0.5480769230769231 0.4074519230769231 0.01201923076923077 0.021634615384615384
1 0.5721153846153846 0.4026442307692308 0.01201923076923077 0.021634615384615384
1 0.5901442307692307 0.4026442307692308 0.010817307692307692 0.019230769230769232
4 0.6021634615384616 0.4026442307692308 0.019230769230769232 0.046875