1 0.375 0.4675480769230769 0.020432692307692308 0.042067307692307696
1 0.5072115384615384 0.42427884615384615 0.018028846153846152 0.030048076923076924
3 0.4014423076923077 0.4483173076923077 0.013221153846153846 0.046875
2 0.22355769230769232 0.5180288461538461 0.026442307692307692 0.078125
4 0.6358173076923077 0.49038461538461536 0.046875 0.08533653846153846
1 0.31490384615384615 0.4879807692307692 0.03365384615384615 0.04927884615384615
1 0.3581730769230769 0.4735576923076923 0.027644230769230768 0.052884615384615384
1 0.33533653846153844 0.4855769230769231 0.026442307692307692 0.054086538461538464
1 0.3713942307692308 0.6490384615384616 0.07451923076923077 0.11057692307692307
3 0.14543269230769232 0.5324519230769231 0.019230769230769232 0.09375
3 0.6550480769230769 0.5733173076923077 0.02283653846153846 0.08052884615384616
1 0.5276442307692307 0.41586538461538464 0.015625 0.030048076923076924
1 0.5372596153846154 0.4098557692307692 0.01201923076923077 0.021634615384615384
1 0.5516826923076923 0.4206730769230769 0.018028846153846152 0.028846153846153848
4 0.5769230769230769 0.4170673076923077 0.03125 0.05889423076923077
4 0.5709134615384616 0.4423076923076923 0.030048076923076924 0.052884615384615384
1 0.6009615384615384 0.38461538461538464 0.010817307692307692 0.015625