3 0.6634615384615384 0.5745192307692307 0.018028846153846152 0.078125
1 0.5540865384615384 0.41947115384615385 0.016826923076923076 0.026442307692307692
1 0.3762019230769231 0.4699519230769231 0.02403846153846154 0.04447115384615385
1 0.5216346153846154 0.4182692307692308 0.016826923076923076 0.027644230769230768
1 0.3605769230769231 0.47475961538461536 0.028846153846153848 0.051682692307692304
3 0.14543269230769232 0.5348557692307693 0.019230769230769232 0.09014423076923077
2 0.22355769230769232 0.5180288461538461 0.02403846153846154 0.0673076923076923
3 0.390625 0.45913461538461536 0.01201923076923077 0.05048076923076923
4 0.6382211538461539 0.47716346153846156 0.051682692307692304 0.10697115384615384
1 0.33774038461538464 0.4855769230769231 0.028846153846153848 0.054086538461538464
1 0.3161057692307692 0.4891826923076923 0.03365384615384615 0.054086538461538464
1 0.46153846153846156 0.4891826923076923 0.03365384615384615 0.05048076923076923
1 0.21153846153846154 0.5865384615384616 0.0625 0.09735576923076923
1 0.40384615384615385 0.6526442307692307 0.13822115384615385 0.21514423076923078
1 0.5372596153846154 0.4098557692307692 0.013221153846153846 0.021634615384615384
1 0.5721153846153846 0.40024038461538464 0.01201923076923077 0.021634615384615384
1 0.5913461538461539 0.4026442307692308 0.010817307692307692 0.019230769230769232