1 0.5552884615384616 0.41947115384615385 0.018028846153846152 0.02403846153846154
1 0.5817307692307693 0.38100961538461536 0.009615384615384616 0.016826923076923076
1 0.3870192307692308 0.6418269230769231 0.046875 0.11057692307692307
1 0.3762019230769231 0.46875 0.025240384615384616 0.042067307692307696
1 0.5276442307692307 0.41947115384615385 0.018028846153846152 0.030048076923076924
1 0.3605769230769231 0.47115384615384615 0.028846153846153848 0.05048076923076923
1 0.33653846153846156 0.4855769230769231 0.027644230769230768 0.052884615384615384
1 0.3161057692307692 0.49038461538461536 0.03365384615384615 0.052884615384615384
4 0.6346153846153846 0.4795673076923077 0.04326923076923077 0.1045673076923077
1 0.484375 0.4735576923076923 0.03125 0.046875
1 0.21394230769230768 0.5817307692307693 0.04927884615384615 0.09495192307692307
1 0.29927884615384615 0.6694711538461539 0.203125 0.328125
3 0.14543269230769232 0.5276442307692307 0.007211538461538462 0.07091346153846154
2 0.2247596153846154 0.5192307692307693 0.02403846153846154 0.06370192307692307
2 0.3894230769230769 0.45913461538461536 0.010817307692307692 0.05048076923076923
3 0.6550480769230769 0.5733173076923077 0.021634615384615384 0.078125
1 0.5913461538461539 0.40384615384615385 0.01201923076923077 0.015625
1 0.5360576923076923 0.4110576923076923 0.014423076923076924 0.021634615384615384
1 0.5721153846153846 0.4014423076923077 0.01201923076923077 0.020432692307692308
4 0.6069711538461539 0.4014423076923077 0.019230769230769232 0.039663461538461536