1 0.6887019230769231 0.5192307692307693 0.07932692307692307 0.10817307692307693
3 0.8125 0.5084134615384616 0.016826923076923076 0.054086538461538464
1 0.29086538461538464 0.5096153846153846 0.039663461538461536 0.042067307692307696
1 0.5180288461538461 0.5144230769230769 0.026442307692307692 0.03365384615384615
1 0.24759615384615385 0.5324519230769231 0.078125 0.08052884615384616
4 0.3605769230769231 0.5060096153846154 0.04927884615384615 0.0673076923076923
1 0.04927884615384615 0.5733173076923077 0.0985576923076923 0.12740384615384615
1 0.4254807692307692 0.5180288461538461 0.05889423076923077 0.05889423076923077
1 0.5540865384615384 0.5216346153846154 0.05889423076923077 0.06610576923076923
1 0.21995192307692307 0.5168269230769231 0.04326923076923077 0.052884615384615384
1 0.6177884615384616 0.5252403846153846 0.021634615384615384 0.016826923076923076
1 0.6069711538461539 0.5240384615384616 0.014423076923076924 0.015625