3 0.39783653846153844 0.5216346153846154 0.020432692307692308 0.0625
1 0.09495192307692307 0.5348557692307693 0.08173076923076923 0.04927884615384615
1 0.18629807692307693 0.5228365384615384 0.051682692307692304 0.054086538461538464
1 0.49399038461538464 0.5336538461538461 0.027644230769230768 0.030048076923076924
1 0.6394230769230769 0.5204326923076923 0.07451923076923077 0.09615384615384616
1 0.06370192307692307 0.6875 0.12740384615384615 0.2932692307692308
1 0.5348557692307693 0.5264423076923077 0.05889423076923077 0.06610576923076923
2 0.6911057692307693 0.5192307692307693 0.025240384615384616 0.0829326923076923
3 0.38221153846153844 0.5420673076923077 0.01201923076923077 0.026442307692307692
1 0.5961538461538461 0.5384615384615384 0.02403846153846154 0.030048076923076924
3 0.9278846153846154 0.5264423076923077 0.027644230769230768 0.07211538461538461