1 0.5889423076923077 0.4074519230769231 0.010817307692307692 0.015625
1 0.5552884615384616 0.421875 0.019230769230769232 0.027644230769230768
1 0.5420673076923077 0.41346153846153844 0.01201923076923077 0.018028846153846152
1 0.38461538461538464 0.5396634615384616 0.04326923076923077 0.056490384615384616
3 0.38822115384615385 0.4639423076923077 0.01201923076923077 0.042067307692307696
1 0.5216346153846154 0.4182692307692308 0.015625 0.027644230769230768
4 0.6346153846153846 0.484375 0.04567307692307692 0.08774038461538461
1 0.3605769230769231 0.4735576923076923 0.030048076923076924 0.054086538461538464
1 0.31850961538461536 0.49038461538461536 0.03485576923076923 0.055288461538461536
1 0.33774038461538464 0.4855769230769231 0.030048076923076924 0.057692307692307696
1 0.4963942307692308 0.6430288461538461 0.06971153846153846 0.10336538461538461
3 0.6646634615384616 0.5733173076923077 0.013221153846153846 0.06971153846153846
3 0.171875 0.5384615384615384 0.013221153846153846 0.07932692307692307
2 0.2247596153846154 0.5204326923076923 0.025240384615384616 0.0673076923076923
1 0.5721153846153846 0.4026442307692308 0.009615384615384616 0.018028846153846152
1 0.375 0.4675480769230769 0.02403846153846154 0.038461538461538464
1 0.5288461538461539 0.41586538461538464 0.01201923076923077 0.019230769230769232
1 0.5805288461538461 0.38341346153846156 0.013221153846153846 0.021634615384615384