3 0.171875 0.5408653846153846 0.015625 0.07692307692307693
1 0.37740384615384615 0.4723557692307692 0.028846153846153848 0.051682692307692304
1 0.3605769230769231 0.4723557692307692 0.028846153846153848 0.052884615384615384
1 0.3161057692307692 0.49038461538461536 0.03365384615384615 0.054086538461538464
1 0.5204326923076923 0.4170673076923077 0.018028846153846152 0.03125
1 0.3389423076923077 0.4891826923076923 0.030048076923076924 0.055288461538461536
1 0.14302884615384615 0.6286057692307693 0.037259615384615384 0.12860576923076922
4 0.6334134615384616 0.47716346153846156 0.046875 0.10336538461538461
4 0.5240384615384616 0.5216346153846154 0.07211538461538461 0.171875
2 0.2247596153846154 0.5192307692307693 0.026442307692307692 0.0673076923076923
3 0.6646634615384616 0.5745192307692307 0.015625 0.0829326923076923
3 0.3942307692307692 0.4723557692307692 0.01201923076923077 0.052884615384615384
3 0.4675480769230769 0.4182692307692308 0.010817307692307692 0.03365384615384615
3 0.609375 0.5 0.013221153846153846 0.06009615384615385
1 0.5288461538461539 0.4110576923076923 0.014423076923076924 0.019230769230769232
1 0.5673076923076923 0.41225961538461536 0.018028846153846152 0.03125
1 0.5805288461538461 0.3954326923076923 0.021634615384615384 0.018028846153846152