3 0.39783653846153844 0.4723557692307692 0.010817307692307692 0.05048076923076923
1 0.3762019230769231 0.4699519230769231 0.025240384615384616 0.04927884615384615
1 0.3641826923076923 0.4723557692307692 0.03125 0.04927884615384615
4 0.6346153846153846 0.4795673076923077 0.046875 0.109375
1 0.33774038461538464 0.48677884615384615 0.027644230769230768 0.051682692307692304
1 0.3161057692307692 0.49038461538461536 0.03245192307692308 0.05048076923076923
1 0.5516826923076923 0.4675480769230769 0.028846153846153848 0.05048076923076923
1 0.27524038461538464 0.6225961538461539 0.109375 0.20793269230769232
4 0.5120192307692307 0.48197115384615385 0.054086538461538464 0.15144230769230768
3 0.17427884615384615 0.5372596153846154 0.01201923076923077 0.07211538461538461
2 0.22355769230769232 0.5216346153846154 0.02403846153846154 0.0625
3 0.6730769230769231 0.5697115384615384 0.015625 0.07211538461538461
1 0.5288461538461539 0.41225961538461536 0.015625 0.021634615384615384
1 0.5600961538461539 0.4098557692307692 0.020432692307692308 0.02403846153846154
1 0.59375 0.4014423076923077 0.010817307692307692 0.014423076923076924
1 0.5805288461538461 0.38341346153846156 0.01201923076923077 0.016826923076923076
1 0.6021634615384616 0.41225961538461536 0.028846153846153848 0.02403846153846154