3 0.3954326923076923 0.4735576923076923 0.010817307692307692 0.052884615384615384
1 0.5805288461538461 0.4110576923076923 0.016826923076923076 0.027644230769230768
1 0.20552884615384615 0.6899038461538461 0.16706730769230768 0.5048076923076923
1 0.3605769230769231 0.4723557692307692 0.027644230769230768 0.052884615384615384
1 0.3798076923076923 0.4723557692307692 0.025240384615384616 0.04927884615384615
1 0.33774038461538464 0.4855769230769231 0.027644230769230768 0.054086538461538464
1 0.5576923076923077 0.46033653846153844 0.030048076923076924 0.04807692307692308
1 0.3161057692307692 0.49158653846153844 0.03365384615384615 0.052884615384615384
4 0.6310096153846154 0.4795673076923077 0.040865384615384616 0.09495192307692307
4 0.5144230769230769 0.4735576923076923 0.052884615384615384 0.13701923076923078
1 0.35096153846153844 0.6201923076923077 0.08653846153846154 0.16346153846153846
3 0.6598557692307693 0.5649038461538461 0.015625 0.0733173076923077
2 0.46153846153846156 0.4254807692307692 0.009615384615384616 0.03485576923076923
1 0.5600961538461539 0.4110576923076923 0.01201923076923077 0.021634615384615384
1 0.5925480769230769 0.4050480769230769 0.01201923076923077 0.021634615384615384
1 0.5817307692307693 0.38221153846153844 0.015625 0.020432692307692308