1 0.5925480769230769 0.4050480769230769 0.009615384615384616 0.018028846153846152
1 0.5288461538461539 0.4110576923076923 0.014423076923076924 0.018028846153846152
1 0.5721153846153846 0.41586538461538464 0.019230769230769232 0.025240384615384616
3 0.6598557692307693 0.5661057692307693 0.019230769230769232 0.08052884615384616
1 0.5805288461538461 0.38100961538461536 0.010817307692307692 0.018028846153846152
3 0.17307692307692307 0.5420673076923077 0.015625 0.07572115384615384
1 0.4879807692307692 0.47596153846153844 0.028846153846153848 0.04326923076923077
1 0.5673076923076923 0.4411057692307692 0.02283653846153846 0.03485576923076923
4 0.37259615384615385 0.44591346153846156 0.12259615384615384 0.11899038461538461
1 0.5096153846153846 0.6442307692307693 0.07211538461538461 0.140625
2 0.22235576923076922 0.5180288461538461 0.027644230769230768 0.06129807692307692
2 0.47836538461538464 0.42427884615384615 0.007211538461538462 0.026442307692307692
4 0.6358173076923077 0.49038461538461536 0.04326923076923077 0.09375
1 0.31490384615384615 0.49278846153846156 0.028846153846153848 0.042067307692307696
1 0.33653846153846156 0.4891826923076923 0.027644230769230768 0.04447115384615385
2 0.46033653846153844 0.42908653846153844 0.007211538461538462 0.027644230769230768
2 0.49038461538461536 0.42908653846153844 0.010817307692307692 0.028846153846153848
2 0.5480769230769231 0.40625 0.010817307692307692 0.014423076923076924