1 0.5925480769230769 0.40384615384615385 0.010817307692307692 0.015625
4 0.6334134615384616 0.48677884615384615 0.039663461538461536 0.0829326923076923
1 0.5769230769230769 0.4326923076923077 0.018028846153846152 0.027644230769230768
3 0.17307692307692307 0.5360576923076923 0.018028846153846152 0.07692307692307693
1 0.375 0.4723557692307692 0.013221153846153846 0.04326923076923077
1 0.3870192307692308 0.5204326923076923 0.04326923076923077 0.06370192307692307
1 0.33774038461538464 0.4855769230769231 0.027644230769230768 0.054086538461538464
1 0.3605769230769231 0.47115384615384615 0.026442307692307692 0.051682692307692304
1 0.3161057692307692 0.49038461538461536 0.03365384615384615 0.05048076923076923
1 0.5649038461538461 0.6298076923076923 0.10216346153846154 0.08653846153846154
1 0.24519230769230768 0.6033653846153846 0.1045673076923077 0.21634615384615385
3 0.65625 0.5661057692307693 0.016826923076923076 0.07091346153846154
1 0.7175480769230769 0.65625 0.0829326923076923 0.09495192307692307
2 0.44350961538461536 0.4362980769230769 0.008413461538461538 0.030048076923076924
1 0.4807692307692308 0.4110576923076923 0.042067307692307696 0.030048076923076924
3 0.3870192307692308 0.4675480769230769 0.007211538461538462 0.038461538461538464
2 0.4723557692307692 0.4387019230769231 0.01201923076923077 0.028846153846153848
1 0.5372596153846154 0.41346153846153844 0.014423076923076924 0.021634615384615384
1 0.5685096153846154 0.41466346153846156 0.010817307692307692 0.018028846153846152
1 0.5805288461538461 0.38341346153846156 0.008413461538461538 0.013221153846153846
1 0.5264423076923077 0.41225961538461536 0.007211538461538462 0.013221153846153846