1 0.2932692307692308 0.6045673076923077 0.09735576923076923 0.2247596153846154
1 0.5649038461538461 0.41586538461538464 0.013221153846153846 0.019230769230769232
1 0.32572115384615385 0.5396634615384616 0.04447115384615385 0.07091346153846154
1 0.5793269230769231 0.42788461538461536 0.018028846153846152 0.030048076923076924
1 0.5336538461538461 0.41586538461538464 0.015625 0.025240384615384616
1 0.3173076923076923 0.49158653846153844 0.03365384615384615 0.056490384615384616
1 0.33774038461538464 0.4879807692307692 0.026442307692307692 0.052884615384615384
1 0.37740384615384615 0.4723557692307692 0.01201923076923077 0.042067307692307696
4 0.6322115384615384 0.4831730769230769 0.04326923076923077 0.08774038461538461
1 0.3605769230769231 0.4735576923076923 0.027644230769230768 0.04447115384615385
1 0.5276442307692307 0.5985576923076923 0.056490384615384616 0.0829326923076923
4 0.1814903846153846 0.5661057692307693 0.11177884615384616 0.3954326923076923
1 0.29927884615384615 0.6069711538461539 0.09615384615384616 0.18389423076923078
2 0.44471153846153844 0.43149038461538464 0.007211538461538462 0.028846153846153848
3 0.6586538461538461 0.5649038461538461 0.01201923076923077 0.0673076923076923
1 0.5925480769230769 0.4050480769230769 0.008413461538461538 0.018028846153846152
3 0.3894230769230769 0.4699519230769231 0.009615384615384616 0.04447115384615385
2 0.5480769230769231 0.4050480769230769 0.007211538461538462 0.014423076923076924
2 0.4639423076923077 0.4411057692307692 0.008413461538461538 0.030048076923076924
2 0.4723557692307692 0.43509615384615385 0.006009615384615385 0.027644230769230768
1 0.5817307692307693 0.38341346153846156 0.007211538461538462 0.01201923076923077