4 0.6358173076923077 0.48197115384615385 0.04326923076923077 0.09014423076923077
1 0.37259615384615385 0.46634615384615385 0.025240384615384616 0.05048076923076923
1 0.359375 0.4723557692307692 0.03125 0.054086538461538464
1 0.5637019230769231 0.4543269230769231 0.02403846153846154 0.038461538461538464
1 0.25600961538461536 0.6310096153846154 0.08052884615384616 0.11177884615384616
1 0.16466346153846154 0.6586538461538461 0.08052884615384616 0.18870192307692307
4 0.15264423076923078 0.5324519230769231 0.052884615384615384 0.06370192307692307
3 0.6622596153846154 0.5504807692307693 0.014423076923076924 0.06610576923076923
1 0.5168269230769231 0.4098557692307692 0.018028846153846152 0.02283653846153846
1 0.5300480769230769 0.4050480769230769 0.009615384615384616 0.016826923076923076
1 0.5733173076923077 0.3954326923076923 0.009615384615384616 0.019230769230769232
4 0.5745192307692307 0.38100961538461536 0.010817307692307692 0.02403846153846154
0 0.3293269230769231 0.5625 0.0985576923076923 0.1814903846153846
2 0.44711538461538464 0.6935096153846154 0.07572115384615384 0.24759615384615385
1 0.4411057692307692 0.5709134615384616 0.05048076923076923 0.057692307692307696
2 0.2247596153846154 0.5168269230769231 0.02283653846153846 0.06129807692307692
2 0.3701923076923077 0.4699519230769231 0.008413461538461538 0.039663461538461536
2 0.5492788461538461 0.4014423076923077 0.007211538461538462 0.014423076923076924
1 0.5841346153846154 0.38822115384615385 0.007211538461538462 0.014423076923076924
1 0.6057692307692307 0.37740384615384615 0.007211538461538462 0.013221153846153846
3 0.2091346153846154 0.5228365384615384 0.008413461538461538 0.06370192307692307