1 0.3293269230769231 0.4807692307692308 0.042067307692307696 0.051682692307692304
1 0.3713942307692308 0.46634615384615385 0.025240384615384616 0.05048076923076923
1 0.515625 0.41346153846153844 0.018028846153846152 0.027644230769230768
1 0.5300480769230769 0.4074519230769231 0.015625 0.021634615384615384
4 0.14423076923076922 0.5889423076923077 0.039663461538461536 0.171875
4 0.6382211538461539 0.4795673076923077 0.046875 0.09615384615384616
1 0.3605769230769231 0.47115384615384615 0.03125 0.055288461538461536
1 0.5649038461538461 0.453125 0.02403846153846154 0.036057692307692304
1 0.21634615384615385 0.6502403846153846 0.11298076923076923 0.15745192307692307
3 0.4699519230769231 0.6802884615384616 0.06971153846153846 0.234375
2 0.2247596153846154 0.5144230769230769 0.02283653846153846 0.05889423076923077
1 0.45072115384615385 0.5697115384615384 0.03485576923076923 0.07091346153846154
3 0.6598557692307693 0.5492788461538461 0.014423076923076924 0.06370192307692307
1 0.5745192307692307 0.39663461538461536 0.007211538461538462 0.018028846153846152
4 0.5733173076923077 0.38100961538461536 0.013221153846153846 0.026442307692307692
0 0.3605769230769231 0.5745192307692307 0.14423076923076922 0.16826923076923078
3 0.2091346153846154 0.5180288461538461 0.01201923076923077 0.055288461538461536
1 0.6045673076923077 0.37740384615384615 0.007211538461538462 0.014423076923076924
2 0.5480769230769231 0.4026442307692308 0.007211538461538462 0.014423076923076924