1 0.5288461538461539 0.40625 0.014423076923076924 0.019230769230769232
1 0.36538461538461536 0.4699519230769231 0.038461538461538464 0.05048076923076923
1 0.3161057692307692 0.4879807692307692 0.03125 0.04567307692307692
1 0.5769230769230769 0.43509615384615385 0.021634615384615384 0.03245192307692308
1 0.33653846153846156 0.484375 0.028846153846153848 0.05048076923076923
4 0.6370192307692307 0.4723557692307692 0.046875 0.10817307692307693
1 0.4963942307692308 0.5096153846153846 0.038461538461538464 0.057692307692307696
1 0.40865384615384615 0.6262019230769231 0.06129807692307692 0.09735576923076923
3 0.6658653846153846 0.5516826923076923 0.015625 0.06370192307692307
2 0.5625 0.6550480769230769 0.036057692307692304 0.12259615384615384
3 0.15504807692307693 0.5348557692307693 0.014423076923076924 0.07091346153846154
3 0.21153846153846154 0.5228365384615384 0.013221153846153846 0.0625
2 0.2247596153846154 0.515625 0.020432692307692308 0.06009615384615385
2 0.36899038461538464 0.4735576923076923 0.016826923076923076 0.042067307692307696
2 0.5480769230769231 0.4014423076923077 0.007211538461538462 0.014423076923076924
4 0.5757211538461539 0.37740384615384615 0.010817307692307692 0.021634615384615384
1 0.5733173076923077 0.39663461538461536 0.010817307692307692 0.018028846153846152
1 0.5997596153846154 0.3798076923076923 0.008413461538461538 0.014423076923076924