1 0.5288461538461539 0.40625 0.015625 0.016826923076923076
1 0.36658653846153844 0.46634615384615385 0.03485576923076923 0.038461538461538464
1 0.3161057692307692 0.4879807692307692 0.03125 0.05048076923076923
4 0.6394230769230769 0.4723557692307692 0.04927884615384615 0.10697115384615384
1 0.33653846153846156 0.484375 0.030048076923076924 0.046875
1 0.45552884615384615 0.5733173076923077 0.046875 0.078125
1 0.5192307692307693 0.4831730769230769 0.03125 0.04927884615384615
3 0.15384615384615385 0.5348557692307693 0.013221153846153846 0.06971153846153846
3 0.2127403846153846 0.5240384615384616 0.009615384615384616 0.05889423076923077
2 0.2247596153846154 0.5144230769230769 0.02403846153846154 0.0625
2 0.5564903846153846 0.6322115384615384 0.025240384615384616 0.08653846153846154
3 0.6694711538461539 0.5528846153846154 0.014423076923076924 0.0625
2 0.36899038461538464 0.4735576923076923 0.018028846153846152 0.039663461538461536
1 0.5805288461538461 0.42788461538461536 0.018028846153846152 0.026442307692307692
1 0.5721153846153846 0.3954326923076923 0.010817307692307692 0.018028846153846152
4 0.578125 0.37740384615384615 0.010817307692307692 0.021634615384615384
1 0.6009615384615384 0.38221153846153844 0.008413461538461538 0.014423076923076924