1 0.5 0.5540865384615384 0.01201923076923077 0.016826923076923076
1 0.5709134615384616 0.6274038461538461 0.040865384615384616 0.04447115384615385
2 0.6310096153846154 0.6658653846153846 0.036057692307692304 0.10817307692307693
1 0.20192307692307693 0.5829326923076923 0.030048076923076924 0.042067307692307696
1 0.25240384615384615 0.5757211538461539 0.028846153846153848 0.03365384615384615
1 0.49038461538461536 0.5336538461538461 0.01201923076923077 0.018028846153846152
1 0.5216346153846154 0.5504807692307693 0.009615384615384616 0.01201923076923077
1 0.5120192307692307 0.5108173076923077 0.01201923076923077 0.021634615384615384
1 0.5048076923076923 0.4831730769230769 0.009615384615384616 0.018028846153846152
1 0.515625 0.47596153846153844 0.008413461538461538 0.009615384615384616
1 0.515625 0.4879807692307692 0.008413461538461538 0.009615384615384616
4 0.1658653846153846 0.5673076923076923 0.037259615384615384 0.06129807692307692
2 0.5588942307692307 0.5745192307692307 0.019230769230769232 0.03365384615384615