1 0.35697115384615385 0.7139423076923077 0.10096153846153846 0.15504807692307693
1 0.25 0.734375 0.0829326923076923 0.1201923076923077
3 0.1622596153846154 0.6706730769230769 0.013221153846153846 0.057692307692307696
4 0.5540865384615384 0.5612980769230769 0.042067307692307696 0.054086538461538464
1 0.5084134615384616 0.5084134615384616 0.013221153846153846 0.02283653846153846
3 0.2848557692307692 0.6021634615384616 0.007211538461538462 0.040865384615384616
1 0.30408653846153844 0.6009615384615384 0.028846153846153848 0.042067307692307696
1 0.33413461538461536 0.5841346153846154 0.02283653846153846 0.036057692307692304
2 0.39903846153846156 0.5420673076923077 0.007211538461538462 0.026442307692307692
1 0.4543269230769231 0.5096153846153846 0.009615384615384616 0.018028846153846152
1 0.5024038461538461 0.48197115384615385 0.010817307692307692 0.020432692307692308
1 0.46875 0.5024038461538461 0.009615384615384616 0.014423076923076924
2 0.43028846153846156 0.5216346153846154 0.006009615384615385 0.018028846153846152