1 0.018028846153846152 0.5084134615384616 0.036057692307692304 0.040865384615384616
1 0.5805288461538461 0.49759615384615385 0.042067307692307696 0.05048076923076923
4 0.203125 0.42788461538461536 0.030048076923076924 0.05889423076923077
2 0.6213942307692307 0.5901442307692307 0.03365384615384615 0.09014423076923077
1 0.5036057692307693 0.3269230769230769 0.010817307692307692 0.021634615384615384
1 0.5120192307692307 0.3473557692307692 0.01201923076923077 0.019230769230769232
1 0.4891826923076923 0.36899038461538464 0.010817307692307692 0.018028846153846152
1 0.5 0.3798076923076923 0.010817307692307692 0.018028846153846152
1 0.5216346153846154 0.3870192307692308 0.008413461538461538 0.01201923076923077
4 0.15625 0.4206730769230769 0.055288461538461536 0.08774038461538461
2 0.5625 0.43149038461538464 0.021634615384615384 0.038461538461538464