3 0.3329326923076923 0.6225961538461539 0.015625 0.05048076923076923
1 0.3942307692307692 0.6911057692307693 0.04567307692307692 0.0733173076923077
1 0.4675480769230769 0.6862980769230769 0.052884615384615384 0.09014423076923077
1 0.3329326923076923 0.7163461538461539 0.057692307692307696 0.09014423076923077
3 0.15985576923076922 0.6706730769230769 0.01201923076923077 0.054086538461538464
3 0.27884615384615385 0.6009615384615384 0.007211538461538462 0.04447115384615385
3 0.2608173076923077 0.6033653846153846 0.006009615384615385 0.040865384615384616
3 0.28966346153846156 0.5961538461538461 0.007211538461538462 0.04326923076923077
1 0.30649038461538464 0.5997596153846154 0.025240384615384616 0.040865384615384616
1 0.33413461538461536 0.5829326923076923 0.025240384615384616 0.037259615384615384
4 0.5552884615384616 0.5661057692307693 0.04567307692307692 0.04807692307692308
2 0.40865384615384615 0.5384615384615384 0.006009615384615385 0.02403846153846154
2 0.41947115384615385 0.5300480769230769 0.004807692307692308 0.02403846153846154
1 0.453125 0.5096153846153846 0.008413461538461538 0.018028846153846152
1 0.5144230769230769 0.5012019230769231 0.009615384615384616 0.018028846153846152
1 0.4963942307692308 0.5024038461538461 0.009615384615384616 0.018028846153846152
1 0.4675480769230769 0.5024038461538461 0.008413461538461538 0.016826923076923076
2 0.44471153846153844 0.5276442307692307 0.007211538461538462 0.015625