1 0.5132211538461539 0.5600961538461539 0.02283653846153846 0.036057692307692304
1 0.45913461538461536 0.5685096153846154 0.027644230769230768 0.04326923076923077
1 0.47475961538461536 0.5540865384615384 0.02283653846153846 0.04326923076923077
3 0.15865384615384615 0.671875 0.01201923076923077 0.05889423076923077
3 0.2860576923076923 0.6021634615384616 0.006009615384615385 0.046875
1 0.3076923076923077 0.6021634615384616 0.027644230769230768 0.042067307692307696
1 0.3329326923076923 0.5817307692307693 0.02403846153846154 0.038461538461538464
2 0.36538461538461536 0.5745192307692307 0.008413461538461538 0.03365384615384615
2 0.37740384615384615 0.5588942307692307 0.007211538461538462 0.028846153846153848
2 0.421875 0.5252403846153846 0.007211538461538462 0.028846153846153848
4 0.5552884615384616 0.5625 0.040865384615384616 0.054086538461538464
1 0.4855769230769231 0.5084134615384616 0.01201923076923077 0.019230769230769232
1 0.49759615384615385 0.5 0.010817307692307692 0.019230769230769232
1 0.4543269230769231 0.5084134615384616 0.01201923076923077 0.018028846153846152