1 0.49278846153846156 0.5348557692307693 0.015625 0.030048076923076924
1 0.4795673076923077 0.5552884615384616 0.025240384615384616 0.037259615384615384
3 0.15985576923076922 0.6682692307692307 0.01201923076923077 0.06129807692307692
3 0.28125 0.6009615384615384 0.009615384615384616 0.04447115384615385
3 0.28846153846153844 0.5985576923076923 0.007211538461538462 0.042067307692307696
1 0.3076923076923077 0.6009615384615384 0.02403846153846154 0.038461538461538464
1 0.33052884615384615 0.5829326923076923 0.019230769230769232 0.042067307692307696
2 0.34375 0.5901442307692307 0.008413461538461538 0.03485576923076923
2 0.36899038461538464 0.5685096153846154 0.008413461538461538 0.03485576923076923
2 0.41586538461538464 0.5324519230769231 0.007211538461538462 0.026442307692307692
4 0.5540865384615384 0.5661057692307693 0.042067307692307696 0.05048076923076923
1 0.484375 0.5084134615384616 0.01201923076923077 0.018028846153846152
1 0.45913461538461536 0.5084134615384616 0.01201923076923077 0.020432692307692308
1 0.5024038461538461 0.49038461538461536 0.007211538461538462 0.014423076923076924