3 0.20793269230769232 0.6706730769230769 0.01201923076923077 0.06129807692307692
1 0.4411057692307692 0.6454326923076923 0.039663461538461536 0.07091346153846154
3 0.15985576923076922 0.6670673076923077 0.01201923076923077 0.055288461538461536
3 0.17908653846153846 0.6430288461538461 0.008413461538461538 0.05048076923076923
3 0.28966346153846156 0.5889423076923077 0.007211538461538462 0.030048076923076924
1 0.30649038461538464 0.5997596153846154 0.028846153846153848 0.042067307692307696
1 0.33653846153846156 0.5805288461538461 0.027644230769230768 0.039663461538461536
3 0.35697115384615385 0.5757211538461539 0.008413461538461538 0.038461538461538464
4 0.5552884615384616 0.5649038461538461 0.040865384615384616 0.046875
1 0.46033653846153844 0.515625 0.013221153846153846 0.025240384615384616
1 0.47716346153846156 0.5144230769230769 0.01201923076923077 0.025240384615384616
1 0.5120192307692307 0.5048076923076923 0.01201923076923077 0.019230769230769232
1 0.49158653846153844 0.5 0.010817307692307692 0.018028846153846152
2 0.39302884615384615 0.5480769230769231 0.007211538461538462 0.028846153846153848