1 0.47115384615384615 0.5216346153846154 0.015625 0.021634615384615384
1 0.4567307692307692 0.5300480769230769 0.019230769230769232 0.03365384615384615
1 0.45913461538461536 0.5973557692307693 0.027644230769230768 0.054086538461538464
4 0.5540865384615384 0.5697115384615384 0.042067307692307696 0.051682692307692304
2 0.13221153846153846 0.7067307692307693 0.01201923076923077 0.06490384615384616
3 0.15985576923076922 0.6706730769230769 0.009615384615384616 0.055288461538461536
3 0.18028846153846154 0.6478365384615384 0.008413461538461538 0.05048076923076923
3 0.2848557692307692 0.5997596153846154 0.007211538461538462 0.039663461538461536
1 0.30649038461538464 0.6021634615384616 0.027644230769230768 0.040865384615384616
1 0.33774038461538464 0.5805288461538461 0.028846153846153848 0.037259615384615384
3 0.3137019230769231 0.5793269230769231 0.007211538461538462 0.038461538461538464
2 0.38100961538461536 0.5540865384615384 0.006009615384615385 0.028846153846153848
1 0.5144230769230769 0.5024038461538461 0.01201923076923077 0.018028846153846152
0 0.5144230769230769 0.4675480769230769 0.008413461538461538 0.019230769230769232
1 0.484375 0.5012019230769231 0.01201923076923077 0.016826923076923076
1 0.4699519230769231 0.5024038461538461 0.01201923076923077 0.018028846153846152