1 0.4519230769230769 0.5360576923076923 0.016826923076923076 0.030048076923076924
1 0.43028846153846156 0.5504807692307693 0.02403846153846154 0.037259615384615384
1 0.47836538461538464 0.5625 0.02403846153846154 0.04447115384615385
4 0.5552884615384616 0.5661057692307693 0.042067307692307696 0.051682692307692304
3 0.15985576923076922 0.6694711538461539 0.01201923076923077 0.05889423076923077
3 0.2860576923076923 0.5865384615384616 0.007211538461538462 0.040865384615384616
3 0.28846153846153844 0.5949519230769231 0.007211538461538462 0.038461538461538464
1 0.30649038461538464 0.5997596153846154 0.026442307692307692 0.042067307692307696
1 0.33774038461538464 0.5805288461538461 0.03125 0.038461538461538464
2 0.375 0.5625 0.007211538461538462 0.030048076923076924
1 0.4735576923076923 0.5072115384615384 0.01201923076923077 0.018028846153846152
1 0.49158653846153844 0.5048076923076923 0.01201923076923077 0.019230769230769232
1 0.5 0.4963942307692308 0.007211538461538462 0.014423076923076924
0 0.5108173076923077 0.4723557692307692 0.009615384615384616 0.019230769230769232