1 0.30528846153846156 0.6009615384615384 0.028846153846153848 0.042067307692307696
1 0.42788461538461536 0.5625 0.02283653846153846 0.038461538461538464
3 0.13341346153846154 0.6706730769230769 0.008413461538461538 0.05889423076923077
3 0.15985576923076922 0.6694711538461539 0.01201923076923077 0.056490384615384616
1 0.3545673076923077 0.6850961538461539 0.07692307692307693 0.07692307692307693
3 0.5444711538461539 0.5865384615384616 0.013221153846153846 0.04447115384615385
4 0.5564903846153846 0.5625 0.046875 0.046875
1 0.35216346153846156 0.6334134615384616 0.03125 0.03365384615384615
3 0.2956730769230769 0.5793269230769231 0.006009615384615385 0.02403846153846154
1 0.3449519230769231 0.6021634615384616 0.026442307692307692 0.03365384615384615
2 0.359375 0.5853365384615384 0.009615384615384616 0.03125
1 0.4495192307692308 0.5108173076923077 0.010817307692307692 0.016826923076923076
1 0.46153846153846156 0.5108173076923077 0.01201923076923077 0.020432692307692308
1 0.48197115384615385 0.5084134615384616 0.014423076923076924 0.021634615384615384
1 0.5060096153846154 0.5144230769230769 0.013221153846153846 0.025240384615384616
1 0.5144230769230769 0.49038461538461536 0.008413461538461538 0.014423076923076924
4 0.5024038461538461 0.4735576923076923 0.009615384615384616 0.018028846153846152
1 0.33533653846153844 0.5793269230769231 0.027644230769230768 0.03485576923076923