1 0.47716346153846156 0.5480769230769231 0.02283653846153846 0.038461538461538464
3 0.15985576923076922 0.6694711538461539 0.009615384615384616 0.056490384615384616
2 0.22596153846153846 0.6574519230769231 0.013221153846153846 0.05048076923076923
3 0.30528846153846156 0.6033653846153846 0.008413461538461538 0.039663461538461536
3 0.28725961538461536 0.6069711538461539 0.007211538461538462 0.038461538461538464
1 0.30649038461538464 0.6021634615384616 0.025240384615384616 0.039663461538461536
2 0.3485576923076923 0.5877403846153846 0.019230769230769232 0.03365384615384615
1 0.33052884615384615 0.5829326923076923 0.015625 0.039663461538461536
4 0.5540865384615384 0.5673076923076923 0.040865384615384616 0.04927884615384615
1 0.45913461538461536 0.5108173076923077 0.014423076923076924 0.019230769230769232
1 0.4807692307692308 0.5084134615384616 0.015625 0.018028846153846152
1 0.5108173076923077 0.5048076923076923 0.01201923076923077 0.020432692307692308
4 0.49759615384615385 0.4855769230769231 0.009615384615384616 0.020432692307692308
2 0.4375 0.5120192307692307 0.003605769230769231 0.020432692307692308
3 0.27403846153846156 0.6009615384615384 0.004807692307692308 0.04447115384615385