1 0.4074519230769231 0.5600961538461539 0.018028846153846152 0.03485576923076923
1 0.34134615384615385 0.609375 0.028846153846153848 0.04807692307692308
1 0.3918269230769231 0.5973557692307693 0.02403846153846154 0.04326923076923077
1 0.3762019230769231 0.5841346153846154 0.020432692307692308 0.036057692307692304
1 0.44591346153846156 0.6887019230769231 0.056490384615384616 0.09735576923076923
1 0.43990384615384615 0.5504807692307693 0.02403846153846154 0.038461538461538464
1 0.35336538461538464 0.7223557692307693 0.056490384615384616 0.07692307692307693
4 0.5540865384615384 0.5685096153846154 0.038461538461538464 0.04807692307692308
3 0.15865384615384615 0.6682692307692307 0.009615384615384616 0.06009615384615385
3 0.2536057692307692 0.6225961538461539 0.007211538461538462 0.042067307692307696
3 0.28125 0.6165865384615384 0.007211538461538462 0.04447115384615385
3 0.2848557692307692 0.6009615384615384 0.006009615384615385 0.042067307692307696
3 0.28966346153846156 0.59375 0.004807692307692308 0.038461538461538464
1 0.30649038461538464 0.6009615384615384 0.027644230769230768 0.038461538461538464
1 0.5120192307692307 0.5036057692307693 0.01201923076923077 0.020432692307692308
1 0.4951923076923077 0.5024038461538461 0.009615384615384616 0.018028846153846152
1 0.4807692307692308 0.5096153846153846 0.010817307692307692 0.020432692307692308
4 0.484375 0.49158653846153844 0.01201923076923077 0.019230769230769232
1 0.33774038461538464 0.5769230769230769 0.028846153846153848 0.028846153846153848
3 0.38341346153846156 0.5588942307692307 0.007211538461538462 0.02403846153846154
4 0.47115384615384615 0.5024038461538461 0.01201923076923077 0.03365384615384615