1 0.30528846153846156 0.6454326923076923 0.027644230769230768 0.06009615384615385
1 0.4230769230769231 0.5745192307692307 0.027644230769230768 0.04447115384615385
1 0.33413461538461536 0.6526442307692307 0.036057692307692304 0.0625
1 0.2800480769230769 0.6550480769230769 0.037259615384615384 0.06009615384615385
1 0.3545673076923077 0.7211538461538461 0.057692307692307696 0.07451923076923077
3 0.15985576923076922 0.6694711538461539 0.010817307692307692 0.055288461538461536
3 0.2848557692307692 0.6021634615384616 0.007211538461538462 0.04447115384615385
2 0.26802884615384615 0.6153846153846154 0.007211538461538462 0.03125
1 0.30528846153846156 0.5985576923076923 0.027644230769230768 0.03485576923076923
2 0.3449519230769231 0.5829326923076923 0.015625 0.036057692307692304
1 0.33052884615384615 0.5829326923076923 0.016826923076923076 0.037259615384615384
1 0.37259615384615385 0.5949519230769231 0.027644230769230768 0.038461538461538464
1 0.4651442307692308 0.5096153846153846 0.020432692307692308 0.020432692307692308
1 0.515625 0.4987980769230769 0.009615384615384616 0.018028846153846152
4 0.47596153846153844 0.4963942307692308 0.014423076923076924 0.026442307692307692
4 0.5528846153846154 0.5649038461538461 0.039663461538461536 0.05048076923076923