1 0.3389423076923077 0.5865384615384616 0.03125 0.051682692307692304
1 0.30528846153846156 0.6033653846153846 0.027644230769230768 0.04807692307692308
1 0.36538461538461536 0.5853365384615384 0.027644230769230768 0.052884615384615384
1 0.21514423076923078 0.7043269230769231 0.05048076923076923 0.07932692307692307
1 0.27283653846153844 0.7259615384615384 0.078125 0.12259615384615384
1 0.3629807692307692 0.7199519230769231 0.055288461538461536 0.07091346153846154
3 0.15865384615384615 0.6682692307692307 0.009615384615384616 0.054086538461538464
3 0.2668269230769231 0.6033653846153846 0.009615384615384616 0.046875
3 0.45072115384615385 0.5925480769230769 0.007211538461538462 0.046875
1 0.31971153846153844 0.6730769230769231 0.03365384615384615 0.0625
1 0.4579326923076923 0.5096153846153846 0.01201923076923077 0.021634615384615384
4 0.47716346153846156 0.5012019230769231 0.014423076923076924 0.030048076923076924
3 0.4891826923076923 0.5048076923076923 0.003605769230769231 0.021634615384615384
4 0.5540865384615384 0.5649038461538461 0.040865384615384616 0.051682692307692304