1 0.47836538461538464 0.5492788461538461 0.018028846153846152 0.040865384615384616
1 0.42908653846153844 0.5396634615384616 0.019230769230769232 0.03365384615384615
1 0.49399038461538464 0.5348557692307693 0.018028846153846152 0.03485576923076923
4 0.4519230769230769 0.5024038461538461 0.021634615384615384 0.038461538461538464
1 0.49038461538461536 0.5685096153846154 0.02283653846153846 0.036057692307692304
1 0.14302884615384615 0.7319711538461539 0.037259615384615384 0.14302884615384615
3 0.1622596153846154 0.6826923076923077 0.010817307692307692 0.03365384615384615
1 0.30408653846153844 0.6009615384615384 0.025240384615384616 0.042067307692307696
1 0.3317307692307692 0.5853365384615384 0.019230769230769232 0.03485576923076923
1 0.34615384615384615 0.5793269230769231 0.013221153846153846 0.037259615384615384
4 0.5516826923076923 0.5649038461538461 0.036057692307692304 0.046875
4 0.4423076923076923 0.5240384615384616 0.019230769230769232 0.038461538461538464
1 0.47596153846153844 0.5036057692307693 0.016826923076923076 0.018028846153846152
1 0.5024038461538461 0.49759615384615385 0.010817307692307692 0.018028846153846152