1 0.5084134615384616 0.5132211538461539 0.015625 0.021634615384615384
1 0.45913461538461536 0.5120192307692307 0.01201923076923077 0.02283653846153846
1 0.3449519230769231 0.5985576923076923 0.037259615384615384 0.0625
1 0.4543269230769231 0.5444711538461539 0.021634615384615384 0.03365384615384615
4 0.41466346153846156 0.5360576923076923 0.027644230769230768 0.056490384615384616
1 0.30528846153846156 0.6033653846153846 0.030048076923076924 0.042067307692307696
1 0.265625 0.7319711538461539 0.09134615384615384 0.14423076923076922
3 0.15985576923076922 0.671875 0.009615384615384616 0.05889423076923077
1 0.28365384615384615 0.6466346153846154 0.036057692307692304 0.04807692307692308
4 0.5528846153846154 0.5625 0.036057692307692304 0.054086538461538464
1 0.48197115384615385 0.5084134615384616 0.01201923076923077 0.020432692307692308
2 0.35697115384615385 0.6298076923076923 0.01201923076923077 0.051682692307692304
4 0.5120192307692307 0.4675480769230769 0.008413461538461538 0.018028846153846152