1 0.46033653846153844 0.5144230769230769 0.016826923076923076 0.026442307692307692
1 0.27884615384615385 0.6526442307692307 0.046875 0.09014423076923077
1 0.4831730769230769 0.5096153846153846 0.015625 0.021634615384615384
1 0.33052884615384615 0.5865384615384616 0.016826923076923076 0.04447115384615385
1 0.30408653846153844 0.6021634615384616 0.027644230769230768 0.046875
4 0.3954326923076923 0.5516826923076923 0.030048076923076924 0.05889423076923077
1 0.4254807692307692 0.5709134615384616 0.02403846153846154 0.04567307692307692
1 0.24158653846153846 0.6838942307692307 0.038461538461538464 0.07211538461538461
1 0.359375 0.7091346153846154 0.06129807692307692 0.09495192307692307
4 0.18028846153846154 0.7127403846153846 0.0985576923076923 0.22115384615384615
1 0.23918269230769232 0.6838942307692307 0.038461538461538464 0.07091346153846154
2 0.28365384615384615 0.6730769230769231 0.013221153846153846 0.06490384615384616
1 0.34615384615384615 0.5805288461538461 0.015625 0.039663461538461536
3 0.34134615384615385 0.5841346153846154 0.003605769230769231 0.03485576923076923
4 0.5528846153846154 0.5564903846153846 0.038461538461538464 0.06610576923076923
1 0.5096153846153846 0.5096153846153846 0.010817307692307692 0.025240384615384616
3 0.2620192307692308 0.5925480769230769 0.007211538461538462 0.03245192307692308
1 0.4723557692307692 0.5168269230769231 0.008413461538461538 0.025240384615384616
4 0.5120192307692307 0.4699519230769231 0.009615384615384616 0.018028846153846152