1 0.33052884615384615 0.5841346153846154 0.018028846153846152 0.038461538461538464
1 0.47836538461538464 0.5204326923076923 0.013221153846153846 0.026442307692307692
1 0.30528846153846156 0.6033653846153846 0.026442307692307692 0.04447115384615385
1 0.390625 0.6021634615384616 0.030048076923076924 0.05048076923076923
1 0.23076923076923078 0.6826923076923077 0.06009615384615385 0.10697115384615384
4 0.36778846153846156 0.5673076923076923 0.037259615384615384 0.07091346153846154
4 0.30408653846153844 0.703125 0.0673076923076923 0.13942307692307693
1 0.2247596153846154 0.6935096153846154 0.046875 0.0673076923076923
3 0.15865384615384615 0.6706730769230769 0.009615384615384616 0.05889423076923077
2 0.5060096153846154 0.6850961538461539 0.039663461538461536 0.07211538461538461
1 0.46153846153846156 0.5288461538461539 0.013221153846153846 0.025240384615384616
1 0.45913461538461536 0.5108173076923077 0.010817307692307692 0.016826923076923076
1 0.5096153846153846 0.5108173076923077 0.01201923076923077 0.019230769230769232
3 0.2764423076923077 0.6009615384615384 0.007211538461538462 0.042067307692307696
1 0.3701923076923077 0.7079326923076923 0.055288461538461536 0.0889423076923077
4 0.5564903846153846 0.5661057692307693 0.04567307692307692 0.051682692307692304
1 0.484375 0.5060096153846154 0.010817307692307692 0.020432692307692308
4 0.5072115384615384 0.4723557692307692 0.010817307692307692 0.018028846153846152
3 0.23918269230769232 0.6045673076923077 0.007211538461538462 0.042067307692307696