4 0.33052884615384615 0.7019230769230769 0.0625 0.13221153846153846
1 0.45913461538461536 0.5132211538461539 0.014423076923076924 0.02403846153846154
1 0.45913461538461536 0.5336538461538461 0.020432692307692308 0.030048076923076924
1 0.30408653846153844 0.6045673076923077 0.02403846153846154 0.040865384615384616
1 0.37740384615384615 0.7139423076923077 0.038461538461538464 0.09014423076923077
1 0.4423076923076923 0.5504807692307693 0.020432692307692308 0.030048076923076924
1 0.22115384615384615 0.6971153846153846 0.046875 0.07091346153846154
3 0.15985576923076922 0.6694711538461539 0.008413461538461538 0.057692307692307696
3 0.13221153846153846 0.6730769230769231 0.010817307692307692 0.05889423076923077
3 0.2620192307692308 0.6033653846153846 0.008413461538461538 0.046875
0 0.33413461538461536 0.5901442307692307 0.04326923076923077 0.06850961538461539
4 0.5528846153846154 0.5637019230769231 0.038461538461538464 0.05889423076923077
3 0.28846153846153844 0.5985576923076923 0.007211538461538462 0.046875
1 0.5096153846153846 0.5084134615384616 0.01201923076923077 0.02283653846153846
1 0.484375 0.5072115384615384 0.019230769230769232 0.02403846153846154
4 0.234375 0.671875 0.04807692307692308 0.0889423076923077
0 0.5060096153846154 0.47716346153846156 0.009615384615384616 0.020432692307692308