2 0.5853365384615384 0.4963942307692308 0.020432692307692308 0.046875
1 0.22355769230769232 0.48197115384615385 0.025240384615384616 0.025240384615384616
1 0.2644230769230769 0.47596153846153844 0.02403846153846154 0.026442307692307692
1 0.2860576923076923 0.47475961538461536 0.030048076923076924 0.026442307692307692
4 0.2776442307692308 0.4495192307692308 0.027644230769230768 0.037259615384615384
0 0.3125 0.453125 0.025240384615384616 0.03485576923076923
4 0.40625 0.4375 0.020432692307692308 0.03485576923076923
4 0.4519230769230769 0.4651442307692308 0.038461538461538464 0.06610576923076923
1 0.47716346153846156 0.46033653846153844 0.016826923076923076 0.021634615384615384
1 0.5048076923076923 0.4579326923076923 0.015625 0.019230769230769232
4 0.48677884615384615 0.4362980769230769 0.015625 0.03365384615384615
1 0.5168269230769231 0.4423076923076923 0.014423076923076924 0.014423076923076924
1 0.47475961538461536 0.43990384615384615 0.014423076923076924 0.01201923076923077
4 0.4182692307692308 0.4362980769230769 0.010817307692307692 0.020432692307692308
4 0.5084134615384616 0.4326923076923077 0.021634615384615384 0.02403846153846154
1 0.42427884615384615 0.4338942307692308 0.009615384615384616 0.010817307692307692
1 0.43028846153846156 0.4375 0.009615384615384616 0.009615384615384616
1 0.4362980769230769 0.4375 0.008413461538461538 0.010817307692307692