1 0.33052884615384615 0.5865384615384616 0.016826923076923076 0.037259615384615384
1 0.375 0.7115384615384616 0.04567307692307692 0.08653846153846154
1 0.4014423076923077 0.5925480769230769 0.026442307692307692 0.04447115384615385
1 0.3713942307692308 0.6201923076923077 0.03365384615384615 0.052884615384615384
4 0.27283653846153844 0.6826923076923077 0.078125 0.18269230769230768
3 0.15985576923076922 0.6706730769230769 0.010817307692307692 0.05889423076923077
1 0.21754807692307693 0.6995192307692307 0.038461538461538464 0.0733173076923077
4 0.33653846153846156 0.6983173076923077 0.04567307692307692 0.11538461538461539
1 0.34615384615384615 0.578125 0.018028846153846152 0.038461538461538464
4 0.5528846153846154 0.5685096153846154 0.036057692307692304 0.052884615384615384
1 0.484375 0.5084134615384616 0.018028846153846152 0.02283653846153846
1 0.5120192307692307 0.5084134615384616 0.01201923076923077 0.018028846153846152
1 0.4639423076923077 0.5108173076923077 0.01201923076923077 0.02283653846153846
4 0.2127403846153846 0.6262019230769231 0.037259615384615384 0.0673076923076923
0 0.43509615384615385 0.5096153846153846 0.04567307692307692 0.039663461538461536
0 0.4987980769230769 0.484375 0.01201923076923077 0.02283653846153846
1 0.5132211538461539 0.4891826923076923 0.008413461538461538 0.016826923076923076