4 0.3786057692307692 0.42908653846153844 0.021634615384615384 0.037259615384615384
4 0.09134615384615384 0.44711538461538464 0.0829326923076923 0.10336538461538461
0 0.24519230769230768 0.4483173076923077 0.040865384615384616 0.05048076923076923
2 0.5612980769230769 0.47596153846153844 0.016826923076923076 0.04447115384615385
4 0.4675480769230769 0.44471153846153844 0.030048076923076924 0.04807692307692308
1 0.5204326923076923 0.42788461538461536 0.013221153846153846 0.016826923076923076
4 0.4855769230769231 0.421875 0.018028846153846152 0.03365384615384615
1 0.4987980769230769 0.43509615384615385 0.014423076923076924 0.019230769230769232
1 0.3942307692307692 0.43028846153846156 0.009615384615384616 0.014423076923076924
1 0.39903846153846156 0.4266826923076923 0.008413461538461538 0.010817307692307692
1 0.40625 0.4170673076923077 0.009615384615384616 0.010817307692307692
1 0.4182692307692308 0.42788461538461536 0.010817307692307692 0.014423076923076924
1 0.4254807692307692 0.4254807692307692 0.009615384615384616 0.013221153846153846
1 0.4375 0.42427884615384615 0.010817307692307692 0.013221153846153846