1 0.30528846153846156 0.6045673076923077 0.027644230769230768 0.04326923076923077
1 0.4519230769230769 0.578125 0.03485576923076923 0.07451923076923077
1 0.4411057692307692 0.5324519230769231 0.026442307692307692 0.042067307692307696
1 0.5024038461538461 0.5661057692307693 0.02403846153846154 0.04326923076923077
0 0.3798076923076923 0.6598557692307693 0.11778846153846154 0.22355769230769232
4 0.13701923076923078 0.7163461538461539 0.02403846153846154 0.15745192307692307
3 0.15985576923076922 0.6706730769230769 0.009615384615384616 0.054086538461538464
3 0.24519230769230768 0.6346153846153846 0.008413461538461538 0.04927884615384615
4 0.5528846153846154 0.5552884615384616 0.040865384615384616 0.07692307692307693
1 0.4951923076923077 0.5024038461538461 0.010817307692307692 0.020432692307692308
4 0.484375 0.49759615384615385 0.010817307692307692 0.027644230769230768