4 0.5 0.4182692307692308 0.016826923076923076 0.02403846153846154
1 0.5552884615384616 0.43028846153846156 0.013221153846153846 0.018028846153846152
2 0.5949519230769231 0.45552884615384615 0.009615384615384616 0.03125
1 0.28725961538461536 0.4639423076923077 0.03485576923076923 0.03245192307692308
4 0.31971153846153844 0.44350961538461536 0.036057692307692304 0.046875
1 0.22716346153846154 0.4639423076923077 0.028846153846153848 0.026442307692307692
1 0.3870192307692308 0.44711538461538464 0.019230769230769232 0.021634615384615384
4 0.11057692307692307 0.4519230769230769 0.09975961538461539 0.11057692307692307
4 0.4387019230769231 0.43149038461538464 0.016826923076923076 0.028846153846153848
1 0.4495192307692308 0.4182692307692308 0.009615384615384616 0.01201923076923077
1 0.4567307692307692 0.43149038461538464 0.010817307692307692 0.01201923076923077
1 0.47475961538461536 0.42427884615384615 0.007211538461538462 0.009615384615384616
1 0.5240384615384616 0.42788461538461536 0.014423076923076924 0.013221153846153846
4 0.5348557692307693 0.42788461538461536 0.016826923076923076 0.028846153846153848
4 0.5637019230769231 0.4230769230769231 0.013221153846153846 0.021634615384615384
1 0.5096153846153846 0.4230769230769231 0.007211538461538462 0.010817307692307692