2 0.30528846153846156 0.49158653846153844 0.026442307692307692 0.05048076923076923
1 0.515625 0.4879807692307692 0.014423076923076924 0.018028846153846152
1 0.43990384615384615 0.49158653846153844 0.025240384615384616 0.03485576923076923
1 0.11177884615384616 0.5697115384615384 0.13581730769230768 0.15264423076923078
1 0.49399038461538464 0.4879807692307692 0.015625 0.014423076923076924
1 0.5048076923076923 0.484375 0.010817307692307692 0.015625
1 0.5300480769230769 0.48677884615384615 0.015625 0.018028846153846152
1 0.5372596153846154 0.48197115384615385 0.01201923076923077 0.016826923076923076
1 0.5973557692307693 0.4855769230769231 0.015625 0.018028846153846152
0 0.5829326923076923 0.47475961538461536 0.013221153846153846 0.018028846153846152
1 0.5769230769230769 0.4831730769230769 0.010817307692307692 0.013221153846153846
2 0.5853365384615384 0.49038461538461536 0.009615384615384616 0.021634615384615384
3 0.3942307692307692 0.49038461538461536 0.008413461538461538 0.021634615384615384