4 0.5408653846153846 0.5949519230769231 0.051682692307692304 0.10817307692307693
3 0.21514423076923078 0.6550480769230769 0.01201923076923077 0.05889423076923077
1 0.45552884615384615 0.5108173076923077 0.026442307692307692 0.021634615384615384
4 0.48197115384615385 0.5372596153846154 0.02403846153846154 0.054086538461538464
1 0.45072115384615385 0.5949519230769231 0.030048076923076924 0.046875
1 0.4182692307692308 0.6478365384615384 0.04447115384615385 0.06850961538461539
3 0.15985576923076922 0.6694711538461539 0.01201923076923077 0.0625
0 0.3269230769230769 0.6394230769230769 0.06009615384615385 0.11658653846153846
1 0.5 0.5180288461538461 0.015625 0.03365384615384615
1 0.34975961538461536 0.5769230769230769 0.026442307692307692 0.03485576923076923
4 0.46875 0.4951923076923077 0.013221153846153846 0.021634615384615384