3 0.3293269230769231 0.49038461538461536 0.010817307692307692 0.03245192307692308
1 0.5192307692307693 0.48677884615384615 0.013221153846153846 0.018028846153846152
2 0.29927884615384615 0.49038461538461536 0.020432692307692308 0.046875
1 0.5324519230769231 0.4855769230769231 0.013221153846153846 0.018028846153846152
1 0.5072115384615384 0.4879807692307692 0.014423076923076924 0.019230769230769232
2 0.38461538461538464 0.7896634615384616 0.20432692307692307 0.41586538461538464
1 0.41225961538461536 0.5084134615384616 0.046875 0.054086538461538464
1 0.4206730769230769 0.4855769230769231 0.026442307692307692 0.028846153846153848
1 0.44591346153846156 0.49399038461538464 0.019230769230769232 0.021634615384615384
1 0.4675480769230769 0.49038461538461536 0.021634615384615384 0.028846153846153848
1 0.5012019230769231 0.4891826923076923 0.021634615384615384 0.026442307692307692
1 0.546875 0.4735576923076923 0.007211538461538462 0.010817307692307692
1 0.5564903846153846 0.47475961538461536 0.008413461538461538 0.008413461538461538
1 0.578125 0.4795673076923077 0.009615384615384616 0.014423076923076924
1 0.5961538461538461 0.4879807692307692 0.020432692307692308 0.018028846153846152