1 0.46153846153846156 0.5276442307692307 0.019230769230769232 0.027644230769230768
1 0.3389423076923077 0.5889423076923077 0.02283653846153846 0.042067307692307696
1 0.47475961538461536 0.5228365384615384 0.016826923076923076 0.038461538461538464
1 0.49038461538461536 0.5348557692307693 0.019230769230769232 0.030048076923076924
1 0.359375 0.5949519230769231 0.020432692307692308 0.046875
1 0.16466346153846154 0.7463942307692307 0.055288461538461536 0.078125
4 0.42788461538461536 0.6274038461538461 0.08052884615384616 0.15384615384615385
0 0.30528846153846156 0.6658653846153846 0.06370192307692307 0.12259615384615384
1 0.4375 0.5192307692307693 0.020432692307692308 0.04326923076923077
0 0.5240384615384616 0.5144230769230769 0.020432692307692308 0.051682692307692304
4 0.5540865384615384 0.5576923076923077 0.038461538461538464 0.06850961538461539
2 0.41586538461538464 0.5348557692307693 0.010817307692307692 0.025240384615384616
2 0.28966346153846156 0.5865384615384616 0.008413461538461538 0.02403846153846154
1 0.30649038461538464 0.5913461538461539 0.02283653846153846 0.021634615384615384