1 0.5072115384615384 0.4855769230769231 0.018028846153846152 0.026442307692307692
1 0.3485576923076923 0.49278846153846156 0.03365384615384615 0.04447115384615385
1 0.5228365384615384 0.4891826923076923 0.014423076923076924 0.018028846153846152
1 0.5757211538461539 0.4891826923076923 0.013221153846153846 0.016826923076923076
1 0.39663461538461536 0.49158653846153844 0.03245192307692308 0.040865384615384616
1 0.43149038461538464 0.5024038461538461 0.046875 0.05048076923076923
2 0.6370192307692307 0.5540865384615384 0.04447115384615385 0.12259615384615384
3 0.29086538461538464 0.4891826923076923 0.014423076923076924 0.042067307692307696
2 0.3004807692307692 0.49038461538461536 0.019230769230769232 0.040865384615384616
1 0.4579326923076923 0.49158653846153844 0.016826923076923076 0.018028846153846152
1 0.4807692307692308 0.4891826923076923 0.021634615384615384 0.026442307692307692
1 0.5372596153846154 0.48677884615384615 0.02283653846153846 0.018028846153846152
1 0.5540865384615384 0.47596153846153844 0.010817307692307692 0.01201923076923077
1 0.5961538461538461 0.48677884615384615 0.015625 0.018028846153846152