1 0.5 0.5240384615384616 0.01201923076923077 0.03245192307692308
4 0.38221153846153844 0.5625 0.055288461538461536 0.10576923076923077
4 0.43990384615384615 0.5841346153846154 0.06129807692307692 0.13221153846153846
0 0.30528846153846156 0.6658653846153846 0.0625 0.12379807692307693
4 0.5540865384615384 0.5564903846153846 0.038461538461538464 0.06610576923076923
4 0.5264423076923077 0.5060096153846154 0.019230769230769232 0.046875
3 0.15625 0.6694711538461539 0.008413461538461538 0.06009615384615385
3 0.26322115384615385 0.6021634615384616 0.008413461538461538 0.04326923076923077
1 0.33533653846153844 0.5853365384615384 0.016826923076923076 0.03365384615384615
1 0.3449519230769231 0.578125 0.015625 0.03485576923076923
1 0.5012019230769231 0.4987980769230769 0.009615384615384616 0.018028846153846152
1 0.47115384615384615 0.5024038461538461 0.01201923076923077 0.015625
1 0.48197115384615385 0.5036057692307693 0.010817307692307692 0.014423076923076924