1 0.46033653846153844 0.5288461538461539 0.018028846153846152 0.03245192307692308
1 0.30528846153846156 0.6033653846153846 0.026442307692307692 0.04326923076923077
1 0.43990384615384615 0.546875 0.018028846153846152 0.03485576923076923
2 0.14302884615384615 0.7151442307692307 0.02403846153846154 0.0625
3 0.15745192307692307 0.6694711538461539 0.007211538461538462 0.054086538461538464
3 0.2668269230769231 0.6009615384615384 0.007211538461538462 0.04326923076923077
1 0.33533653846153844 0.5841346153846154 0.019230769230769232 0.030048076923076924
1 0.3425480769230769 0.578125 0.018028846153846152 0.03485576923076923
1 0.3870192307692308 0.5745192307692307 0.021634615384615384 0.03485576923076923
4 0.5528846153846154 0.5528846153846154 0.040865384615384616 0.0733173076923077
4 0.5180288461538461 0.49759615384615385 0.018028846153846152 0.038461538461538464
1 0.46875 0.5024038461538461 0.008413461538461538 0.018028846153846152
1 0.49399038461538464 0.5036057692307693 0.013221153846153846 0.018028846153846152