1 0.48677884615384615 0.5084134615384616 0.015625 0.020432692307692308
1 0.4375 0.5528846153846154 0.020432692307692308 0.03485576923076923
1 0.30528846153846156 0.6009615384615384 0.026442307692307692 0.042067307692307696
1 0.4110576923076923 0.5721153846153846 0.019230769230769232 0.042067307692307696
1 0.3485576923076923 0.6382211538461539 0.03245192307692308 0.06490384615384616
1 0.23798076923076922 0.6887019230769231 0.04447115384615385 0.0625
2 0.14302884615384615 0.7151442307692307 0.030048076923076924 0.0625
3 0.15625 0.6730769230769231 0.010817307692307692 0.06009615384615385
4 0.5516826923076923 0.5588942307692307 0.037259615384615384 0.06610576923076923
3 0.2620192307692308 0.6021634615384616 0.007211538461538462 0.05048076923076923
4 0.5 0.5 0.020432692307692308 0.036057692307692304
1 0.4723557692307692 0.5084134615384616 0.010817307692307692 0.021634615384615384
1 0.33533653846153844 0.5841346153846154 0.018028846153846152 0.027644230769230768
1 0.3449519230769231 0.578125 0.019230769230769232 0.037259615384615384
3 0.27524038461538464 0.6045673076923077 0.004807692307692308 0.03485576923076923
2 0.42788461538461536 0.515625 0.006009615384615385 0.019230769230769232
2 0.4423076923076923 0.5144230769230769 0.004807692307692308 0.018028846153846152
1 0.46153846153846156 0.5132211538461539 0.010817307692307692 0.016826923076923076