1 0.4206730769230769 0.453125 0.09375 0.125
1 0.5661057692307693 0.45072115384615385 0.07692307692307693 0.06971153846153846
1 0.5360576923076923 0.42908653846153844 0.046875 0.052884615384615384
1 0.47475961538461536 0.41346153846153844 0.03485576923076923 0.04326923076923077
1 0.45072115384615385 0.390625 0.026442307692307692 0.03125
1 0.33653846153846156 0.4375 0.0673076923076923 0.0625
1 0.23798076923076922 0.4170673076923077 0.05889423076923077 0.052884615384615384
1 0.3485576923076923 0.390625 0.03125 0.03125
1 0.30408653846153844 0.3858173076923077 0.030048076923076924 0.037259615384615384
1 0.7836538461538461 0.5108173076923077 0.19831730769230768 0.17427884615384615
1 0.0673076923076923 0.39903846153846156 0.05048076923076923 0.03485576923076923