1 0.42908653846153844 0.5336538461538461 0.019230769230769232 0.030048076923076924
1 0.30649038461538464 0.6009615384615384 0.025240384615384616 0.04326923076923077
4 0.36899038461538464 0.6622596153846154 0.07451923076923077 0.16947115384615385
3 0.15865384615384615 0.6706730769230769 0.01201923076923077 0.056490384615384616
0 0.5240384615384616 0.6117788461538461 0.06490384615384616 0.109375
1 0.46634615384615385 0.5276442307692307 0.01201923076923077 0.025240384615384616
1 0.44591346153846156 0.5240384615384616 0.009615384615384616 0.021634615384615384
1 0.4567307692307692 0.5264423076923077 0.009615384615384616 0.021634615384615384
1 0.4879807692307692 0.5024038461538461 0.01201923076923077 0.021634615384615384
0 0.5108173076923077 0.4879807692307692 0.010817307692307692 0.026442307692307692
3 0.2860576923076923 0.5901442307692307 0.007211538461538462 0.038461538461538464
3 0.5865384615384616 0.5985576923076923 0.007211538461538462 0.054086538461538464
3 0.5949519230769231 0.6009615384615384 0.007211538461538462 0.046875
4 0.5528846153846154 0.5540865384615384 0.03485576923076923 0.06490384615384616