1 0.30528846153846156 0.6033653846153846 0.026442307692307692 0.042067307692307696
4 0.4182692307692308 0.6105769230769231 0.056490384615384616 0.15144230769230768
3 0.15745192307692307 0.671875 0.009615384615384616 0.055288461538461536
0 0.5396634615384616 0.5961538461538461 0.052884615384615384 0.10096153846153846
1 0.33533653846153844 0.5853365384615384 0.019230769230769232 0.03485576923076923
1 0.34615384615384615 0.578125 0.015625 0.036057692307692304
3 0.2848557692307692 0.5913461538461539 0.007211538461538462 0.037259615384615384
1 0.4495192307692308 0.5420673076923077 0.01201923076923077 0.028846153846153848
1 0.4567307692307692 0.5288461538461539 0.014423076923076924 0.027644230769230768
1 0.46875 0.5216346153846154 0.01201923076923077 0.02403846153846154
1 0.4855769230769231 0.5060096153846154 0.01201923076923077 0.025240384615384616
0 0.5096153846153846 0.49038461538461536 0.01201923076923077 0.027644230769230768
3 0.5745192307692307 0.609375 0.006009615384615385 0.04927884615384615