4 0.5973557692307693 0.38461538461538464 0.0673076923076923 0.046875
4 0.21394230769230768 0.39903846153846156 0.078125 0.04326923076923077
1 0.5697115384615384 0.39783653846153844 0.05889423076923077 0.025240384615384616
1 0.42908653846153844 0.3737980769230769 0.014423076923076924 0.013221153846153846
1 0.38100961538461536 0.37259615384615385 0.01201923076923077 0.015625
1 0.33774038461538464 0.38341346153846156 0.016826923076923076 0.018028846153846152
1 0.31850961538461536 0.3894230769230769 0.016826923076923076 0.021634615384615384
1 0.3762019230769231 0.39903846153846156 0.052884615384615384 0.025240384615384616
1 0.4254807692307692 0.40384615384615385 0.052884615384615384 0.028846153846153848
1 0.3293269230769231 0.42427884615384615 0.030048076923076924 0.03485576923076923
1 0.2980769230769231 0.4326923076923077 0.052884615384615384 0.056490384615384616
1 0.3269230769230769 0.37740384615384615 0.01201923076923077 0.013221153846153846