4 0.6129807692307693 0.3798076923076923 0.06370192307692307 0.04447115384615385
4 0.19110576923076922 0.39783653846153844 0.06850961538461539 0.040865384615384616
1 0.4182692307692308 0.3701923076923077 0.01201923076923077 0.013221153846153846
1 0.3798076923076923 0.36778846153846156 0.01201923076923077 0.013221153846153846
1 0.31850961538461536 0.37259615384615385 0.010817307692307692 0.013221153846153846
1 0.31850961538461536 0.38461538461538464 0.016826923076923076 0.019230769230769232
1 0.33774038461538464 0.37740384615384615 0.015625 0.018028846153846152
1 0.2932692307692308 0.39903846153846156 0.04326923076923077 0.025240384615384616
1 0.33052884615384615 0.41346153846153844 0.026442307692307692 0.03485576923076923
1 0.30649038461538464 0.4254807692307692 0.04567307692307692 0.05048076923076923
1 0.36658653846153844 0.40024038461538464 0.038461538461538464 0.03485576923076923
1 0.42427884615384615 0.39302884615384615 0.036057692307692304 0.028846153846153848
1 0.45072115384615385 0.39663461538461536 0.051682692307692304 0.03125
1 0.5817307692307693 0.3918269230769231 0.04326923076923077 0.025240384615384616