4 0.5240384615384616 0.5240384615384616 0.027644230769230768 0.06370192307692307
1 0.3293269230769231 0.6838942307692307 0.026442307692307692 0.06610576923076923
4 0.5048076923076923 0.5072115384615384 0.028846153846153848 0.06490384615384616
3 0.15745192307692307 0.6754807692307693 0.015625 0.0625
1 0.30649038461538464 0.6009615384615384 0.030048076923076924 0.04326923076923077
1 0.30649038461538464 0.6875 0.03125 0.057692307692307696
1 0.36899038461538464 0.6274038461538461 0.03485576923076923 0.055288461538461536
1 0.25841346153846156 0.6670673076923077 0.039663461538461536 0.07091346153846154
1 0.21514423076923078 0.7007211538461539 0.037259615384615384 0.057692307692307696
1 0.22716346153846154 0.6586538461538461 0.03125 0.028846153846153848
3 0.3786057692307692 0.6526442307692307 0.010817307692307692 0.06610576923076923
4 0.5528846153846154 0.5564903846153846 0.03365384615384615 0.06610576923076923
4 0.4651442307692308 0.5024038461538461 0.014423076923076924 0.03245192307692308
3 0.2620192307692308 0.6021634615384616 0.004807692307692308 0.04447115384615385
1 0.33413461538461536 0.5853365384615384 0.019230769230769232 0.030048076923076924
1 0.3449519230769231 0.5793269230769231 0.018028846153846152 0.038461538461538464
1 0.3112980769230769 0.6454326923076923 0.030048076923076924 0.028846153846153848
1 0.5120192307692307 0.4699519230769231 0.009615384615384616 0.014423076923076924