1 0.4362980769230769 0.5336538461538461 0.016826923076923076 0.026442307692307692
1 0.46634615384615385 0.6911057692307693 0.10096153846153846 0.06850961538461539
1 0.30528846153846156 0.6021634615384616 0.03245192307692308 0.052884615384615384
1 0.16947115384615385 0.7367788461538461 0.06490384615384616 0.09495192307692307
1 0.22716346153846154 0.7283653846153846 0.06850961538461539 0.0985576923076923
1 0.484375 0.6334134615384616 0.03365384615384615 0.05048076923076923
4 0.5540865384615384 0.5504807692307693 0.038461538461538464 0.07932692307692307
3 0.15625 0.6730769230769231 0.004807692307692308 0.046875
3 0.1622596153846154 0.6694711538461539 0.008413461538461538 0.042067307692307696
1 0.33533653846153844 0.5853365384615384 0.019230769230769232 0.03125
1 0.3449519230769231 0.578125 0.015625 0.03365384615384615
4 0.5132211538461539 0.49399038461538464 0.018028846153846152 0.042067307692307696
1 0.4675480769230769 0.5024038461538461 0.010817307692307692 0.014423076923076924