3 0.3425480769230769 0.5817307692307693 0.020432692307692308 0.046875
3 0.34975961538461536 0.5793269230769231 0.016826923076923076 0.04567307692307692
1 0.30408653846153844 0.6009615384615384 0.030048076923076924 0.046875
1 0.43028846153846156 0.5396634615384616 0.020432692307692308 0.03365384615384615
1 0.5036057692307693 0.5721153846153846 0.030048076923076924 0.05048076923076923
3 0.15504807692307693 0.671875 0.006009615384615385 0.04927884615384615
3 0.16105769230769232 0.6682692307692307 0.007211538461538462 0.05048076923076923
4 0.5540865384615384 0.5576923076923077 0.039663461538461536 0.07451923076923077
4 0.515625 0.49278846153846156 0.015625 0.046875
1 0.49038461538461536 0.5048076923076923 0.010817307692307692 0.015625
3 0.2620192307692308 0.6045673076923077 0.007211538461538462 0.038461538461538464
3 0.12860576923076922 0.6754807692307693 0.006009615384615385 0.054086538461538464
1 0.4675480769230769 0.5024038461538461 0.009615384615384616 0.018028846153846152