1 0.45913461538461536 0.5096153846153846 0.013221153846153846 0.021634615384615384
1 0.30528846153846156 0.6021634615384616 0.028846153846153848 0.046875
1 0.44711538461538464 0.546875 0.020432692307692308 0.030048076923076924
1 0.4387019230769231 0.6923076923076923 0.0625 0.1045673076923077
1 0.40024038461538464 0.5805288461538461 0.02403846153846154 0.038461538461538464
4 0.5552884615384616 0.5637019230769231 0.04326923076923077 0.0625
3 0.15504807692307693 0.671875 0.008413461538461538 0.054086538461538464
3 0.16105769230769232 0.6658653846153846 0.008413461538461538 0.057692307692307696
3 0.12980769230769232 0.6802884615384616 0.007211538461538462 0.06370192307692307
3 0.27524038461538464 0.6009615384615384 0.006009615384615385 0.04326923076923077
1 0.33413461538461536 0.5841346153846154 0.019230769230769232 0.03245192307692308
1 0.34375 0.5793269230769231 0.019230769230769232 0.03485576923076923
1 0.48197115384615385 0.5048076923076923 0.010817307692307692 0.018028846153846152
4 0.515625 0.4891826923076923 0.03125 0.03485576923076923