1 0.46153846153846156 0.5120192307692307 0.018028846153846152 0.026442307692307692
1 0.33413461538461536 0.5841346153846154 0.019230769230769232 0.028846153846153848
1 0.30649038461538464 0.6021634615384616 0.028846153846153848 0.04927884615384615
1 0.2932692307692308 0.6454326923076923 0.03245192307692308 0.05889423076923077
1 0.33653846153846156 0.6526442307692307 0.038461538461538464 0.0625
2 0.5132211538461539 0.7115384615384616 0.05048076923076923 0.14543269230769232
4 0.5552884615384616 0.5661057692307693 0.04447115384615385 0.055288461538461536
3 0.16105769230769232 0.6682692307692307 0.01201923076923077 0.06370192307692307
3 0.27524038461538464 0.6009615384615384 0.008413461538461538 0.040865384615384616
1 0.34375 0.5793269230769231 0.019230769230769232 0.03485576923076923
1 0.5060096153846154 0.4723557692307692 0.007211538461538462 0.018028846153846152