1 0.45913461538461536 0.5096153846153846 0.014423076923076924 0.026442307692307692
1 0.2247596153846154 0.7331730769230769 0.06009615384615385 0.09495192307692307
3 0.15865384615384615 0.6754807692307693 0.007211538461538462 0.051682692307692304
3 0.16346153846153846 0.6706730769230769 0.01201923076923077 0.06009615384615385
2 0.5396634615384616 0.6875 0.03245192307692308 0.09014423076923077
4 0.5528846153846154 0.5661057692307693 0.039663461538461536 0.05048076923076923
1 0.21153846153846154 0.7007211538461539 0.038461538461538464 0.06610576923076923
1 0.30528846153846156 0.6838942307692307 0.040865384615384616 0.07091346153846154
3 0.2764423076923077 0.6021634615384616 0.008413461538461538 0.042067307692307696
1 0.29086538461538464 0.59375 0.004807692307692308 0.03485576923076923
1 0.30649038461538464 0.6021634615384616 0.027644230769230768 0.04326923076923077
1 0.33413461538461536 0.5841346153846154 0.018028846153846152 0.03485576923076923
1 0.3449519230769231 0.578125 0.019230769230769232 0.037259615384615384
1 0.515625 0.49038461538461536 0.007211538461538462 0.016826923076923076
1 0.5060096153846154 0.4735576923076923 0.007211538461538462 0.013221153846153846