1 0.30528846153846156 0.6033653846153846 0.027644230769230768 0.04807692307692308
1 0.3016826923076923 0.6875 0.04447115384615385 0.07692307692307693
1 0.20673076923076922 0.703125 0.04567307692307692 0.06971153846153846
3 0.15865384615384615 0.671875 0.008413461538461538 0.05048076923076923
3 0.16346153846153846 0.6694711538461539 0.009615384615384616 0.055288461538461536
2 0.5841346153846154 0.6875 0.027644230769230768 0.07451923076923077
4 0.5540865384615384 0.5661057692307693 0.036057692307692304 0.04927884615384615
1 0.13581730769230768 0.7379807692307693 0.026442307692307692 0.125
3 0.27524038461538464 0.6033653846153846 0.006009615384615385 0.042067307692307696
1 0.33413461538461536 0.5853365384615384 0.020432692307692308 0.03365384615384615
1 0.3449519230769231 0.5793269230769231 0.018028846153846152 0.036057692307692304
1 0.45913461538461536 0.5108173076923077 0.013221153846153846 0.021634615384615384
1 0.5084134615384616 0.4879807692307692 0.007211538461538462 0.013221153846153846
1 0.5072115384615384 0.4735576923076923 0.007211538461538462 0.014423076923076924