1 0.30528846153846156 0.6021634615384616 0.030048076923076924 0.04927884615384615
1 0.3004807692307692 0.6875 0.042067307692307696 0.07091346153846154
1 0.20673076923076922 0.7019230769230769 0.04567307692307692 0.07211538461538461
2 0.5841346153846154 0.6887019230769231 0.026442307692307692 0.06971153846153846
3 0.15865384615384615 0.6730769230769231 0.008413461538461538 0.054086538461538464
3 0.16466346153846154 0.6694711538461539 0.007211538461538462 0.056490384615384616
4 0.5540865384615384 0.5673076923076923 0.038461538461538464 0.054086538461538464
3 0.2848557692307692 0.5973557692307693 0.007211538461538462 0.038461538461538464
3 0.2644230769230769 0.6129807692307693 0.006009615384615385 0.030048076923076924
1 0.33533653846153844 0.5853365384615384 0.020432692307692308 0.03365384615384615
1 0.34375 0.578125 0.020432692307692308 0.03485576923076923
1 0.45072115384615385 0.5192307692307693 0.013221153846153846 0.021634615384615384
1 0.4675480769230769 0.5048076923076923 0.010817307692307692 0.018028846153846152
1 0.5012019230769231 0.4963942307692308 0.009615384615384616 0.014423076923076924
1 0.515625 0.49158653846153844 0.007211538461538462 0.014423076923076924
1 0.5060096153846154 0.4723557692307692 0.007211538461538462 0.014423076923076924