1 0.41346153846153844 0.5480769230769231 0.018028846153846152 0.03485576923076923
1 0.4567307692307692 0.5300480769230769 0.019230769230769232 0.03365384615384615
1 0.14543269230769232 0.7680288461538461 0.040865384615384616 0.19471153846153846
2 0.4963942307692308 0.7007211538461539 0.042067307692307696 0.11057692307692307
2 0.5492788461538461 0.6598557692307693 0.025240384615384616 0.06129807692307692
3 0.15865384615384615 0.6730769230769231 0.006009615384615385 0.051682692307692304
3 0.16346153846153846 0.6670673076923077 0.01201923076923077 0.054086538461538464
4 0.5528846153846154 0.5697115384615384 0.037259615384615384 0.042067307692307696
3 0.27524038461538464 0.5997596153846154 0.006009615384615385 0.040865384615384616
3 0.29086538461538464 0.5985576923076923 0.004807692307692308 0.04807692307692308
1 0.30649038461538464 0.5997596153846154 0.028846153846153848 0.040865384615384616
1 0.33413461538461536 0.5853365384615384 0.019230769230769232 0.03245192307692308
1 0.34375 0.5793269230769231 0.019230769230769232 0.037259615384615384
1 0.4675480769230769 0.5048076923076923 0.01201923076923077 0.018028846153846152
1 0.5 0.5 0.009615384615384616 0.018028846153846152
1 0.5060096153846154 0.4963942307692308 0.007211538461538462 0.014423076923076924
2 0.48677884615384615 0.5036057692307693 0.007211538461538462 0.014423076923076924