1 0.33533653846153844 0.6081730769230769 0.028846153846153848 0.057692307692307696
1 0.30408653846153844 0.6033653846153846 0.026442307692307692 0.04927884615384615
1 0.40024038461538464 0.6706730769230769 0.04326923076923077 0.07451923076923077
1 0.3161057692307692 0.7091346153846154 0.06610576923076923 0.12740384615384615
2 0.5444711538461539 0.6550480769230769 0.019230769230769232 0.05048076923076923
2 0.5264423076923077 0.5973557692307693 0.019230769230769232 0.04567307692307692
4 0.5552884615384616 0.5673076923076923 0.039663461538461536 0.04927884615384615
3 0.15865384615384615 0.671875 0.007211538461538462 0.05048076923076923
3 0.16466346153846154 0.6670673076923077 0.009615384615384616 0.057692307692307696
1 0.3425480769230769 0.578125 0.020432692307692308 0.03485576923076923
1 0.43028846153846156 0.5625 0.02403846153846154 0.03365384615384615
1 0.4387019230769231 0.5276442307692307 0.014423076923076924 0.026442307692307692
1 0.484375 0.5096153846153846 0.010817307692307692 0.016826923076923076
1 0.4963942307692308 0.5024038461538461 0.009615384615384616 0.016826923076923076
1 0.515625 0.49038461538461536 0.007211538461538462 0.014423076923076924
0 0.5168269230769231 0.4675480769230769 0.007211538461538462 0.015625
1 0.46634615384615385 0.5036057692307693 0.007211538461538462 0.018028846153846152