1 0.21875 0.43149038461538464 0.07451923076923077 0.038461538461538464
0 0.20072115384615385 0.41346153846153844 0.16105769230769232 0.08052884615384616
1 0.3545673076923077 0.41346153846153844 0.019230769230769232 0.02403846153846154
1 0.38822115384615385 0.44591346153846156 0.06129807692307692 0.06850961538461539
1 0.4855769230769231 0.45072115384615385 0.06850961538461539 0.06971153846153846
1 0.5240384615384616 0.4182692307692308 0.046875 0.03125
1 0.6598557692307693 0.46153846153846156 0.1201923076923077 0.11899038461538461
1 0.6009615384615384 0.4519230769230769 0.05048076923076923 0.08052884615384616
4 0.5216346153846154 0.39663461538461536 0.18389423076923078 0.09014423076923077
1 0.7439903846153846 0.41346153846153844 0.052884615384615384 0.03365384615384615
1 0.8125 0.4110576923076923 0.052884615384615384 0.028846153846153848
1 0.8930288461538461 0.4110576923076923 0.051682692307692304 0.025240384615384616
1 0.9627403846153846 0.40625 0.04807692307692308 0.027644230769230768
1 0.6730769230769231 0.39903846153846156 0.05889423076923077 0.040865384615384616