1 0.41947115384615385 0.5420673076923077 0.018028846153846152 0.03245192307692308
1 0.4074519230769231 0.5865384615384616 0.03125 0.042067307692307696
1 0.41346153846153844 0.6466346153846154 0.037259615384615384 0.06850961538461539
1 0.4423076923076923 0.6069711538461539 0.03125 0.04807692307692308
1 0.25240384615384615 0.6694711538461539 0.040865384615384616 0.0733173076923077
1 0.3076923076923077 0.6009615384615384 0.027644230769230768 0.040865384615384616
3 0.15985576923076922 0.6742788461538461 0.008413461538461538 0.052884615384615384
3 0.1658653846153846 0.6694711538461539 0.01201923076923077 0.05889423076923077
2 0.5096153846153846 0.578125 0.013221153846153846 0.038461538461538464
2 0.5360576923076923 0.6081730769230769 0.021634615384615384 0.04927884615384615
4 0.5528846153846154 0.5625 0.038461538461538464 0.057692307692307696
1 0.33413461538461536 0.5853365384615384 0.018028846153846152 0.03125
1 0.34375 0.578125 0.019230769230769232 0.03485576923076923
1 0.4831730769230769 0.5108173076923077 0.01201923076923077 0.019230769230769232
1 0.49399038461538464 0.5060096153846154 0.009615384615384616 0.015625
2 0.4651442307692308 0.5120192307692307 0.008413461538461538 0.021634615384615384
1 0.5168269230769231 0.49278846153846156 0.009615384615384616 0.018028846153846152
1 0.5072115384615384 0.47475961538461536 0.007211538461538462 0.014423076923076924
0 0.5192307692307693 0.46875 0.007211538461538462 0.015625