1 0.09975961538461539 0.5084134615384616 0.19831730769230768 0.25240384615384615
1 0.22115384615384615 0.41947115384615385 0.042067307692307696 0.040865384615384616
1 0.2512019230769231 0.4074519230769231 0.026442307692307692 0.025240384615384616
1 0.27403846153846156 0.41947115384615385 0.03485576923076923 0.03365384615384615
1 0.4206730769230769 0.6466346153846154 0.4639423076923077 0.49278846153846156
1 0.8497596153846154 0.546875 0.2980769230769231 0.24639423076923078
1 0.7139423076923077 0.49399038461538464 0.1658653846153846 0.18028846153846154
1 0.6778846153846154 0.4206730769230769 0.0985576923076923 0.06490384615384616
1 0.8401442307692307 0.4230769230769231 0.056490384615384616 0.028846153846153848
1 0.9242788461538461 0.42908653846153844 0.14903846153846154 0.20072115384615385
1 0.6033653846153846 0.4206730769230769 0.042067307692307696 0.028846153846153848