1 0.5120192307692307 0.5420673076923077 0.020432692307692308 0.036057692307692304
1 0.30528846153846156 0.6009615384615384 0.02403846153846154 0.042067307692307696
1 0.4831730769230769 0.546875 0.019230769230769232 0.03485576923076923
1 0.3233173076923077 0.6610576923076923 0.04326923076923077 0.0733173076923077
4 0.5540865384615384 0.5649038461538461 0.040865384615384616 0.052884615384615384
3 0.15865384615384615 0.6730769230769231 0.007211538461538462 0.04927884615384615
3 0.1658653846153846 0.6694711538461539 0.007211538461538462 0.054086538461538464
1 0.3293269230769231 0.5841346153846154 0.036057692307692304 0.036057692307692304
1 0.46634615384615385 0.5048076923076923 0.010817307692307692 0.018028846153846152
1 0.484375 0.5096153846153846 0.014423076923076924 0.018028846153846152
1 0.5144230769230769 0.49038461538461536 0.008413461538461538 0.013221153846153846
4 0.5060096153846154 0.47596153846153844 0.008413461538461538 0.018028846153846152
2 0.48677884615384615 0.49278846153846156 0.003605769230769231 0.013221153846153846