3 0.1935096153846154 0.40865384615384615 0.010817307692307692 0.03485576923076923
3 0.20432692307692307 0.40865384615384615 0.009615384615384616 0.037259615384615384
1 0.7872596153846154 0.453125 0.1201923076923077 0.078125
3 0.7740384615384616 0.40865384615384615 0.015625 0.027644230769230768
3 0.7331730769230769 0.42788461538461536 0.014423076923076924 0.03125
3 0.6947115384615384 0.4170673076923077 0.019230769230769232 0.04447115384615385
3 0.7211538461538461 0.4254807692307692 0.010817307692307692 0.038461538461538464
1 0.484375 0.44711538461538464 0.08413461538461539 0.078125
1 0.5961538461538461 0.4050480769230769 0.036057692307692304 0.056490384615384616
1 0.5661057692307693 0.40384615384615385 0.026442307692307692 0.03365384615384615
1 0.6334134615384616 0.38461538461538464 0.020432692307692308 0.019230769230769232