1 0.49278846153846156 0.5288461538461539 0.016826923076923076 0.027644230769230768
1 0.30528846153846156 0.6021634615384616 0.030048076923076924 0.046875
1 0.3004807692307692 0.6814903846153846 0.046875 0.0829326923076923
0 0.4182692307692308 0.640625 0.08774038461538461 0.11298076923076923
4 0.5552884615384616 0.5649038461538461 0.042067307692307696 0.05889423076923077
3 0.15865384615384615 0.6742788461538461 0.007211538461538462 0.05889423076923077
3 0.16826923076923078 0.6694711538461539 0.007211538461538462 0.054086538461538464
1 0.33413461538461536 0.5841346153846154 0.020432692307692308 0.03125
1 0.34375 0.578125 0.019230769230769232 0.03485576923076923
1 0.484375 0.5096153846153846 0.013221153846153846 0.019230769230769232
1 0.46634615384615385 0.5048076923076923 0.01201923076923077 0.018028846153846152
0 0.5060096153846154 0.4795673076923077 0.009615384615384616 0.018028846153846152