1 0.3004807692307692 0.6826923076923077 0.05048076923076923 0.07451923076923077
1 0.30649038461538464 0.6033653846153846 0.03125 0.04447115384615385
0 0.43990384615384615 0.5841346153846154 0.04447115384615385 0.08774038461538461
3 0.15985576923076922 0.6706730769230769 0.010817307692307692 0.06009615384615385
3 0.16826923076923078 0.6682692307692307 0.007211538461538462 0.05889423076923077
2 0.5384615384615384 0.7680288461538461 0.17548076923076922 0.46153846153846156
1 0.33533653846153844 0.5841346153846154 0.019230769230769232 0.03125
1 0.3449519230769231 0.5793269230769231 0.020432692307692308 0.036057692307692304
2 0.45072115384615385 0.5120192307692307 0.007211538461538462 0.021634615384615384
1 0.47115384615384615 0.5216346153846154 0.013221153846153846 0.021634615384615384
1 0.48197115384615385 0.5144230769230769 0.010817307692307692 0.019230769230769232
4 0.4963942307692308 0.4879807692307692 0.009615384615384616 0.019230769230769232
1 0.5144230769230769 0.5060096153846154 0.01201923076923077 0.02283653846153846
4 0.5528846153846154 0.5564903846153846 0.037259615384615384 0.05889423076923077
1 0.5180288461538461 0.4831730769230769 0.006009615384615385 0.009615384615384616
1 0.5180288461538461 0.47475961538461536 0.007211538461538462 0.010817307692307692