1 0.43509615384615385 0.5576923076923077 0.019230769230769232 0.028846153846153848
4 0.5024038461538461 0.5348557692307693 0.06370192307692307 0.07932692307692307
1 0.30528846153846156 0.6021634615384616 0.028846153846153848 0.046875
1 0.3016826923076923 0.6826923076923077 0.051682692307692304 0.08413461538461539
4 0.5564903846153846 0.5576923076923077 0.04326923076923077 0.0625
3 0.15985576923076922 0.6706730769230769 0.013221153846153846 0.05889423076923077
3 0.1658653846153846 0.6658653846153846 0.01201923076923077 0.06129807692307692
2 0.5817307692307693 0.71875 0.05889423076923077 0.21995192307692307
1 0.33413461538461536 0.5841346153846154 0.019230769230769232 0.030048076923076924
1 0.34375 0.578125 0.020432692307692308 0.037259615384615384
2 0.43149038461538464 0.5300480769230769 0.008413461538461538 0.025240384615384616
2 0.43990384615384615 0.5252403846153846 0.006009615384615385 0.018028846153846152
0 0.4675480769230769 0.5552884615384616 0.03365384615384615 0.07211538461538461
1 0.4651442307692308 0.5072115384615384 0.007211538461538462 0.014423076923076924
4 0.49038461538461536 0.4891826923076923 0.01201923076923077 0.016826923076923076