1 0.14903846153846154 0.49278846153846156 0.18269230769230768 0.16947115384615385
1 0.3713942307692308 0.45072115384615385 0.06610576923076923 0.06490384615384616
1 0.46033653846153844 0.44471153846153844 0.04567307692307692 0.055288461538461536
1 0.5384615384615384 0.4375 0.11298076923076923 0.140625
3 0.8221153846153846 0.4326923076923077 0.019230769230769232 0.06850961538461539
3 0.8401442307692307 0.43990384615384615 0.020432692307692308 0.0625
3 0.8545673076923077 0.43990384615384615 0.021634615384615384 0.05889423076923077
3 0.9074519230769231 0.41947115384615385 0.019230769230769232 0.03365384615384615
3 0.9519230769230769 0.4266826923076923 0.021634615384615384 0.03365384615384615
1 0.9230769230769231 0.4651442307692308 0.11778846153846154 0.05048076923076923
1 0.8990384615384616 0.5216346153846154 0.19951923076923078 0.15625
1 0.3918269230769231 0.43028846153846156 0.037259615384615384 0.046875
0 0.359375 0.40865384615384615 0.03485576923076923 0.04326923076923077