3 0.025240384615384616 0.4266826923076923 0.016826923076923076 0.06009615384615385
3 0.007211538461538462 0.4362980769230769 0.01201923076923077 0.04447115384615385
1 0.23677884615384615 0.47716346153846156 0.14903846153846154 0.14302884615384615
1 0.39302884615384615 0.44471153846153844 0.06370192307692307 0.056490384615384616
1 0.46153846153846156 0.43990384615384615 0.04326923076923077 0.046875
1 0.5528846153846154 0.4326923076923077 0.10096153846153846 0.1346153846153846
3 0.7427884615384616 0.4170673076923077 0.016826923076923076 0.04927884615384615
3 0.7572115384615384 0.41466346153846156 0.019230769230769232 0.025240384615384616
3 0.7716346153846154 0.40865384615384615 0.01201923076923077 0.028846153846153848
3 0.8221153846153846 0.4230769230769231 0.016826923076923076 0.052884615384615384
1 0.7680288461538461 0.46634615384615385 0.09254807692307693 0.08173076923076923
1 0.8581730769230769 0.47836538461538464 0.25 0.09735576923076923
1 0.39903846153846156 0.4254807692307692 0.040865384615384616 0.046875
0 0.36538461538461536 0.4026442307692308 0.036057692307692304 0.03125