1 0.49158653846153844 0.640625 0.037259615384615384 0.0625
1 0.31490384615384615 0.6814903846153846 0.040865384615384616 0.06610576923076923
4 0.41466346153846156 0.609375 0.051682692307692304 0.13942307692307693
3 0.16105769230769232 0.6694711538461539 0.007211538461538462 0.05889423076923077
3 0.16706730769230768 0.6670673076923077 0.010817307692307692 0.05889423076923077
1 0.4807692307692308 0.5889423076923077 0.026442307692307692 0.05048076923076923
4 0.5528846153846154 0.5625 0.038461538461538464 0.052884615384615384
2 0.5805288461538461 0.6790865384615384 0.027644230769230768 0.0985576923076923
3 0.27524038461538464 0.5985576923076923 0.006009615384615385 0.038461538461538464
3 0.29447115384615385 0.609375 0.006009615384615385 0.027644230769230768
3 0.29927884615384615 0.6045673076923077 0.007211538461538462 0.038461538461538464
3 0.2644230769230769 0.6129807692307693 0.006009615384615385 0.030048076923076924
1 0.30649038461538464 0.5997596153846154 0.027644230769230768 0.038461538461538464
2 0.34975961538461536 0.5961538461538461 0.019230769230769232 0.039663461538461536
2 0.37740384615384615 0.5600961538461539 0.007211538461538462 0.026442307692307692
0 0.49278846153846156 0.5180288461538461 0.02403846153846154 0.04447115384615385
1 0.46634615384615385 0.5048076923076923 0.010817307692307692 0.018028846153846152
1 0.47716346153846156 0.515625 0.009615384615384616 0.020432692307692308
4 0.4807692307692308 0.49278846153846156 0.013221153846153846 0.019230769230769232
1 0.5144230769230769 0.49158653846153844 0.010817307692307692 0.020432692307692308