1 0.042067307692307696 0.46033653846153844 0.07211538461538461 0.06009615384615385
1 0.12860576923076922 0.4579326923076923 0.0733173076923077 0.06850961538461539
1 0.20552884615384615 0.45072115384615385 0.038461538461538464 0.04447115384615385
1 0.2536057692307692 0.4543269230769231 0.046875 0.040865384615384616
1 0.5360576923076923 0.578125 0.2932692307692308 0.28125
1 0.4543269230769231 0.44711538461538464 0.06971153846153846 0.08653846153846154
1 0.6213942307692307 0.47836538461538464 0.0733173076923077 0.09014423076923077
1 0.7536057692307693 0.4723557692307692 0.09495192307692307 0.09735576923076923
1 0.6550480769230769 0.46153846153846156 0.055288461538461536 0.06850961538461539
1 0.9122596153846154 0.6069711538461539 0.17067307692307693 0.28725961538461536
1 0.9050480769230769 0.5096153846153846 0.14903846153846154 0.14903846153846154