1 0.040865384615384616 0.4699519230769231 0.08173076923076923 0.07932692307692307
1 0.15745192307692307 0.46153846153846156 0.05048076923076923 0.06009615384615385
1 0.20192307692307693 0.4639423076923077 0.0673076923076923 0.052884615384615384
1 0.25 0.46033653846153844 0.046875 0.037259615384615384
1 0.5288461538461539 0.5625 0.24519230769230768 0.23798076923076922
1 0.4579326923076923 0.45072115384615385 0.056490384615384616 0.06490384615384616
1 0.5997596153846154 0.47596153846153844 0.06610576923076923 0.07211538461538461
1 0.6394230769230769 0.4675480769230769 0.040865384615384616 0.056490384615384616
1 0.7307692307692307 0.47596153846153844 0.0733173076923077 0.08173076923076923
1 0.8137019230769231 0.5444711538461539 0.23076923076923078 0.1814903846153846
1 0.8810096153846154 0.5024038461538461 0.09254807692307693 0.11298076923076923