1 0.038461538461538464 0.4579326923076923 0.07692307692307693 0.06971153846153846
1 0.0733173076923077 0.44711538461538464 0.056490384615384616 0.06610576923076923
1 0.16346153846153846 0.4519230769230769 0.07692307692307693 0.056490384615384616
1 0.22596153846153846 0.44591346153846156 0.05048076923076923 0.04447115384615385
1 0.265625 0.4423076923076923 0.03485576923076923 0.037259615384615384
1 0.5709134615384616 0.6382211538461539 0.43028846153846156 0.4098557692307692
1 0.44591346153846156 0.4495192307692308 0.09495192307692307 0.109375
1 0.8449519230769231 0.47596153846153844 0.1310096153846154 0.12259615384615384
1 0.6838942307692307 0.4891826923076923 0.11538461538461539 0.1310096153846154
1 0.5973557692307693 0.4326923076923077 0.04326923076923077 0.056490384615384616
1 0.5865384615384616 0.4411057692307692 0.046875 0.038461538461538464