1 0.4723557692307692 0.6754807692307693 0.08533653846153846 0.06610576923076923
3 0.4170673076923077 0.5865384615384616 0.007211538461538462 0.042067307692307696
1 0.33533653846153844 0.5853365384615384 0.02283653846153846 0.03485576923076923
1 0.30528846153846156 0.6033653846153846 0.030048076923076924 0.046875
4 0.19471153846153846 0.703125 0.09375 0.17548076923076922
4 0.5564903846153846 0.5625 0.040865384615384616 0.057692307692307696
2 0.6069711538461539 0.6730769230769231 0.018028846153846152 0.07451923076923077
3 0.2644230769230769 0.6009615384615384 0.008413461538461538 0.04447115384615385
2 0.3449519230769231 0.5889423076923077 0.010817307692307692 0.028846153846153848
1 0.3449519230769231 0.578125 0.016826923076923076 0.03245192307692308
1 0.4411057692307692 0.5492788461538461 0.018028846153846152 0.03245192307692308
4 0.46875 0.5348557692307693 0.03125 0.09254807692307693
1 0.4891826923076923 0.5504807692307693 0.014423076923076924 0.03125
0 0.5048076923076923 0.5060096153846154 0.019230769230769232 0.038461538461538464
1 0.49759615384615385 0.47596153846153844 0.007211538461538462 0.013221153846153846
1 0.5180288461538461 0.4831730769230769 0.007211538461538462 0.013221153846153846
1 0.4855769230769231 0.5072115384615384 0.009615384615384616 0.018028846153846152