4 0.4411057692307692 0.515625 0.021634615384615384 0.042067307692307696
1 0.4735576923076923 0.5492788461538461 0.019230769230769232 0.03365384615384615
1 0.30528846153846156 0.6033653846153846 0.026442307692307692 0.04807692307692308
1 0.4543269230769231 0.5348557692307693 0.018028846153846152 0.03125
4 0.33774038461538464 0.5901442307692307 0.03485576923076923 0.08653846153846154
1 0.3269230769230769 0.734375 0.11899038461538461 0.19230769230769232
4 0.5540865384615384 0.5661057692307693 0.037259615384615384 0.04927884615384615
2 0.5661057692307693 0.6129807692307693 0.014423076923076924 0.054086538461538464
3 0.15625 0.671875 0.006009615384615385 0.051682692307692304
3 0.1622596153846154 0.6682692307692307 0.007211538461538462 0.057692307692307696
3 0.16947115384615385 0.6682692307692307 0.007211538461538462 0.051682692307692304
2 0.22716346153846154 0.6646634615384616 0.016826923076923076 0.046875
4 0.5048076923076923 0.49759615384615385 0.019230769230769232 0.057692307692307696
1 0.4675480769230769 0.5048076923076923 0.009615384615384616 0.016826923076923076
1 0.4891826923076923 0.5012019230769231 0.008413461538461538 0.016826923076923076