1 0.9050480769230769 0.59375 0.18629807692307693 0.359375
1 0.6814903846153846 0.4735576923076923 0.1201923076923077 0.11538461538461539
1 0.6141826923076923 0.46033653846153844 0.07451923076923077 0.07572115384615384
1 0.5889423076923077 0.43509615384615385 0.037259615384615384 0.040865384615384616
1 0.5552884615384616 0.4387019230769231 0.037259615384615384 0.052884615384615384
1 0.5204326923076923 0.44591346153846156 0.06610576923076923 0.06850961538461539
1 0.4855769230769231 0.4423076923076923 0.037259615384615384 0.04447115384615385
1 0.4495192307692308 0.43028846153846156 0.026442307692307692 0.025240384615384616
1 0.28125 0.4362980769230769 0.040865384615384616 0.037259615384615384
1 0.2127403846153846 0.43509615384615385 0.052884615384615384 0.03485576923076923
1 0.328125 0.43028846153846156 0.04326923076923077 0.038461538461538464