1 0.4362980769230769 0.5588942307692307 0.021634615384615384 0.03485576923076923
4 0.3004807692307692 0.6141826923076923 0.039663461538461536 0.0985576923076923
1 0.44350961538461536 0.6935096153846154 0.06129807692307692 0.10096153846153846
1 0.30288461538461536 0.6935096153846154 0.04567307692307692 0.06610576923076923
2 0.15625 0.703125 0.019230769230769232 0.051682692307692304
3 0.15625 0.6670673076923077 0.006009615384615385 0.042067307692307696
3 0.1622596153846154 0.6694711538461539 0.006009615384615385 0.04567307692307692
3 0.16826923076923078 0.6658653846153846 0.006009615384615385 0.054086538461538464
3 0.2764423076923077 0.6021634615384616 0.007211538461538462 0.04567307692307692
3 0.2644230769230769 0.6129807692307693 0.004807692307692308 0.03485576923076923
1 0.33533653846153844 0.5829326923076923 0.019230769230769232 0.030048076923076924
1 0.34375 0.578125 0.018028846153846152 0.03485576923076923
2 0.5649038461538461 0.5985576923076923 0.013221153846153846 0.04447115384615385
4 0.5528846153846154 0.5649038461538461 0.038461538461538464 0.05048076923076923
4 0.42427884615384615 0.5288461538461539 0.02403846153846154 0.046875
1 0.47596153846153844 0.5060096153846154 0.009615384615384616 0.014423076923076924
1 0.5 0.5252403846153846 0.016826923076923076 0.025240384615384616
4 0.5120192307692307 0.49158653846153844 0.018028846153846152 0.046875
1 0.5 0.5024038461538461 0.008413461538461538 0.014423076923076924
2 0.44711538461538464 0.5120192307692307 0.006009615384615385 0.015625
1 0.484375 0.5036057692307693 0.008413461538461538 0.014423076923076924