1 0.9627403846153846 0.6490384615384616 0.07211538461538461 0.28846153846153844
1 0.8377403846153846 0.49278846153846156 0.15745192307692307 0.11899038461538461
1 0.6838942307692307 0.49278846153846156 0.14543269230769232 0.12860576923076922
1 0.609375 0.4579326923076923 0.046875 0.06009615384615385
1 0.5420673076923077 0.4651442307692308 0.052884615384615384 0.08173076923076923
1 0.4723557692307692 0.48197115384615385 0.12620192307692307 0.13701923076923078
1 0.3088942307692308 0.4519230769230769 0.04326923076923077 0.037259615384615384
1 0.25721153846153844 0.44471153846153844 0.038461538461538464 0.046875
1 0.19951923076923078 0.5072115384615384 0.15985576923076922 0.15985576923076922
1 0.09375 0.47115384615384615 0.10336538461538461 0.07451923076923077
1 0.040865384615384616 0.4735576923076923 0.04567307692307692 0.06490384615384616