1 0.9326923076923077 0.5949519230769231 0.12860576923076922 0.33413461538461536
1 0.8605769230769231 0.49759615384615385 0.1778846153846154 0.12860576923076922
1 0.6802884615384616 0.49399038461538464 0.15625 0.14423076923076922
1 0.6117788461538461 0.4519230769230769 0.051682692307692304 0.052884615384615384
1 0.5504807692307693 0.46153846153846156 0.06971153846153846 0.08173076923076923
1 0.4699519230769231 0.4807692307692308 0.12139423076923077 0.13701923076923078
1 0.3137019230769231 0.4651442307692308 0.08774038461538461 0.08653846153846154
1 0.2439903846153846 0.4495192307692308 0.05048076923076923 0.05048076923076923
1 0.171875 0.4495192307692308 0.06610576923076923 0.046875
1 0.06850961538461539 0.4543269230769231 0.052884615384615384 0.056490384615384616
1 0.03125 0.46153846153846156 0.0625 0.06850961538461539