1 0.5012019230769231 0.5060096153846154 0.030048076923076924 0.03245192307692308
1 0.49158653846153844 0.5096153846153846 0.02403846153846154 0.027644230769230768
1 0.33413461538461536 0.5841346153846154 0.020432692307692308 0.03365384615384615
1 0.3942307692307692 0.5901442307692307 0.030048076923076924 0.042067307692307696
4 0.38822115384615385 0.6706730769230769 0.046875 0.11298076923076923
1 0.30528846153846156 0.6021634615384616 0.028846153846153848 0.046875
4 0.4579326923076923 0.5564903846153846 0.040865384615384616 0.08774038461538461
1 0.296875 0.7067307692307693 0.04447115384615385 0.06490384615384616
4 0.5024038461538461 0.5709134615384616 0.04567307692307692 0.11899038461538461
3 0.16105769230769232 0.6694711538461539 0.008413461538461538 0.056490384615384616
3 0.17307692307692307 0.6742788461538461 0.01201923076923077 0.052884615384615384
0 0.21995192307692307 0.640625 0.06490384615384616 0.10576923076923077
3 0.2644230769230769 0.6021634615384616 0.008413461538461538 0.046875
1 0.31009615384615385 0.6790865384615384 0.038461538461538464 0.0625
4 0.5552884615384616 0.5685096153846154 0.039663461538461536 0.046875
1 0.34375 0.578125 0.019230769230769232 0.03365384615384615
1 0.46033653846153844 0.5084134615384616 0.013221153846153846 0.01201923076923077
1 0.484375 0.5096153846153846 0.01201923076923077 0.016826923076923076
1 0.4963942307692308 0.5048076923076923 0.010817307692307692 0.014423076923076924
1 0.5096153846153846 0.4795673076923077 0.007211538461538462 0.009615384615384616