1 0.30649038461538464 0.6009615384615384 0.027644230769230768 0.04447115384615385
1 0.17427884615384615 0.7355769230769231 0.0733173076923077 0.10336538461538461
0 0.47475961538461536 0.6658653846153846 0.07091346153846154 0.13942307692307693
0 0.22355769230769232 0.6514423076923077 0.052884615384615384 0.10817307692307693
3 0.16346153846153846 0.6658653846153846 0.01201923076923077 0.04927884615384615
3 0.2620192307692308 0.6009615384615384 0.004807692307692308 0.042067307692307696
1 0.33533653846153844 0.5829326923076923 0.019230769230769232 0.028846153846153848
1 0.3449519230769231 0.578125 0.016826923076923076 0.03365384615384615
4 0.44711538461538464 0.5685096153846154 0.026442307692307692 0.051682692307692304
4 0.5108173076923077 0.5456730769230769 0.04807692307692308 0.0889423076923077
4 0.5540865384615384 0.5661057692307693 0.038461538461538464 0.04807692307692308
2 0.41466346153846156 0.5192307692307693 0.007211538461538462 0.021634615384615384
1 0.453125 0.5144230769230769 0.01201923076923077 0.015625
1 0.45913461538461536 0.5060096153846154 0.008413461538461538 0.014423076923076924
4 0.4879807692307692 0.5180288461538461 0.019230769230769232 0.06129807692307692
1 0.4699519230769231 0.5036057692307693 0.01201923076923077 0.016826923076923076