1 0.44471153846153844 0.5252403846153846 0.015625 0.02283653846153846
1 0.30528846153846156 0.6021634615384616 0.028846153846153848 0.04447115384615385
0 0.171875 0.6875 0.08173076923076923 0.12740384615384615
0 0.4951923076923077 0.6129807692307693 0.051682692307692304 0.11177884615384616
4 0.5540865384615384 0.5673076923076923 0.039663461538461536 0.054086538461538464
1 0.33533653846153844 0.5841346153846154 0.018028846153846152 0.028846153846153848
1 0.34375 0.578125 0.019230769230769232 0.03365384615384615
3 0.2620192307692308 0.5985576923076923 0.006009615384615385 0.038461538461538464
2 0.4266826923076923 0.5216346153846154 0.004807692307692308 0.02283653846153846
4 0.47115384615384615 0.5492788461538461 0.02283653846153846 0.052884615384615384
4 0.49759615384615385 0.5072115384615384 0.021634615384615384 0.052884615384615384
1 0.453125 0.5180288461538461 0.009615384615384616 0.020432692307692308
1 0.47596153846153844 0.5180288461538461 0.01201923076923077 0.019230769230769232
1 0.4699519230769231 0.5036057692307693 0.01201923076923077 0.015625