1 0.38341346153846156 0.5901442307692307 0.025240384615384616 0.04567307692307692
1 0.36778846153846156 0.6153846153846154 0.028846153846153848 0.052884615384615384
1 0.296875 0.6935096153846154 0.03125 0.07932692307692307
1 0.3293269230769231 0.6189903846153846 0.03125 0.05048076923076923
1 0.30408653846153844 0.6045673076923077 0.027644230769230768 0.05048076923076923
1 0.3245192307692308 0.7055288461538461 0.05048076923076923 0.10576923076923077
3 0.16466346153846154 0.6802884615384616 0.020432692307692308 0.028846153846153848
4 0.5576923076923077 0.5697115384615384 0.04326923076923077 0.051682692307692304
1 0.4891826923076923 0.5072115384615384 0.01201923076923077 0.018028846153846152
1 0.515625 0.5048076923076923 0.01201923076923077 0.021634615384615384
1 0.33533653846153844 0.5817307692307693 0.019230769230769232 0.026442307692307692
1 0.34375 0.5769230769230769 0.020432692307692308 0.03485576923076923
1 0.47115384615384615 0.5204326923076923 0.013221153846153846 0.021634615384615384
0 0.5288461538461539 0.5192307692307693 0.018028846153846152 0.04567307692307692
2 0.45072115384615385 0.5132211538461539 0.004807692307692308 0.016826923076923076
1 0.4651442307692308 0.5120192307692307 0.009615384615384616 0.019230769230769232
1 0.4987980769230769 0.4879807692307692 0.010817307692307692 0.021634615384615384
2 0.40024038461538464 0.5420673076923077 0.004807692307692308 0.02403846153846154
3 0.26322115384615385 0.6009615384615384 0.007211538461538462 0.040865384615384616