3 0.3473557692307692 0.5805288461538461 0.019230769230769232 0.042067307692307696
1 0.25 0.6814903846153846 0.06610576923076923 0.08413461538461539
3 0.3389423076923077 0.5817307692307693 0.021634615384615384 0.04326923076923077
1 0.33774038461538464 0.5841346153846154 0.02283653846153846 0.04326923076923077
1 0.42788461538461536 0.5492788461538461 0.02403846153846154 0.046875
1 0.30408653846153844 0.6045673076923077 0.03125 0.05048076923076923
1 0.30408653846153844 0.6838942307692307 0.051682692307692304 0.09495192307692307
1 0.34134615384615385 0.7055288461538461 0.05048076923076923 0.11057692307692307
1 0.2644230769230769 0.6670673076923077 0.042067307692307696 0.08533653846153846
1 0.22716346153846154 0.6911057692307693 0.04447115384615385 0.07572115384615384
3 0.4951923076923077 0.5625 0.016826923076923076 0.040865384615384616
4 0.5576923076923077 0.5588942307692307 0.04326923076923077 0.06971153846153846
3 0.16346153846153846 0.6742788461538461 0.015625 0.030048076923076924
3 0.3894230769230769 0.5480769230769231 0.01201923076923077 0.027644230769230768
1 0.48197115384615385 0.5096153846153846 0.018028846153846152 0.020432692307692308
1 0.515625 0.5 0.019230769230769232 0.02403846153846154