1 0.7295673076923077 0.5096153846153846 0.203125 0.19951923076923078
1 0.43990384615384615 0.44350961538461536 0.04567307692307692 0.05048076923076923
1 0.4182692307692308 0.4375 0.036057692307692304 0.046875
1 0.35697115384615385 0.4423076923076923 0.042067307692307696 0.04447115384615385
1 0.35096153846153844 0.4254807692307692 0.042067307692307696 0.03125
1 0.3088942307692308 0.44471153846153844 0.051682692307692304 0.04927884615384615
1 0.28725961538461536 0.4230769230769231 0.02403846153846154 0.025240384615384616
1 0.2620192307692308 0.4326923076923077 0.03485576923076923 0.040865384615384616
1 0.2403846153846154 0.4483173076923077 0.046875 0.04447115384615385
1 0.20192307692307693 0.4411057692307692 0.03245192307692308 0.04326923076923077
1 0.171875 0.42788461538461536 0.021634615384615384 0.027644230769230768
1 0.02403846153846154 0.4795673076923077 0.046875 0.15865384615384615