1 0.21995192307692307 0.4483173076923077 0.078125 0.09134615384615384
1 0.31971153846153844 0.4387019230769231 0.03245192307692308 0.037259615384615384
1 0.29086538461538464 0.42908653846153844 0.02403846153846154 0.028846153846153848
1 0.36177884615384615 0.43149038461538464 0.02403846153846154 0.027644230769230768
1 0.34134615384615385 0.4326923076923077 0.020432692307692308 0.025240384615384616
1 0.3942307692307692 0.4338942307692308 0.025240384615384616 0.027644230769230768
1 0.4495192307692308 0.4423076923076923 0.04567307692307692 0.052884615384615384
1 0.4254807692307692 0.4411057692307692 0.014423076923076924 0.038461538461538464
1 0.4879807692307692 0.4362980769230769 0.030048076923076924 0.040865384615384616
1 0.5228365384615384 0.43990384615384615 0.04567307692307692 0.056490384615384616
1 0.7572115384615384 0.5180288461538461 0.22596153846153846 0.21875