1 0.2620192307692308 0.7307692307692307 0.052884615384615384 0.0673076923076923
1 0.46274038461538464 0.5288461538461539 0.019230769230769232 0.038461538461538464
1 0.33774038461538464 0.5841346153846154 0.027644230769230768 0.04927884615384615
1 0.3088942307692308 0.6754807692307693 0.04807692307692308 0.09975961538461539
1 0.30408653846153844 0.6033653846153846 0.03125 0.057692307692307696
1 0.14302884615384615 0.7475961538461539 0.03365384615384615 0.08653846153846154
1 0.39663461538461536 0.6526442307692307 0.042067307692307696 0.09014423076923077
1 0.2091346153846154 0.6959134615384616 0.04927884615384615 0.0889423076923077
3 0.37259615384615385 0.5637019230769231 0.014423076923076924 0.037259615384615384
3 0.421875 0.5300480769230769 0.01201923076923077 0.03365384615384615
4 0.5564903846153846 0.5540865384615384 0.055288461538461536 0.09014423076923077
1 0.28125 0.7115384615384616 0.038461538461538464 0.0625