1 0.30649038461538464 0.6009615384615384 0.028846153846153848 0.04326923076923077
1 0.4483173076923077 0.5745192307692307 0.021634615384615384 0.04927884615384615
4 0.5576923076923077 0.5685096153846154 0.046875 0.05048076923076923
4 0.1466346153846154 0.7235576923076923 0.046875 0.13581730769230768
3 0.28846153846153844 0.6009615384615384 0.006009615384615385 0.04567307692307692
3 0.33413461538461536 0.5877403846153846 0.004807692307692308 0.036057692307692304
1 0.3425480769230769 0.5793269230769231 0.021634615384615384 0.038461538461538464
2 0.359375 0.5769230769230769 0.007211538461538462 0.03485576923076923
2 0.3918269230769231 0.5504807692307693 0.004807692307692308 0.026442307692307692
1 0.4050480769230769 0.5829326923076923 0.025240384615384616 0.036057692307692304
1 0.4855769230769231 0.5060096153846154 0.01201923076923077 0.021634615384615384
1 0.46875 0.5048076923076923 0.008413461538461538 0.018028846153846152
2 0.5132211538461539 0.49399038461538464 0.003605769230769231 0.015625
1 0.5012019230769231 0.49038461538461536 0.007211538461538462 0.014423076923076924
1 0.5180288461538461 0.47115384615384615 0.007211538461538462 0.014423076923076924