1 0.30528846153846156 0.6045673076923077 0.027644230769230768 0.046875
1 0.49399038461538464 0.6826923076923077 0.10697115384615384 0.0733173076923077
3 0.1622596153846154 0.6826923076923077 0.01201923076923077 0.030048076923076924
1 0.32091346153846156 0.5853365384615384 0.020432692307692308 0.042067307692307696
2 0.33774038461538464 0.5901442307692307 0.007211538461538462 0.036057692307692304
2 0.3737980769230769 0.5721153846153846 0.007211538461538462 0.040865384615384616
1 0.34375 0.578125 0.019230769230769232 0.03485576923076923
3 0.28966346153846156 0.5985576923076923 0.006009615384615385 0.04807692307692308
4 0.5528846153846154 0.5673076923076923 0.037259615384615384 0.04807692307692308
3 0.49759615384615385 0.5625 0.007211538461538462 0.040865384615384616
1 0.47836538461538464 0.5084134615384616 0.01201923076923077 0.021634615384615384
4 0.4735576923076923 0.5012019230769231 0.015625 0.03245192307692308
1 0.5 0.49038461538461536 0.009615384615384616 0.014423076923076924
1 0.5012019230769231 0.4735576923076923 0.009615384615384616 0.015625
1 0.515625 0.4795673076923077 0.007211538461538462 0.01201923076923077