1 0.47596153846153844 0.5072115384615384 0.013221153846153846 0.025240384615384616
1 0.4098557692307692 0.6454326923076923 0.03485576923076923 0.0673076923076923
4 0.4543269230769231 0.5060096153846154 0.019230769230769232 0.039663461538461536
1 0.34134615384615385 0.7175480769230769 0.055288461538461536 0.07692307692307693
1 0.15865384615384615 0.7331730769230769 0.0673076923076923 0.17668269230769232
2 0.20192307692307693 0.671875 0.010817307692307692 0.054086538461538464
4 0.5540865384615384 0.5685096153846154 0.039663461538461536 0.046875
2 0.2608173076923077 0.6358173076923077 0.009615384615384616 0.046875
3 0.2644230769230769 0.5997596153846154 0.007211538461538462 0.04447115384615385
3 0.2764423076923077 0.6009615384615384 0.004807692307692308 0.039663461538461536
1 0.30528846153846156 0.6021634615384616 0.027644230769230768 0.038461538461538464
1 0.32211538461538464 0.5877403846153846 0.019230769230769232 0.042067307692307696
1 0.33653846153846156 0.5841346153846154 0.013221153846153846 0.030048076923076924
1 0.3449519230769231 0.578125 0.019230769230769232 0.03365384615384615
1 0.3786057692307692 0.5576923076923077 0.028846153846153848 0.025240384615384616
2 0.4230769230769231 0.5144230769230769 0.004807692307692308 0.020432692307692308
1 0.4963942307692308 0.4963942307692308 0.007211538461538462 0.015625
1 0.5108173076923077 0.49278846153846156 0.009615384615384616 0.014423076923076924