1 0.46634615384615385 0.5216346153846154 0.014423076923076924 0.027644230769230768
1 0.43509615384615385 0.5985576923076923 0.027644230769230768 0.052884615384615384
1 0.34375 0.7199519230769231 0.055288461538461536 0.07451923076923077
4 0.26322115384615385 0.6959134615384616 0.09975961538461539 0.2091346153846154
4 0.5576923076923077 0.5697115384615384 0.04326923076923077 0.046875
1 0.40024038461538464 0.5625 0.019230769230769232 0.03365384615384615
2 0.15625 0.7019230769230769 0.013221153846153846 0.0625
0 0.4483173076923077 0.5096153846153846 0.018028846153846152 0.038461538461538464
2 0.42427884615384615 0.5252403846153846 0.006009615384615385 0.02283653846153846
1 0.30649038461538464 0.5997596153846154 0.027644230769230768 0.037259615384615384
1 0.32091346153846156 0.5865384615384616 0.02403846153846154 0.042067307692307696
1 0.33774038461538464 0.5829326923076923 0.013221153846153846 0.030048076923076924
1 0.34375 0.578125 0.019230769230769232 0.03485576923076923
1 0.5048076923076923 0.4963942307692308 0.008413461538461538 0.015625
1 0.4951923076923077 0.49759615384615385 0.008413461538461538 0.014423076923076924