1 0.23798076923076922 0.44471153846153844 0.052884615384615384 0.056490384615384616
1 0.1778846153846154 0.45072115384615385 0.07932692307692307 0.07211538461538461
1 0.296875 0.44711538461538464 0.056490384615384616 0.0625
1 0.3233173076923077 0.4362980769230769 0.040865384615384616 0.06009615384615385
1 0.3701923076923077 0.4387019230769231 0.04326923076923077 0.04447115384615385
1 0.4182692307692308 0.4338942307692308 0.02403846153846154 0.027644230769230768
1 0.44471153846153844 0.4362980769230769 0.027644230769230768 0.03365384615384615
1 0.4855769230769231 0.45552884615384615 0.0625 0.06971153846153846
1 0.6081730769230769 0.43149038461538464 0.07451923076923077 0.03125
1 0.6802884615384616 0.42908653846153844 0.1201923076923077 0.04927884615384615
1 0.7067307692307693 0.44471153846153844 0.14543269230769232 0.056490384615384616
3 0.07932692307692307 0.4362980769230769 0.026442307692307692 0.06009615384615385
3 0.056490384615384616 0.43990384615384615 0.027644230769230768 0.0625