1 0.5024038461538461 0.5168269230769231 0.013221153846153846 0.021634615384615384
1 0.4567307692307692 0.5120192307692307 0.014423076923076924 0.02403846153846154
1 0.32091346153846156 0.5865384615384616 0.020432692307692308 0.042067307692307696
1 0.4795673076923077 0.5420673076923077 0.014423076923076924 0.039663461538461536
1 0.30528846153846156 0.6021634615384616 0.030048076923076924 0.040865384615384616
4 0.21754807692307693 0.6442307692307693 0.057692307692307696 0.11057692307692307
1 0.42908653846153844 0.5709134615384616 0.05048076923076923 0.03485576923076923
4 0.5576923076923077 0.5649038461538461 0.04807692307692308 0.056490384615384616
1 0.4831730769230769 0.5060096153846154 0.01201923076923077 0.020432692307692308
3 0.18269230769230768 0.6706730769230769 0.007211538461538462 0.057692307692307696
1 0.3425480769230769 0.5793269230769231 0.020432692307692308 0.036057692307692304
3 0.41586538461538464 0.515625 0.004807692307692308 0.02283653846153846