1 0.5060096153846154 0.5084134615384616 0.015625 0.019230769230769232
1 0.33653846153846156 0.5829326923076923 0.015625 0.030048076923076924
1 0.4519230769230769 0.5120192307692307 0.015625 0.021634615384615384
1 0.49278846153846156 0.5264423076923077 0.015625 0.030048076923076924
1 0.31850961538461536 0.5889423076923077 0.020432692307692308 0.04326923076923077
1 0.30528846153846156 0.6009615384615384 0.027644230769230768 0.038461538461538464
1 0.5168269230769231 0.546875 0.020432692307692308 0.037259615384615384
4 0.32572115384615385 0.6899038461538461 0.06490384615384616 0.1466346153846154
0 0.21514423076923078 0.6442307692307693 0.05048076923076923 0.09615384615384616
4 0.5528846153846154 0.5661057692307693 0.040865384615384616 0.054086538461538464
1 0.3449519230769231 0.578125 0.018028846153846152 0.03485576923076923
1 0.48197115384615385 0.5084134615384616 0.013221153846153846 0.021634615384615384
1 0.5060096153846154 0.48197115384615385 0.004807692307692308 0.013221153846153846