3 0.32211538461538464 0.5913461538461539 0.02403846153846154 0.056490384615384616
1 0.32211538461538464 0.5853365384615384 0.02403846153846154 0.04567307692307692
1 0.3918269230769231 0.5697115384615384 0.021634615384615384 0.03485576923076923
1 0.4387019230769231 0.5516826923076923 0.02283653846153846 0.036057692307692304
1 0.30408653846153844 0.6045673076923077 0.026442307692307692 0.04567307692307692
1 0.4699519230769231 0.5600961538461539 0.03245192307692308 0.042067307692307696
1 0.34375 0.7115384615384616 0.054086538461538464 0.10336538461538461
4 0.5540865384615384 0.5612980769230769 0.037259615384615384 0.06009615384615385
3 0.5036057692307693 0.7067307692307693 0.04927884615384615 0.15144230769230768
1 0.36658653846153844 0.6911057692307693 0.055288461538461536 0.11899038461538461
0 0.20793269230769232 0.671875 0.06850961538461539 0.12980769230769232
1 0.3425480769230769 0.578125 0.019230769230769232 0.037259615384615384
3 0.41466346153846156 0.5168269230769231 0.004807692307692308 0.021634615384615384