1 0.30408653846153844 0.5985576923076923 0.02403846153846154 0.03365384615384615
1 0.3762019230769231 0.6117788461538461 0.03245192307692308 0.046875
1 0.49278846153846156 0.5300480769230769 0.018028846153846152 0.03245192307692308
1 0.3004807692307692 0.6382211538461539 0.03485576923076923 0.054086538461538464
4 0.37259615384615385 0.6947115384615384 0.052884615384615384 0.12139423076923077
1 0.3425480769230769 0.7091346153846154 0.055288461538461536 0.109375
4 0.3942307692307692 0.5588942307692307 0.04326923076923077 0.09254807692307693
2 0.5817307692307693 0.6850961538461539 0.028846153846153848 0.08653846153846154
4 0.5576923076923077 0.5685096153846154 0.04447115384615385 0.06370192307692307
0 0.2091346153846154 0.6682692307692307 0.07091346153846154 0.13221153846153846
1 0.32211538461538464 0.5865384615384616 0.02283653846153846 0.042067307692307696
1 0.33653846153846156 0.5841346153846154 0.013221153846153846 0.028846153846153848
1 0.34375 0.5793269230769231 0.018028846153846152 0.03245192307692308
2 0.44471153846153844 0.5204326923076923 0.004807692307692308 0.026442307692307692
3 0.41586538461538464 0.515625 0.004807692307692308 0.018028846153846152
1 0.515625 0.49038461538461536 0.007211538461538462 0.015625
1 0.5180288461538461 0.47596153846153844 0.007211538461538462 0.01201923076923077
1 0.48677884615384615 0.5036057692307693 0.009615384615384616 0.021634615384615384
1 0.46875 0.5048076923076923 0.009615384615384616 0.019230769230769232
3 0.27524038461538464 0.6009615384615384 0.006009615384615385 0.039663461538461536
2 0.28846153846153844 0.5901442307692307 0.007211538461538462 0.03245192307692308