1 0.46153846153846156 0.5697115384615384 0.03125 0.0625
1 0.32091346153846156 0.5865384615384616 0.019230769230769232 0.042067307692307696
4 0.43990384615384615 0.5120192307692307 0.025240384615384616 0.052884615384615384
1 0.4326923076923077 0.6117788461538461 0.03125 0.052884615384615384
1 0.30528846153846156 0.6021634615384616 0.026442307692307692 0.042067307692307696
4 0.23317307692307693 0.6814903846153846 0.09375 0.19831730769230768
2 0.5552884615384616 0.6141826923076923 0.018028846153846152 0.054086538461538464
2 0.4182692307692308 0.8100961538461539 0.16346153846153846 0.3786057692307692
1 0.5072115384615384 0.5096153846153846 0.014423076923076924 0.019230769230769232
1 0.484375 0.5072115384615384 0.01201923076923077 0.021634615384615384
4 0.5552884615384616 0.5685096153846154 0.038461538461538464 0.04326923076923077
2 0.3918269230769231 0.5661057692307693 0.010817307692307692 0.037259615384615384
1 0.33653846153846156 0.5829326923076923 0.013221153846153846 0.027644230769230768
1 0.34375 0.5793269230769231 0.019230769230769232 0.036057692307692304
1 0.5144230769230769 0.47115384615384615 0.007211538461538462 0.010817307692307692
1 0.5120192307692307 0.49158653846153844 0.007211538461538462 0.014423076923076924