1 0.24759615384615385 0.5228365384615384 0.057692307692307696 0.056490384615384616
1 0.2980769230769231 0.5132211538461539 0.042067307692307696 0.04447115384615385
4 0.35096153846153844 0.49759615384615385 0.036057692307692304 0.04927884615384615
1 0.4807692307692308 0.49278846153846156 0.025240384615384616 0.027644230769230768
1 0.5492788461538461 0.515625 0.0673076923076923 0.07451923076923077
1 0.40865384615384615 0.49038461538461536 0.016826923076923076 0.02403846153846154
1 0.39663461538461536 0.49278846153846156 0.014423076923076924 0.02403846153846154
1 0.4206730769230769 0.4855769230769231 0.009615384615384616 0.018028846153846152
1 0.4254807692307692 0.48677884615384615 0.007211538461538462 0.009615384615384616
1 0.4326923076923077 0.484375 0.009615384615384616 0.01201923076923077
1 0.4987980769230769 0.4855769230769231 0.014423076923076924 0.018028846153846152