1 0.06610576923076923 0.5576923076923077 0.13221153846153846 0.09615384615384616
1 0.3245192307692308 0.5072115384615384 0.030048076923076924 0.03125
1 0.5372596153846154 0.515625 0.06370192307692307 0.06971153846153846
1 0.4831730769230769 0.49399038461538464 0.02403846153846154 0.02403846153846154
1 0.3473557692307692 0.5024038461538461 0.027644230769230768 0.028846153846153848
4 0.3786057692307692 0.4963942307692308 0.020432692307692308 0.027644230769230768
1 0.027644230769230768 0.5336538461538461 0.052884615384615384 0.06490384615384616
1 0.4074519230769231 0.49278846153846156 0.014423076923076924 0.019230769230769232
1 0.4206730769230769 0.49278846153846156 0.01201923076923077 0.015625
1 0.4266826923076923 0.48677884615384615 0.006009615384615385 0.01201923076923077
1 0.4362980769230769 0.48677884615384615 0.01201923076923077 0.01201923076923077