1 0.4963942307692308 0.5264423076923077 0.018028846153846152 0.03365384615384615
1 0.42788461538461536 0.5528846153846154 0.019230769230769232 0.039663461538461536
1 0.4639423076923077 0.5697115384615384 0.02403846153846154 0.04807692307692308
4 0.27524038461538464 0.6177884615384616 0.057692307692307696 0.14302884615384615
2 0.5360576923076923 0.6105769230769231 0.016826923076923076 0.04807692307692308
2 0.3918269230769231 0.5480769230769231 0.006009615384615385 0.027644230769230768
3 0.1622596153846154 0.6706730769230769 0.014423076923076924 0.055288461538461536
4 0.5564903846153846 0.5564903846153846 0.04326923076923077 0.05889423076923077
1 0.31009615384615385 0.5997596153846154 0.018028846153846152 0.042067307692307696
1 0.32211538461538464 0.5853365384615384 0.020432692307692308 0.040865384615384616
1 0.33653846153846156 0.5829326923076923 0.015625 0.03245192307692308
1 0.3449519230769231 0.578125 0.018028846153846152 0.03485576923076923
1 0.4579326923076923 0.5120192307692307 0.01201923076923077 0.020432692307692308
1 0.484375 0.5096153846153846 0.01201923076923077 0.019230769230769232
1 0.5084134615384616 0.4723557692307692 0.009615384615384616 0.018028846153846152
1 0.5132211538461539 0.46875 0.008413461538461538 0.018028846153846152