1 0.1814903846153846 0.5384615384615384 0.16706730769230768 0.11177884615384616
1 0.4879807692307692 0.5865384615384616 0.2920673076923077 0.33413461538461536
1 0.6033653846153846 0.49399038461538464 0.046875 0.06971153846153846
0 0.6730769230769231 0.45552884615384615 0.12980769230769232 0.11778846153846154
1 0.7512019230769231 0.4699519230769231 0.03245192307692308 0.04447115384615385
1 0.7800480769230769 0.46033653846153844 0.03485576923076923 0.037259615384615384
1 0.8185096153846154 0.46274038461538464 0.036057692307692304 0.038461538461538464
1 0.8461538461538461 0.4543269230769231 0.030048076923076924 0.03365384615384615
1 0.8737980769230769 0.4519230769230769 0.020432692307692308 0.021634615384615384
1 0.8870192307692307 0.44591346153846156 0.016826923076923076 0.021634615384615384
1 0.8858173076923077 0.49278846153846156 0.056490384615384616 0.05048076923076923