1 0.8473557692307693 0.5685096153846154 0.3016826923076923 0.30528846153846156
1 0.6262019230769231 0.5084134615384616 0.08173076923076923 0.08774038461538461
1 0.5841346153846154 0.49278846153846156 0.038461538461538464 0.055288461538461536
1 0.47475961538461536 0.5216346153846154 0.10336538461538461 0.12139423076923077
1 0.5252403846153846 0.5012019230769231 0.030048076923076924 0.04927884615384615
1 0.5480769230769231 0.49399038461538464 0.027644230769230768 0.03485576923076923
1 0.04567307692307692 0.609375 0.09134615384615384 0.24759615384615385
4 0.1310096153846154 0.5108173076923077 0.2283653846153846 0.27524038461538464
1 0.2776442307692308 0.5372596153846154 0.07451923076923077 0.10576923076923077
1 0.32211538461538464 0.5276442307692307 0.055288461538461536 0.08173076923076923
1 0.359375 0.5180288461538461 0.052884615384615384 0.0625
1 0.4206730769230769 0.5072115384615384 0.030048076923076924 0.04326923076923077