1 0.9326923076923077 0.6466346153846154 0.1310096153846154 0.33653846153846156
1 0.6021634615384616 0.5036057692307693 0.0985576923076923 0.11778846153846154
1 0.4495192307692308 0.49759615384615385 0.055288461538461536 0.06610576923076923
1 0.47836538461538464 0.49278846153846156 0.025240384615384616 0.04927884615384615
4 0.5168269230769231 0.48197115384615385 0.030048076923076924 0.06009615384615385
3 0.27283653846153844 0.5 0.010817307692307692 0.03485576923076923
3 0.29086538461538464 0.5012019230769231 0.01201923076923077 0.028846153846153848
3 0.3245192307692308 0.5012019230769231 0.009615384615384616 0.03365384615384615
3 0.390625 0.4855769230769231 0.009615384615384616 0.028846153846153848
1 0.3449519230769231 0.49399038461538464 0.026442307692307692 0.027644230769230768
1 0.49278846153846156 0.48677884615384615 0.020432692307692308 0.027644230769230768
3 0.3641826923076923 0.4891826923076923 0.009615384615384616 0.021634615384615384
3 0.40024038461538464 0.48677884615384615 0.006009615384615385 0.019230769230769232