1 0.7644230769230769 0.5516826923076923 0.20432692307692307 0.18509615384615385
1 0.1971153846153846 0.5492788461538461 0.1310096153846154 0.10096153846153846
4 0.15144230769230768 0.5120192307692307 0.1346153846153846 0.140625
1 0.5733173076923077 0.5024038461538461 0.07451923076923077 0.08774038461538461
1 0.4543269230769231 0.5036057692307693 0.051682692307692304 0.0625
1 0.4951923076923077 0.49759615384615385 0.037259615384615384 0.052884615384615384
3 0.3137019230769231 0.5 0.010817307692307692 0.03125
3 0.37740384615384615 0.4951923076923077 0.010817307692307692 0.03365384615384615
3 0.3245192307692308 0.4987980769230769 0.010817307692307692 0.025240384615384616
3 0.39302884615384615 0.4891826923076923 0.007211538461538462 0.018028846153846152
4 0.5192307692307693 0.48197115384615385 0.026442307692307692 0.05048076923076923