1 0.8064903846153846 0.5576923076923077 0.2980769230769231 0.27524038461538464
1 0.5997596153846154 0.5132211538461539 0.10336538461538461 0.09975961538461539
1 0.5144230769230769 0.4879807692307692 0.056490384615384616 0.06610576923076923
1 0.49038461538461536 0.484375 0.015625 0.038461538461538464
1 0.46875 0.48197115384615385 0.021634615384615384 0.037259615384615384
1 0.42427884615384615 0.5 0.0673076923076923 0.07451923076923077
1 0.056490384615384616 0.5769230769230769 0.11298076923076923 0.17427884615384615
1 0.1466346153846154 0.5336538461538461 0.08173076923076923 0.06971153846153846
1 0.2608173076923077 0.5024038461538461 0.05048076923076923 0.04447115384615385
1 0.3088942307692308 0.5012019230769231 0.042067307692307696 0.040865384615384616
4 0.34615384615384615 0.48197115384615385 0.03245192307692308 0.04447115384615385