4 0.02403846153846154 0.5240384615384616 0.046875 0.19471153846153846
1 0.8257211538461539 0.5745192307692307 0.25721153846153844 0.21875
1 0.5733173076923077 0.5060096153846154 0.08173076923076923 0.09735576923076923
3 0.2932692307692308 0.5048076923076923 0.010817307692307692 0.028846153846153848
3 0.3762019230769231 0.49278846153846156 0.007211538461538462 0.02403846153846154
1 0.44350961538461536 0.5060096153846154 0.055288461538461536 0.0625
1 0.47596153846153844 0.5 0.03125 0.046875
4 0.5108173076923077 0.48677884615384615 0.027644230769230768 0.055288461538461536
3 0.3088942307692308 0.5072115384615384 0.010817307692307692 0.028846153846153848
3 0.3918269230769231 0.49278846153846156 0.007211538461538462 0.018028846153846152
1 0.35336538461538464 0.4987980769230769 0.016826923076923076 0.021634615384615384