1 0.7944711538461539 0.5673076923076923 0.28846153846153844 0.26802884615384615
1 0.5949519230769231 0.5228365384615384 0.09254807692307693 0.09975961538461539
1 0.515625 0.5024038461538461 0.05048076923076923 0.06490384615384616
1 0.4699519230769231 0.4951923076923077 0.020432692307692308 0.028846153846153848
1 0.42788461538461536 0.5180288461538461 0.06971153846153846 0.08653846153846154
1 0.07692307692307693 0.5817307692307693 0.15384615384615385 0.1346153846153846
1 0.19471153846153846 0.5408653846153846 0.09375 0.09375
1 0.25600961538461536 0.5240384615384616 0.04326923076923077 0.056490384615384616
1 0.30408653846153844 0.5132211538461539 0.04807692307692308 0.037259615384615384
1 0.35096153846153844 0.5072115384615384 0.03125 0.027644230769230768
4 0.3629807692307692 0.49158653846153844 0.03125 0.028846153846153848