3 0.9050480769230769 0.49158653846153844 0.027644230769230768 0.10336538461538461
3 0.9338942307692307 0.4879807692307692 0.016826923076923076 0.109375
3 0.9591346153846154 0.4891826923076923 0.021634615384615384 0.11177884615384616
3 0.16947115384615385 0.515625 0.014423076923076924 0.046875
3 0.19110576923076922 0.5144230769230769 0.01201923076923077 0.040865384615384616
3 0.328125 0.49759615384615385 0.01201923076923077 0.03365384615384615
1 0.28365384615384615 0.5036057692307693 0.026442307692307692 0.03125
1 0.7271634615384616 0.5240384615384616 0.17067307692307693 0.18028846153846154
3 0.3737980769230769 0.5048076923076923 0.014423076923076924 0.04447115384615385
3 0.3605769230769231 0.4951923076923077 0.01201923076923077 0.040865384615384616
1 0.4387019230769231 0.5072115384615384 0.05889423076923077 0.06971153846153846
4 0.5048076923076923 0.48677884615384615 0.03485576923076923 0.0625
1 0.48197115384615385 0.49278846153846156 0.016826923076923076 0.03125