3 0.16466346153846154 0.5384615384615384 0.016826923076923076 0.052884615384615384
3 0.15504807692307693 0.53125 0.014423076923076924 0.046875
3 0.14543269230769232 0.5288461538461539 0.015625 0.04326923076923077
3 0.10336538461538461 0.5264423076923077 0.016826923076923076 0.04447115384615385
1 0.05048076923076923 0.5420673076923077 0.07692307692307693 0.056490384615384616
1 0.24639423076923078 0.5180288461538461 0.042067307692307696 0.037259615384615384
1 0.2091346153846154 0.5240384615384616 0.05048076923076923 0.046875
4 0.4182692307692308 0.4951923076923077 0.1502403846153846 0.27163461538461536
1 0.5264423076923077 0.5024038461538461 0.0625 0.06610576923076923
1 0.7379807692307693 0.5420673076923077 0.24879807692307693 0.2283653846153846
3 0.9242788461538461 0.47596153846153844 0.030048076923076924 0.09134615384615384
1 0.3401442307692308 0.5012019230769231 0.026442307692307692 0.025240384615384616