1 0.07451923076923077 0.5625 0.10817307692307693 0.09735576923076923
1 0.15504807692307693 0.5384615384615384 0.06610576923076923 0.05889423076923077
1 0.16105769230769232 0.5120192307692307 0.07211538461538461 0.03485576923076923
1 0.2548076923076923 0.5048076923076923 0.04326923076923077 0.03365384615384615
1 0.2932692307692308 0.5024038461538461 0.03485576923076923 0.027644230769230768
1 0.41466346153846156 0.546875 0.1201923076923077 0.11778846153846154
1 0.6262019230769231 0.5841346153846154 0.2764423076923077 0.2848557692307692
0 0.5793269230769231 0.46033653846153844 0.1045673076923077 0.08774038461538461
4 0.4495192307692308 0.49158653846153844 0.07211538461538461 0.1310096153846154
0 0.38822115384615385 0.46153846153846156 0.026442307692307692 0.038461538461538464
1 0.37259615384615385 0.4963942307692308 0.051682692307692304 0.046875
1 0.3389423076923077 0.484375 0.025240384615384616 0.027644230769230768
1 0.31971153846153844 0.47716346153846156 0.021634615384615384 0.025240384615384616
3 0.3545673076923077 0.5036057692307693 0.01201923076923077 0.04326923076923077