1 0.7091346153846154 0.5949519230769231 0.3485576923076923 0.34975961538461536
1 0.5168269230769231 0.5384615384615384 0.12860576923076922 0.12860576923076922
0 0.49399038461538464 0.48197115384615385 0.057692307692307696 0.07572115384615384
4 0.4254807692307692 0.49278846153846156 0.0889423076923077 0.15625
1 0.06850961538461539 0.5240384615384616 0.057692307692307696 0.06009615384615385
0 0.1466346153846154 0.5 0.09975961538461539 0.08173076923076923
1 0.2127403846153846 0.5144230769230769 0.03485576923076923 0.028846153846153848
1 0.2644230769230769 0.5060096153846154 0.036057692307692304 0.027644230769230768
0 0.36538461538461536 0.47115384615384615 0.021634615384615384 0.038461538461538464
1 0.36177884615384615 0.49158653846153844 0.036057692307692304 0.03365384615384615
3 0.3473557692307692 0.4963942307692308 0.009615384615384616 0.03125