4 0.9074519230769231 0.4879807692307692 0.18269230769230768 0.109375
2 0.7463942307692307 0.5757211538461539 0.07692307692307693 0.15865384615384615
3 0.6105769230769231 0.5228365384615384 0.015625 0.040865384615384616
3 0.5997596153846154 0.5336538461538461 0.015625 0.03485576923076923
1 0.5324519230769231 0.5456730769230769 0.08653846153846154 0.09134615384615384
1 0.47475961538461536 0.5276442307692307 0.030048076923076924 0.03485576923076923
4 0.4230769230769231 0.5264423076923077 0.08173076923076923 0.14302884615384615
0 0.38100961538461536 0.5192307692307693 0.038461538461538464 0.05889423076923077
1 0.3737980769230769 0.5384615384615384 0.027644230769230768 0.038461538461538464
1 0.3449519230769231 0.5384615384615384 0.046875 0.0625
1 0.32211538461538464 0.5492788461538461 0.0625 0.07211538461538461
1 0.27403846153846156 0.5685096153846154 0.06850961538461539 0.09375
1 0.18389423076923078 0.5721153846153846 0.14423076923076922 0.15625
3 0.09014423076923077 0.5612980769230769 0.014423076923076924 0.056490384615384616
1 0.0829326923076923 0.5649038461538461 0.06610576923076923 0.052884615384615384