2 0.7644230769230769 0.5661057692307693 0.07932692307692307 0.17548076923076922
4 0.8401442307692307 0.47475961538461536 0.16346153846153846 0.10096153846153846
1 0.5324519230769231 0.5288461538461539 0.09014423076923077 0.09615384615384616
1 0.4675480769230769 0.5072115384615384 0.025240384615384616 0.03365384615384615
4 0.42427884615384615 0.5084134615384616 0.07932692307692307 0.1346153846153846
0 0.37259615384615385 0.5012019230769231 0.038461538461538464 0.06490384615384616
1 0.36899038461538464 0.5228365384615384 0.03125 0.040865384615384616
1 0.33774038461538464 0.5180288461538461 0.04567307692307692 0.06610576923076923
1 0.31971153846153844 0.53125 0.06370192307692307 0.07451923076923077
1 0.27283653846153844 0.5504807692307693 0.0733173076923077 0.09375
1 0.1814903846153846 0.5564903846153846 0.14543269230769232 0.15264423076923078
3 0.12620192307692307 0.5336538461538461 0.015625 0.037259615384615384
1 0.10576923076923077 0.5456730769230769 0.046875 0.04447115384615385
3 0.5865384615384616 0.5036057692307693 0.014423076923076924 0.038461538461538464
3 0.578125 0.5060096153846154 0.015625 0.03485576923076923