2 0.7560096153846154 0.515625 0.07211538461538461 0.09014423076923077
2 0.3870192307692308 0.5108173076923077 0.04807692307692308 0.056490384615384616
1 0.026442307692307692 0.5288461538461539 0.052884615384615384 0.04447115384615385
1 0.08653846153846154 0.5144230769230769 0.04807692307692308 0.052884615384615384
1 0.16346153846153846 0.5096153846153846 0.046875 0.04326923076923077
1 0.9026442307692307 0.49158653846153844 0.12139423076923077 0.06009615384615385
1 0.6370192307692307 0.4951923076923077 0.0673076923076923 0.025240384615384616
1 0.5504807692307693 0.4963942307692308 0.07211538461538461 0.038461538461538464
1 0.5108173076923077 0.4831730769230769 0.03125 0.025240384615384616
4 0.3173076923076923 0.5228365384615384 0.08173076923076923 0.040865384615384616
1 0.3112980769230769 0.46875 0.020432692307692308 0.019230769230769232