1 0.2127403846153846 0.43990384615384615 0.02403846153846154 0.025240384615384616
1 0.3762019230769231 0.45552884615384615 0.042067307692307696 0.037259615384615384
1 0.4543269230769231 0.4723557692307692 0.08653846153846154 0.0625
1 0.6262019230769231 0.48197115384615385 0.1875 0.06971153846153846
1 0.8473557692307693 0.46274038461538464 0.20192307692307693 0.09375
1 0.9435096153846154 0.421875 0.052884615384615384 0.038461538461538464
1 0.7980769230769231 0.42908653846153844 0.10096153846153846 0.04927884615384615
1 0.7019230769230769 0.43990384615384615 0.09254807692307693 0.055288461538461536
1 0.6370192307692307 0.4362980769230769 0.08653846153846154 0.028846153846153848
1 0.5817307692307693 0.43509615384615385 0.057692307692307696 0.027644230769230768
1 0.5432692307692307 0.4362980769230769 0.027644230769230768 0.028846153846153848