2 0.6670673076923077 0.53125 0.037259615384615384 0.10096153846153846
2 0.5132211538461539 0.5012019230769231 0.016826923076923076 0.040865384615384616
2 0.4266826923076923 0.4795673076923077 0.009615384615384616 0.018028846153846152
1 0.40625 0.47836538461538464 0.021634615384615384 0.02403846153846154
1 0.45552884615384615 0.4951923076923077 0.030048076923076924 0.037259615384615384
1 0.4831730769230769 0.5144230769230769 0.05889423076923077 0.06490384615384616
1 0.3293269230769231 0.4963942307692308 0.036057692307692304 0.03125
3 0.12860576923076922 0.4891826923076923 0.020432692307692308 0.04447115384615385
1 0.03365384615384615 0.5504807692307693 0.0673076923076923 0.09375
1 0.2512019230769231 0.5649038461538461 0.16826923076923078 0.17427884615384615
0 0.265625 0.47596153846153844 0.05889423076923077 0.037259615384615384
1 0.4951923076923077 0.46634615384615385 0.01201923076923077 0.015625