0 0.18269230769230768 0.4987980769230769 0.09375 0.08413461538461539
1 0.05048076923076923 0.6298076923076923 0.09975961538461539 0.31009615384615385
1 0.25721153846153844 0.5564903846153846 0.1346153846153846 0.14423076923076922
1 0.35336538461538464 0.5168269230769231 0.055288461538461536 0.052884615384615384
1 0.41225961538461536 0.4963942307692308 0.030048076923076924 0.03125
1 0.42788461538461536 0.5168269230769231 0.04807692307692308 0.056490384615384616
1 0.3473557692307692 0.48197115384615385 0.020432692307692308 0.02403846153846154
1 0.3641826923076923 0.47716346153846156 0.01201923076923077 0.018028846153846152
1 0.3713942307692308 0.4855769230769231 0.014423076923076924 0.018028846153846152
1 0.44711538461538464 0.4699519230769231 0.01201923076923077 0.013221153846153846
2 0.46153846153846156 0.5024038461538461 0.016826923076923076 0.038461538461538464
2 0.6165865384615384 0.5360576923076923 0.038461538461538464 0.09975961538461539
1 0.4411057692307692 0.46875 0.009615384615384616 0.01201923076923077
1 0.4266826923076923 0.46875 0.009615384615384616 0.01201923076923077
1 0.41586538461538464 0.46875 0.009615384615384616 0.01201923076923077
1 0.4074519230769231 0.47475961538461536 0.01201923076923077 0.015625