0 0.06610576923076923 0.5072115384615384 0.0985576923076923 0.10576923076923077
1 0.05048076923076923 0.6274038461538461 0.10096153846153846 0.32572115384615385
1 0.1622596153846154 0.5144230769230769 0.04567307692307692 0.040865384615384616
1 0.22716346153846154 0.5540865384615384 0.11057692307692307 0.1310096153846154
1 0.29086538461538464 0.48677884615384615 0.02403846153846154 0.03125
1 0.30288461538461536 0.5084134615384616 0.05048076923076923 0.04927884615384615
1 0.37259615384615385 0.5060096153846154 0.04807692307692308 0.05048076923076923
1 0.3161057692307692 0.48197115384615385 0.020432692307692308 0.021634615384615384
2 0.41586538461538464 0.49399038461538464 0.015625 0.038461538461538464
2 0.5649038461538461 0.5336538461538461 0.036057692307692304 0.10096153846153846
1 0.40384615384615385 0.4651442307692308 0.010817307692307692 0.015625
2 0.33533653846153844 0.48197115384615385 0.007211538461538462 0.019230769230769232
1 0.36778846153846156 0.4699519230769231 0.010817307692307692 0.013221153846153846
1 0.3798076923076923 0.46634615384615385 0.009615384615384616 0.01201923076923077
1 0.3581730769230769 0.47115384615384615 0.01201923076923077 0.013221153846153846
1 0.35216346153846156 0.47475961538461536 0.010817307692307692 0.015625