1 0.4807692307692308 0.5024038461538461 0.042067307692307696 0.04326923076923077
1 0.5192307692307693 0.4987980769230769 0.037259615384615384 0.06009615384615385
1 0.5456730769230769 0.5036057692307693 0.036057692307692304 0.0625
1 0.5709134615384616 0.5072115384615384 0.04567307692307692 0.07572115384615384
1 0.6189903846153846 0.5132211538461539 0.078125 0.09975961538461539
1 0.6394230769230769 0.5240384615384616 0.0673076923076923 0.10697115384615384
1 0.7091346153846154 0.5264423076923077 0.11538461538461539 0.1502403846153846
1 0.8305288461538461 0.5492788461538461 0.18629807692307693 0.1935096153846154
1 0.9290865384615384 0.5817307692307693 0.13942307692307693 0.31971153846153844
1 0.39903846153846156 0.4951923076923077 0.016826923076923076 0.018028846153846152
1 0.3173076923076923 0.5192307692307693 0.06610576923076923 0.07451923076923077
1 0.18028846153846154 0.5168269230769231 0.04807692307692308 0.03365384615384615
0 0.47836538461538464 0.47836538461538464 0.040865384615384616 0.05889423076923077
2 0.4483173076923077 0.49278846153846156 0.01201923076923077 0.025240384615384616