0 0.48197115384615385 0.4735576923076923 0.038461538461538464 0.052884615384615384
1 0.4831730769230769 0.49759615384615385 0.036057692307692304 0.040865384615384616
1 0.4050480769230769 0.49278846153846156 0.020432692307692308 0.019230769230769232
1 0.32091346153846156 0.5168269230769231 0.06971153846153846 0.08052884615384616
1 0.2091346153846154 0.5072115384615384 0.04326923076923077 0.03125
1 0.5360576923076923 0.4987980769230769 0.03125 0.06009615384615385
1 0.5504807692307693 0.5036057692307693 0.027644230769230768 0.06610576923076923
1 0.5853365384615384 0.5024038461538461 0.057692307692307696 0.07451923076923077
1 0.5925480769230769 0.5132211538461539 0.03485576923076923 0.07572115384615384
1 0.6334134615384616 0.5132211538461539 0.06129807692307692 0.09975961538461539
1 0.6802884615384616 0.5228365384615384 0.078125 0.11899038461538461
1 0.7560096153846154 0.5300480769230769 0.13221153846153846 0.1658653846153846
1 0.8786057692307693 0.5576923076923077 0.23918269230769232 0.23197115384615385
2 0.5132211538461539 0.49278846153846156 0.02403846153846154 0.055288461538461536
2 0.45552884615384615 0.4879807692307692 0.007211538461538462 0.019230769230769232
1 0.38100961538461536 0.49278846153846156 0.014423076923076924 0.015625