3 0.5180288461538461 0.48677884615384615 0.007211538461538462 0.03485576923076923
1 0.10096153846153846 0.53125 0.06850961538461539 0.05048076923076923
1 0.39903846153846156 0.5072115384615384 0.051682692307692304 0.06490384615384616
1 0.4543269230769231 0.48677884615384615 0.015625 0.021634615384615384
1 0.47716346153846156 0.484375 0.014423076923076924 0.015625
1 0.5324519230769231 0.4891826923076923 0.019230769230769232 0.03365384615384615
1 0.6105769230769231 0.5108173076923077 0.0829326923076923 0.09134615384615384
1 0.6826923076923077 0.5132211538461539 0.05889423076923077 0.10096153846153846
1 0.7620192307692307 0.5060096153846154 0.14423076923076922 0.15264423076923078
1 0.9206730769230769 0.5492788461538461 0.15504807692307693 0.25600961538461536
0 0.5769230769230769 0.47115384615384615 0.07211538461538461 0.10576923076923077
1 0.43028846153846156 0.4879807692307692 0.014423076923076924 0.015625
3 0.3269230769230769 0.4963942307692308 0.006009615384615385 0.019230769230769232