3 0.4807692307692308 0.4879807692307692 0.010817307692307692 0.02403846153846154
0 0.5192307692307693 0.47596153846153844 0.056490384615384616 0.07572115384615384
1 0.5276442307692307 0.5024038461538461 0.052884615384615384 0.05889423076923077
1 0.5925480769230769 0.4963942307692308 0.06129807692307692 0.08653846153846154
1 0.6346153846153846 0.5072115384615384 0.078125 0.09975961538461539
1 0.6598557692307693 0.5168269230769231 0.08173076923076923 0.11177884615384616
1 0.7463942307692307 0.5252403846153846 0.1466346153846154 0.13701923076923078
1 0.9074519230769231 0.5637019230769231 0.18269230769230768 0.25961538461538464
1 0.4254807692307692 0.49158653846153844 0.015625 0.018028846153846152
1 0.3545673076923077 0.5132211538461539 0.056490384615384616 0.06490384615384616
1 0.15384615384615385 0.5204326923076923 0.06129807692307692 0.03365384615384615
1 0.4074519230769231 0.49038461538461536 0.015625 0.015625
1 0.45552884615384615 0.48677884615384615 0.016826923076923076 0.013221153846153846