0 0.6310096153846154 0.46634615384615385 0.17548076923076922 0.20673076923076922
1 0.546875 0.49759615384615385 0.027644230769230768 0.07211538461538461
1 0.5204326923076923 0.5060096153846154 0.03125 0.04326923076923077
1 0.43149038461538464 0.49278846153846156 0.030048076923076924 0.018028846153846152
1 0.4026442307692308 0.49278846153846156 0.014423076923076924 0.018028846153846152
1 0.3629807692307692 0.5096153846153846 0.04326923076923077 0.05048076923076923
1 0.6923076923076923 0.5300480769230769 0.09014423076923077 0.11899038461538461
1 0.765625 0.5384615384615384 0.1346153846153846 0.15264423076923078
1 0.8882211538461539 0.5637019230769231 0.21995192307692307 0.20072115384615385
3 0.4963942307692308 0.49759615384615385 0.019230769230769232 0.040865384615384616
1 0.47836538461538464 0.49399038461538464 0.016826923076923076 0.027644230769230768
4 0.4723557692307692 0.48677884615384615 0.026442307692307692 0.037259615384615384