3 0.5012019230769231 0.48677884615384615 0.01201923076923077 0.03485576923076923
1 0.5216346153846154 0.49399038461538464 0.026442307692307692 0.04326923076923077
1 0.6286057692307693 0.5132211538461539 0.05048076923076923 0.08774038461538461
1 0.6598557692307693 0.5132211538461539 0.06971153846153846 0.09615384615384616
1 0.6995192307692307 0.5168269230769231 0.08774038461538461 0.11177884615384616
1 0.7932692307692307 0.5600961538461539 0.22956730769230768 0.21514423076923078
1 0.8918269230769231 0.46634615384615385 0.04807692307692308 0.03485576923076923
1 0.9471153846153846 0.4519230769230769 0.03485576923076923 0.040865384615384616
1 0.9783653846153846 0.45552884615384615 0.038461538461538464 0.03125
1 0.4182692307692308 0.48677884615384615 0.014423076923076924 0.018028846153846152
1 0.3786057692307692 0.5024038461538461 0.04326923076923077 0.056490384615384616
0 0.5997596153846154 0.46153846153846156 0.11538461538461539 0.15865384615384615
1 0.30649038461538464 0.49399038461538464 0.02403846153846154 0.019230769230769232
1 0.4567307692307692 0.4855769230769231 0.02403846153846154 0.018028846153846152
1 0.44471153846153844 0.4831730769230769 0.010817307692307692 0.018028846153846152
1 0.4326923076923077 0.4831730769230769 0.009615384615384616 0.013221153846153846
1 0.4026442307692308 0.4879807692307692 0.014423076923076924 0.015625
4 0.484375 0.48197115384615385 0.025240384615384616 0.03485576923076923