0 0.5865384615384616 0.4699519230769231 0.09254807692307693 0.12740384615384615
1 0.6033653846153846 0.5024038461538461 0.03245192307692308 0.06850961538461539
1 0.6634615384615384 0.5276442307692307 0.1201923076923077 0.12139423076923077
1 0.7199519230769231 0.5168269230769231 0.06850961538461539 0.09975961538461539
1 0.8052884615384616 0.5360576923076923 0.12379807692307693 0.1622596153846154
1 0.9182692307692307 0.5360576923076923 0.16105769230769232 0.25961538461538464
1 0.46274038461538464 0.4855769230769231 0.01201923076923077 0.013221153846153846
1 0.4411057692307692 0.4891826923076923 0.015625 0.018028846153846152
1 0.3954326923076923 0.5072115384615384 0.05048076923076923 0.056490384615384616
1 0.33653846153846156 0.4951923076923077 0.030048076923076924 0.018028846153846152
1 0.03245192307692308 0.5384615384615384 0.06370192307692307 0.056490384615384616
1 0.5324519230769231 0.49399038461538464 0.019230769230769232 0.03485576923076923
3 0.5120192307692307 0.4879807692307692 0.014423076923076924 0.038461538461538464
1 0.42427884615384615 0.4879807692307692 0.014423076923076924 0.01201923076923077
3 0.30288461538461536 0.4963942307692308 0.009615384615384616 0.019230769230769232
1 0.4807692307692308 0.48677884615384615 0.016826923076923076 0.015625