1 0.1466346153846154 0.5144230769230769 0.04567307692307692 0.04447115384615385
1 0.1201923076923077 0.5180288461538461 0.046875 0.03365384615384615
1 0.18870192307692307 0.5336538461538461 0.08413461538461539 0.07572115384615384
1 0.2824519230769231 0.5384615384615384 0.10336538461538461 0.09375
3 0.32211538461538464 0.4963942307692308 0.010817307692307692 0.02403846153846154
1 0.3737980769230769 0.49038461538461536 0.014423076923076924 0.015625
1 0.4206730769230769 0.49759615384615385 0.030048076923076924 0.037259615384615384
1 0.5264423076923077 0.49278846153846156 0.03125 0.038461538461538464
2 0.5877403846153846 0.4807692307692308 0.0673076923076923 0.10576923076923077
1 0.5877403846153846 0.5096153846153846 0.03245192307692308 0.07451923076923077
1 0.6322115384615384 0.5072115384615384 0.10336538461538461 0.08774038461538461
1 0.7536057692307693 0.5216346153846154 0.14903846153846154 0.15625
1 0.8870192307692307 0.5540865384615384 0.22235576923076922 0.18990384615384615
1 0.4675480769230769 0.49038461538461536 0.014423076923076924 0.02403846153846154
4 0.5192307692307693 0.47596153846153844 0.046875 0.07211538461538461
1 0.390625 0.4879807692307692 0.009615384615384616 0.01201923076923077
1 0.4338942307692308 0.48677884615384615 0.014423076923076924 0.015625