1 0.019230769230769232 0.5252403846153846 0.038461538461538464 0.038461538461538464
1 0.22956730769230768 0.5564903846153846 0.14423076923076922 0.12139423076923077
1 0.3329326923076923 0.5024038461538461 0.040865384615384616 0.040865384615384616
1 0.35216346153846156 0.4987980769230769 0.02403846153846154 0.03365384615384615
1 0.41586538461538464 0.4987980769230769 0.03245192307692308 0.040865384615384616
1 0.5564903846153846 0.49759615384615385 0.040865384615384616 0.055288461538461536
1 0.5949519230769231 0.5036057692307693 0.056490384615384616 0.078125
1 0.6346153846153846 0.5084134615384616 0.0829326923076923 0.07572115384615384
1 0.8810096153846154 0.5396634615384616 0.234375 0.18509615384615385
1 0.390625 0.48677884615384615 0.015625 0.013221153846153846
4 0.5384615384615384 0.4831730769230769 0.057692307692307696 0.06850961538461539
3 0.0673076923076923 0.5204326923076923 0.015625 0.04447115384615385
1 0.4411057692307692 0.484375 0.016826923076923076 0.015625