3 0.008413461538461538 0.5228365384615384 0.016826923076923076 0.06009615384615385
1 0.18990384615384615 0.5048076923076923 0.055288461538461536 0.03365384615384615
1 0.25961538461538464 0.5372596153846154 0.1201923076923077 0.11298076923076923
1 0.328125 0.5012019230769231 0.03125 0.037259615384615384
1 0.41947115384615385 0.49399038461538464 0.030048076923076924 0.038461538461538464
1 0.5841346153846154 0.5 0.06370192307692307 0.07451923076923077
1 0.6466346153846154 0.5072115384615384 0.08653846153846154 0.09975961538461539
1 0.7127403846153846 0.5192307692307693 0.12860576923076922 0.109375
4 0.5612980769230769 0.47475961538461536 0.057692307692307696 0.078125
1 0.38341346153846156 0.48677884615384615 0.014423076923076924 0.015625
1 0.15504807692307693 0.5108173076923077 0.03485576923076923 0.028846153846153848
1 0.4699519230769231 0.484375 0.014423076923076924 0.02403846153846154
1 0.4375 0.48197115384615385 0.01201923076923077 0.018028846153846152
1 0.3954326923076923 0.48197115384615385 0.009615384615384616 0.01201923076923077