2 0.4735576923076923 0.5108173076923077 0.03125 0.056490384615384616
3 0.7668269230769231 0.5228365384615384 0.0625 0.12259615384615384
1 0.33653846153846156 0.5108173076923077 0.03245192307692308 0.040865384615384616
1 0.4170673076923077 0.49759615384615385 0.019230769230769232 0.02403846153846154
1 0.5612980769230769 0.5228365384615384 0.057692307692307696 0.08052884615384616
1 0.5817307692307693 0.5288461538461539 0.055288461538461536 0.09014423076923077
1 0.625 0.5348557692307693 0.08173076923076923 0.10576923076923077
1 0.7295673076923077 0.5132211538461539 0.20673076923076922 0.2283653846153846
1 0.9230769230769231 0.6069711538461539 0.15144230769230768 0.27163461538461536
1 0.10216346153846154 0.5961538461538461 0.20432692307692307 0.17427884615384615
1 0.23197115384615385 0.5444711538461539 0.1045673076923077 0.10576923076923077
1 0.5360576923076923 0.5180288461538461 0.027644230769230768 0.06971153846153846
1 0.53125 0.5072115384615384 0.052884615384615384 0.07572115384615384
1 0.5036057692307693 0.5060096153846154 0.021634615384615384 0.0625
1 0.4495192307692308 0.5012019230769231 0.020432692307692308 0.03365384615384615
1 0.3581730769230769 0.5 0.01201923076923077 0.015625