1 0.5180288461538461 0.49158653846153844 0.030048076923076924 0.03365384615384615
1 0.5817307692307693 0.4831730769230769 0.021634615384615384 0.021634615384615384
1 0.6274038461538461 0.48197115384615385 0.04567307692307692 0.03365384615384615
1 0.8653846153846154 0.53125 0.09375 0.13701923076923078
1 0.9507211538461539 0.5240384615384616 0.09495192307692307 0.24759615384615385
1 0.4723557692307692 0.5024038461538461 0.06610576923076923 0.06850961538461539
1 0.22596153846153846 0.5396634615384616 0.06971153846153846 0.08052884615384616
1 0.1466346153846154 0.5673076923076923 0.09014423076923077 0.11177884615384616
1 0.06129807692307692 0.5709134615384616 0.12139423076923077 0.1502403846153846
1 0.3329326923076923 0.5372596153846154 0.21875 0.09735576923076923
3 0.7944711538461539 0.5048076923076923 0.04567307692307692 0.08774038461538461
1 0.7740384615384616 0.49399038461538464 0.10576923076923077 0.15264423076923078
1 0.7079326923076923 0.5072115384615384 0.037259615384615384 0.06971153846153846
1 0.6862980769230769 0.5 0.036057692307692304 0.0625