1 0.07211538461538461 0.5492788461538461 0.06850961538461539 0.09134615384615384
1 0.028846153846153848 0.5625 0.057692307692307696 0.10576923076923077
1 0.18269230769230768 0.5600961538461539 0.140625 0.15264423076923078
1 0.3425480769230769 0.5132211538461539 0.042067307692307696 0.040865384615384616
1 0.43509615384615385 0.4963942307692308 0.020432692307692308 0.02403846153846154
1 0.5757211538461539 0.5168269230769231 0.04807692307692308 0.08052884615384616
1 0.6009615384615384 0.5216346153846154 0.06610576923076923 0.09375
1 0.6418269230769231 0.5324519230769231 0.078125 0.11177884615384616
1 0.7007211538461539 0.5396634615384616 0.12620192307692307 0.1346153846153846
1 0.7692307692307693 0.5516826923076923 0.11298076923076923 0.1622596153846154
1 0.8762019230769231 0.515625 0.2439903846153846 0.359375
2 0.4987980769230769 0.5084134615384616 0.037259615384615384 0.06490384615384616
1 0.5649038461538461 0.5060096153846154 0.057692307692307696 0.08653846153846154
1 0.5324519230769231 0.5024038461538461 0.027644230769230768 0.07211538461538461
1 0.3737980769230769 0.4951923076923077 0.015625 0.021634615384615384