1 0.03485576923076923 0.5637019230769231 0.06850961538461539 0.12740384615384615
1 0.08653846153846154 0.5588942307692307 0.09495192307692307 0.10096153846153846
1 0.13701923076923078 0.5396634615384616 0.06850961538461539 0.10336538461538461
1 0.19230769230769232 0.5384615384615384 0.05048076923076923 0.07572115384615384
1 0.33774038461538464 0.5228365384615384 0.06370192307692307 0.06490384615384616
1 0.4807692307692308 0.49158653846153844 0.020432692307692308 0.021634615384615384
1 0.6274038461538461 0.5168269230769231 0.051682692307692304 0.08413461538461539
1 0.6862980769230769 0.5132211538461539 0.10336538461538461 0.1310096153846154
1 0.7247596153846154 0.5336538461538461 0.10096153846153846 0.12139423076923077
1 0.8209134615384616 0.5480769230769231 0.17668269230769232 0.16947115384615385
1 0.9146634615384616 0.5805288461538461 0.16706730769230768 0.23798076923076922
2 0.5697115384615384 0.5108173076923077 0.040865384615384616 0.08413461538461539
1 0.5408653846153846 0.49399038461538464 0.036057692307692304 0.05889423076923077
1 0.41346153846153844 0.49278846153846156 0.016826923076923076 0.018028846153846152
1 0.39783653846153844 0.4963942307692308 0.020432692307692308 0.02403846153846154
1 0.21754807692307693 0.5300480769230769 0.04326923076923077 0.06490384615384616
1 0.2403846153846154 0.5276442307692307 0.037259615384615384 0.0625
1 0.2848557692307692 0.5060096153846154 0.03125 0.038461538461538464