3 0.7127403846153846 0.5216346153846154 0.04326923076923077 0.109375
1 0.9471153846153846 0.5444711538461539 0.10096153846153846 0.3004807692307692
1 0.8377403846153846 0.5564903846153846 0.17307692307692307 0.18389423076923078
1 0.6959134615384616 0.5096153846153846 0.12980769230769232 0.18389423076923078
1 0.6141826923076923 0.5240384615384616 0.0625 0.09014423076923077
1 0.44591346153846156 0.49399038461538464 0.020432692307692308 0.019230769230769232
1 0.3762019230769231 0.5048076923076923 0.036057692307692304 0.03365384615384615
1 0.3112980769230769 0.5240384615384616 0.07692307692307693 0.07572115384615384
1 0.04567307692307692 0.5588942307692307 0.09134615384615384 0.09375
1 0.17908653846153846 0.5612980769230769 0.23557692307692307 0.1310096153846154
2 0.4987980769230769 0.5048076923076923 0.030048076923076924 0.052884615384615384
1 0.3485576923076923 0.5024038461538461 0.025240384615384616 0.028846153846153848
1 0.5901442307692307 0.5192307692307693 0.04567307692307692 0.06971153846153846
1 0.5745192307692307 0.515625 0.046875 0.06610576923076923