1 0.038461538461538464 0.5540865384615384 0.07692307692307693 0.11778846153846154
1 0.09134615384615384 0.5408653846153846 0.0985576923076923 0.09014423076923077
1 0.14543269230769232 0.5288461538461539 0.052884615384615384 0.07451923076923077
1 0.1875 0.5180288461538461 0.056490384615384616 0.07211538461538461
1 0.2283653846153846 0.5168269230769231 0.04567307692307692 0.04447115384615385
1 0.2548076923076923 0.5084134615384616 0.037259615384615384 0.04927884615384615
1 0.3762019230769231 0.49278846153846156 0.019230769230769232 0.018028846153846152
1 0.4519230769230769 0.5 0.056490384615384616 0.06610576923076923
1 0.5336538461538461 0.5048076923076923 0.06129807692307692 0.06490384615384616
1 0.578125 0.5180288461538461 0.052884615384615384 0.09615384615384616
1 0.6153846153846154 0.5240384615384616 0.0673076923076923 0.11899038461538461
1 0.6935096153846154 0.5180288461538461 0.1346153846153846 0.16346153846153846
1 0.7668269230769231 0.5300480769230769 0.17307692307692307 0.1778846153846154
1 0.8882211538461539 0.5757211538461539 0.21995192307692307 0.30528846153846156
3 0.3293269230769231 0.49759615384615385 0.009615384615384616 0.02403846153846154
1 0.2956730769230769 0.5012019230769231 0.026442307692307692 0.037259615384615384