1 0.02403846153846154 0.5552884615384616 0.04807692307692308 0.11177884615384616
1 0.06129807692307692 0.5516826923076923 0.051682692307692304 0.09134615384615384
1 0.09495192307692307 0.5372596153846154 0.06370192307692307 0.08653846153846154
1 0.140625 0.5264423076923077 0.056490384615384616 0.09134615384615384
1 0.20793269230769232 0.5228365384615384 0.05048076923076923 0.052884615384615384
1 0.24158653846153846 0.5120192307692307 0.042067307692307696 0.055288461538461536
1 0.3293269230769231 0.4987980769230769 0.010817307692307692 0.028846153846153848
1 0.38100961538461536 0.49278846153846156 0.016826923076923076 0.018028846153846152
1 0.45913461538461536 0.5024038461538461 0.05889423076923077 0.078125
1 0.5637019230769231 0.5084134615384616 0.078125 0.07572115384615384
1 0.6418269230769231 0.5336538461538461 0.09495192307692307 0.12740384615384615
1 0.7283653846153846 0.5444711538461539 0.14423076923076922 0.16346153846153846
1 0.8713942307692307 0.5552884615384616 0.2536057692307692 0.2848557692307692