1 0.038461538461538464 0.5432692307692307 0.07692307692307693 0.11057692307692307
1 0.10096153846153846 0.5360576923076923 0.06971153846153846 0.10697115384615384
1 0.14182692307692307 0.53125 0.05048076923076923 0.08173076923076923
1 0.19110576923076922 0.5228365384615384 0.06850961538461539 0.07211538461538461
1 0.24158653846153846 0.5132211538461539 0.057692307692307696 0.0625
3 0.34375 0.4951923076923077 0.009615384615384616 0.028846153846153848
1 0.40024038461538464 0.49038461538461536 0.019230769230769232 0.019230769230769232
1 0.4879807692307692 0.5060096153846154 0.06971153846153846 0.08653846153846154
1 0.6189903846153846 0.5132211538461539 0.10336538461538461 0.09375
1 0.796875 0.5576923076923077 0.1935096153846154 0.18990384615384615
1 0.9146634615384616 0.5961538461538461 0.16706730769230768 0.30288461538461536
1 0.5853365384615384 0.5072115384615384 0.07692307692307693 0.09134615384615384