1 0.030048076923076924 0.5649038461538461 0.05889423076923077 0.125
1 0.056490384615384616 0.5396634615384616 0.09495192307692307 0.11899038461538461
1 0.1201923076923077 0.5324519230769231 0.056490384615384616 0.10336538461538461
1 0.3004807692307692 0.5024038461538461 0.030048076923076924 0.03485576923076923
1 0.31850961538461536 0.49759615384615385 0.027644230769230768 0.038461538461538464
1 0.4326923076923077 0.48677884615384615 0.019230769230769232 0.019230769230769232
1 0.4579326923076923 0.49158653846153844 0.03485576923076923 0.04927884615384615
1 0.5048076923076923 0.49278846153846156 0.03485576923076923 0.046875
1 0.5973557692307693 0.5024038461538461 0.08173076923076923 0.09375
1 0.6418269230769231 0.515625 0.0733173076923077 0.10096153846153846
1 0.6899038461538461 0.5240384615384616 0.08653846153846154 0.11899038461538461
1 0.7848557692307693 0.5132211538461539 0.1310096153846154 0.1971153846153846
1 0.8990384615384616 0.5252403846153846 0.19831730769230768 0.2776442307692308
1 0.171875 0.5264423076923077 0.052884615384615384 0.08413461538461539
1 0.5588942307692307 0.5012019230769231 0.038461538461538464 0.07572115384615384