1 0.054086538461538464 0.5552884615384616 0.10817307692307693 0.13701923076923078
1 0.12620192307692307 0.5396634615384616 0.06850961538461539 0.10697115384615384
1 0.17307692307692307 0.5336538461538461 0.04326923076923077 0.06971153846153846
1 0.203125 0.5264423076923077 0.056490384615384616 0.08052884615384616
1 0.36177884615384615 0.49759615384615385 0.02403846153846154 0.03125
1 0.49278846153846156 0.49038461538461536 0.030048076923076924 0.03485576923076923
1 0.5276442307692307 0.49038461538461536 0.025240384615384616 0.03485576923076923
1 0.5841346153846154 0.49399038461538464 0.042067307692307696 0.0625
1 0.5973557692307693 0.5012019230769231 0.036057692307692304 0.06490384615384616
1 0.6165865384615384 0.5048076923076923 0.03245192307692308 0.06850961538461539
1 0.6959134615384616 0.5060096153846154 0.11057692307692307 0.12860576923076922
1 0.7175480769230769 0.5228365384615384 0.11778846153846154 0.11538461538461539
1 0.8161057692307693 0.53125 0.14182692307692307 0.14903846153846154
1 0.9170673076923077 0.5516826923076923 0.1622596153846154 0.1971153846153846