1 0.025240384615384616 0.5685096153846154 0.05048076923076923 0.11298076923076923
1 0.0625 0.5564903846153846 0.06850961538461539 0.10096153846153846
1 0.11298076923076923 0.5492788461538461 0.0733173076923077 0.08774038461538461
1 0.14783653846153846 0.5372596153846154 0.06129807692307692 0.09014423076923077
1 0.18870192307692307 0.5348557692307693 0.04326923076923077 0.06971153846153846
1 0.5084134615384616 0.5012019230769231 0.030048076923076924 0.03365384615384615
4 0.5661057692307693 0.4879807692307692 0.06850961538461539 0.10096153846153846
1 0.6514423076923077 0.5180288461538461 0.09975961538461539 0.12740384615384615
1 0.6887019230769231 0.5336538461538461 0.10336538461538461 0.12860576923076922
1 0.7560096153846154 0.5444711538461539 0.10576923076923077 0.16346153846153846
1 0.8846153846153846 0.5444711538461539 0.22596153846153846 0.25
1 0.3016826923076923 0.5180288461538461 0.019230769230769232 0.03485576923076923
1 0.21995192307692307 0.5348557692307693 0.030048076923076924 0.05048076923076923
1 0.25600961538461536 0.5228365384615384 0.03245192307692308 0.04927884615384615
1 0.5961538461538461 0.5192307692307693 0.04567307692307692 0.09014423076923077
1 0.2776442307692308 0.5180288461538461 0.02403846153846154 0.04447115384615385