1 0.7692307692307693 0.5072115384615384 0.0733173076923077 0.10576923076923077
1 0.7331730769230769 0.5024038461538461 0.051682692307692304 0.09375
1 0.7103365384615384 0.49278846153846156 0.06129807692307692 0.09375
1 0.6658653846153846 0.49278846153846156 0.042067307692307696 0.06490384615384616
1 0.5769230769230769 0.48197115384615385 0.019230769230769232 0.02403846153846154
1 0.4879807692307692 0.48677884615384615 0.026442307692307692 0.027644230769230768
3 0.41586538461538464 0.49278846153846156 0.01201923076923077 0.028846153846153848
1 0.042067307692307696 0.5949519230769231 0.08413461538461539 0.15865384615384615
1 0.08052884615384616 0.5336538461538461 0.1045673076923077 0.09134615384615384
1 0.171875 0.5432692307692307 0.15264423076923078 0.140625
1 0.2644230769230769 0.5240384615384616 0.0625 0.06971153846153846
1 0.30288461538461536 0.5132211538461539 0.06129807692307692 0.08052884615384616
1 0.8786057692307693 0.5865384615384616 0.23918269230769232 0.359375
1 0.44350961538461536 0.49278846153846156 0.021634615384615384 0.027644230769230768