1 0.8870192307692307 0.5516826923076923 0.22235576923076922 0.25240384615384615
1 0.7439903846153846 0.5432692307692307 0.11538461538461539 0.15985576923076922
1 0.6646634615384616 0.5300480769230769 0.12379807692307693 0.1310096153846154
1 0.6045673076923077 0.5240384615384616 0.078125 0.10576923076923077
1 0.5697115384615384 0.5168269230769231 0.052884615384615384 0.09615384615384616
1 0.5120192307692307 0.5096153846153846 0.042067307692307696 0.06610576923076923
4 0.4675480769230769 0.4891826923076923 0.04326923076923077 0.07211538461538461
1 0.4338942307692308 0.5 0.025240384615384616 0.027644230769230768
1 0.3004807692307692 0.5132211538461539 0.052884615384615384 0.0625
1 0.025240384615384616 0.5612980769230769 0.046875 0.09134615384615384
1 0.06370192307692307 0.5492788461538461 0.06370192307692307 0.08653846153846154
3 0.17307692307692307 0.5288461538461539 0.019230769230769232 0.06610576923076923
1 0.10336538461538461 0.5408653846153846 0.046875 0.08173076923076923
1 0.5552884615384616 0.5036057692307693 0.06129807692307692 0.09014423076923077
1 0.19471153846153846 0.5240384615384616 0.027644230769230768 0.06490384615384616
1 0.47716346153846156 0.5036057692307693 0.020432692307692308 0.055288461538461536