4 0.7175480769230769 0.47836538461538464 0.1201923076923077 0.15985576923076922
1 0.7331730769230769 0.5240384615384616 0.0733173076923077 0.11778846153846154
1 0.8004807692307693 0.5360576923076923 0.12620192307692307 0.1502403846153846
1 0.9026442307692307 0.5576923076923077 0.19110576923076922 0.1971153846153846
1 0.030048076923076924 0.5673076923076923 0.05889423076923077 0.1466346153846154
4 0.5817307692307693 0.5 0.04567307692307692 0.04326923076923077
1 0.09014423076923077 0.5612980769230769 0.09014423076923077 0.11177884615384616
1 0.15745192307692307 0.5552884615384616 0.0673076923076923 0.08413461538461539
1 0.19951923076923078 0.5444711538461539 0.056490384615384616 0.07451923076923077
1 0.23557692307692307 0.5360576923076923 0.056490384615384616 0.06850961538461539
1 0.27283653846153844 0.5288461538461539 0.042067307692307696 0.05889423076923077
1 0.3137019230769231 0.5216346153846154 0.025240384615384616 0.05048076923076923
1 0.6490384615384616 0.5024038461538461 0.040865384615384616 0.09975961538461539
1 0.6213942307692307 0.5036057692307693 0.03485576923076923 0.07451923076923077