1 0.29447115384615385 0.5252403846153846 0.030048076923076924 0.055288461538461536
1 0.27163461538461536 0.5276442307692307 0.046875 0.0625
1 0.2403846153846154 0.5360576923076923 0.052884615384615384 0.06850961538461539
1 0.19471153846153846 0.5432692307692307 0.0673076923076923 0.078125
1 0.13822115384615385 0.5552884615384616 0.07932692307692307 0.09014423076923077
1 0.08173076923076923 0.5721153846153846 0.09375 0.109375
1 0.02403846153846154 0.5697115384615384 0.04807692307692308 0.12139423076923077
1 0.5961538461538461 0.5036057692307693 0.04807692307692308 0.05048076923076923
1 0.6454326923076923 0.5132211538461539 0.03485576923076923 0.08052884615384616
1 0.6959134615384616 0.5096153846153846 0.0673076923076923 0.13701923076923078
1 0.8425480769230769 0.5444711538461539 0.13942307692307693 0.15384615384615385
1 0.9278846153846154 0.5697115384615384 0.14182692307692307 0.2127403846153846
4 0.7944711538461539 0.48677884615384615 0.17067307692307693 0.2283653846153846