1 0.8185096153846154 0.5661057692307693 0.265625 0.3004807692307692
1 0.33774038461538464 0.5180288461538461 0.05048076923076923 0.08774038461538461
1 0.30288461538461536 0.5300480769230769 0.05889423076923077 0.08413461538461539
1 0.2644230769230769 0.5408653846153846 0.0625 0.09735576923076923
1 0.17427884615384615 0.5432692307692307 0.1201923076923077 0.140625
1 0.06370192307692307 0.5132211538461539 0.09735576923076923 0.08653846153846154
4 0.49399038461538464 0.4951923076923077 0.2548076923076923 0.35336538461538464
3 0.9735576923076923 0.5757211538461539 0.05048076923076923 0.2848557692307692
3 0.9314903846153846 0.6033653846153846 0.09495192307692307 0.2692307692307692
3 0.84375 0.5997596153846154 0.08774038461538461 0.27403846153846156
3 0.6418269230769231 0.47596153846153844 0.010817307692307692 0.025240384615384616
1 0.7307692307692307 0.48677884615384615 0.06850961538461539 0.06850961538461539