1 0.10817307692307693 0.5757211538461539 0.18028846153846154 0.1658653846153846
1 0.20072115384615385 0.5504807692307693 0.0733173076923077 0.125
1 0.30288461538461536 0.5240384615384616 0.052884615384615384 0.078125
1 0.33413461538461536 0.5216346153846154 0.030048076923076924 0.0625
1 0.38461538461538464 0.5048076923076923 0.04567307692307692 0.04447115384615385
1 0.4230769230769231 0.4963942307692308 0.037259615384615384 0.03485576923076923
1 0.7427884615384616 0.5384615384615384 0.1622596153846154 0.1466346153846154
3 0.2608173076923077 0.4855769230769231 0.015625 0.021634615384615384
3 0.3557692307692308 0.49278846153846156 0.01201923076923077 0.038461538461538464
3 0.6622596153846154 0.47596153846153844 0.015625 0.04326923076923077
4 0.5480769230769231 0.484375 0.14543269230769232 0.21875
1 0.24158653846153846 0.5372596153846154 0.04807692307692308 0.10096153846153846
1 0.4495192307692308 0.4855769230769231 0.019230769230769232 0.028846153846153848