1 0.03485576923076923 0.5733173076923077 0.06971153846153846 0.11899038461538461
1 0.0733173076923077 0.5588942307692307 0.052884615384615384 0.10576923076923077
1 0.11899038461538461 0.5408653846153846 0.078125 0.10096153846153846
1 0.16706730769230768 0.5384615384615384 0.046875 0.08052884615384616
1 0.20673076923076922 0.5180288461538461 0.055288461538461536 0.078125
1 0.2608173076923077 0.5132211538461539 0.05889423076923077 0.0625
1 0.5096153846153846 0.5120192307692307 0.07932692307692307 0.078125
4 0.38822115384615385 0.4891826923076923 0.12980769230769232 0.1971153846153846
2 0.30649038461538464 0.5072115384615384 0.026442307692307692 0.046875
1 0.036057692307692304 0.49158653846153844 0.07211538461538461 0.040865384615384616
1 0.7151442307692307 0.49038461538461536 0.038461538461538464 0.05048076923076923