4 0.4362980769230769 0.48677884615384615 0.12980769230769232 0.19951923076923078
1 0.5528846153846154 0.5048076923076923 0.056490384615384616 0.07211538461538461
1 0.6129807692307693 0.5264423076923077 0.1201923076923077 0.11538461538461539
1 0.8834134615384616 0.4891826923076923 0.08653846153846154 0.08413461538461539
1 0.36899038461538464 0.4987980769230769 0.025240384615384616 0.03365384615384615
1 0.2608173076923077 0.5204326923076923 0.08173076923076923 0.07211538461538461
1 0.036057692307692304 0.5745192307692307 0.07211538461538461 0.15625
1 0.09254807692307693 0.5600961538461539 0.08413461538461539 0.11899038461538461
1 0.14423076923076922 0.5432692307692307 0.06850961538461539 0.10576923076923077
1 0.18629807692307693 0.5264423076923077 0.06971153846153846 0.10697115384615384
3 0.35216346153846156 0.4855769230769231 0.010817307692307692 0.037259615384615384