1 0.037259615384615384 0.4951923076923077 0.07451923076923077 0.052884615384615384
1 0.03485576923076923 0.5661057692307693 0.06850961538461539 0.15264423076923078
1 0.09014423076923077 0.5516826923076923 0.1141826923076923 0.1346153846153846
1 0.16466346153846154 0.5444711538461539 0.057692307692307696 0.09375
1 0.19110576923076922 0.5300480769230769 0.052884615384615384 0.08413461538461539
1 0.22355769230769232 0.5192307692307693 0.056490384615384616 0.08653846153846154
1 0.2848557692307692 0.5132211538461539 0.06850961538461539 0.06971153846153846
3 0.34134615384615385 0.5072115384615384 0.030048076923076924 0.055288461538461536
1 0.36538461538461536 0.4963942307692308 0.020432692307692308 0.027644230769230768
4 0.4254807692307692 0.48197115384615385 0.13581730769230768 0.203125
1 0.8016826923076923 0.4879807692307692 0.05048076923076923 0.06610576923076923
1 0.5288461538461539 0.5012019230769231 0.038461538461538464 0.06009615384615385
1 0.5745192307692307 0.515625 0.09375 0.09375