3 0.019230769230769232 0.49278846153846156 0.019230769230769232 0.03365384615384615
3 0.15985576923076922 0.5060096153846154 0.020432692307692308 0.05889423076923077
3 0.6045673076923077 0.47716346153846156 0.019230769230769232 0.056490384615384616
1 0.9399038461538461 0.45913461538461536 0.11778846153846154 0.07451923076923077
1 0.037259615384615384 0.5697115384615384 0.0733173076923077 0.125
1 0.21153846153846154 0.5228365384615384 0.0733173076923077 0.06850961538461539
1 0.28725961538461536 0.5012019230769231 0.04567307692307692 0.040865384615384616
1 0.3245192307692308 0.49038461538461536 0.026442307692307692 0.027644230769230768
1 0.39663461538461536 0.4795673076923077 0.015625 0.021634615384615384
4 0.49158653846153844 0.47475961538461536 0.12379807692307693 0.1875
4 0.36778846153846156 0.47475961538461536 0.021634615384615384 0.03485576923076923