1 0.037259615384615384 0.5793269230769231 0.07451923076923077 0.1778846153846154
1 0.10697115384615384 0.5600961538461539 0.0889423076923077 0.11899038461538461
1 0.15504807692307693 0.5336538461538461 0.07932692307692307 0.10336538461538461
1 0.19951923076923078 0.5336538461538461 0.04326923076923077 0.08052884615384616
1 0.2800480769230769 0.5072115384615384 0.057692307692307696 0.05048076923076923
1 0.32572115384615385 0.4963942307692308 0.042067307692307696 0.03485576923076923
1 0.4170673076923077 0.47596153846153844 0.015625 0.018028846153846152
1 0.7235576923076923 0.4567307692307692 0.05048076923076923 0.05048076923076923
1 0.8521634615384616 0.5925480769230769 0.2920673076923077 0.28365384615384615
3 0.5769230769230769 0.47716346153846156 0.016826923076923076 0.04927884615384615
3 0.5901442307692307 0.47596153846153844 0.015625 0.04326923076923077
4 0.4963942307692308 0.4807692307692308 0.1466346153846154 0.21875
3 0.24278846153846154 0.4951923076923077 0.015625 0.056490384615384616
1 0.35336538461538464 0.48677884615384615 0.026442307692307692 0.028846153846153848
1 0.3713942307692308 0.4855769230769231 0.014423076923076924 0.021634615384615384