1 0.5901442307692307 0.44711538461538464 0.0625 0.05048076923076923
1 0.6262019230769231 0.44471153846153844 0.09254807692307693 0.04326923076923077
1 0.6670673076923077 0.47115384615384615 0.09975961538461539 0.08413461538461539
1 0.7427884615384616 0.44471153846153844 0.051682692307692304 0.1346153846153846
1 0.8161057692307693 0.4266826923076923 0.0985576923076923 0.1658653846153846
1 0.9302884615384616 0.42788461538461536 0.13221153846153846 0.19110576923076922
1 0.9471153846153846 0.4723557692307692 0.09975961538461539 0.18028846153846154
3 0.84375 0.5012019230769231 0.05889423076923077 0.2247596153846154
3 0.53125 0.4951923076923077 0.027644230769230768 0.08774038461538461
1 0.49038461538461536 0.46875 0.0625 0.04326923076923077
1 0.3786057692307692 0.7331730769230769 0.5168269230769231 0.47115384615384615
1 0.03485576923076923 0.5456730769230769 0.06971153846153846 0.07211538461538461
1 0.35096153846153844 0.47836538461538464 0.20793269230769232 0.06971153846153846