1 0.9543269230769231 0.4855769230769231 0.0829326923076923 0.2091346153846154
1 0.9050480769230769 0.44591346153846156 0.18028846153846154 0.26322115384615385
1 0.23798076923076922 0.7487980769230769 0.4338942307692308 0.47836538461538464
3 0.38461538461538464 0.5096153846153846 0.030048076923076924 0.09375
1 0.45913461538461536 0.46033653846153844 0.0829326923076923 0.052884615384615384
1 0.49759615384615385 0.45913461538461536 0.0673076923076923 0.04326923076923077
1 0.5168269230769231 0.4855769230769231 0.07932692307692307 0.08413461538461539
1 0.5456730769230769 0.4855769230769231 0.055288461538461536 0.08774038461538461
1 0.8209134615384616 0.3954326923076923 0.22956730769230768 0.09134615384615384
1 0.6430288461538461 0.453125 0.12379807692307693 0.17548076923076922
3 0.7271634615384616 0.5132211538461539 0.06971153846153846 0.2283653846153846
1 0.21754807692307693 0.4963942307692308 0.18870192307692307 0.06610576923076923