1 0.9278846153846154 0.46153846153846156 0.14182692307692307 0.10697115384615384
2 0.5372596153846154 0.44471153846153844 0.014423076923076924 0.03485576923076923
1 0.4254807692307692 0.4495192307692308 0.040865384615384616 0.05889423076923077
1 0.4891826923076923 0.44591346153846156 0.03125 0.040865384615384616
1 0.25961538461538464 0.4411057692307692 0.036057692307692304 0.03485576923076923
1 0.7644230769230769 0.4206730769230769 0.06610576923076923 0.03365384615384615
1 0.7067307692307693 0.4326923076923077 0.07211538461538461 0.028846153846153848
1 0.6814903846153846 0.42788461538461536 0.04567307692307692 0.019230769230769232
1 0.6550480769230769 0.4266826923076923 0.027644230769230768 0.021634615384615384
1 0.6382211538461539 0.4266826923076923 0.030048076923076924 0.021634615384615384
1 0.578125 0.43990384615384615 0.05048076923076923 0.03485576923076923
1 0.4495192307692308 0.44350961538461536 0.01201923076923077 0.03485576923076923
1 0.45552884615384615 0.43990384615384615 0.016826923076923076 0.028846153846153848
0 0.4987980769230769 0.43149038461538464 0.030048076923076924 0.038461538461538464