1 0.9651442307692307 0.47475961538461536 0.06129807692307692 0.13701923076923078
1 0.8473557692307693 0.4543269230769231 0.0985576923076923 0.08052884615384616
2 0.546875 0.44591346153846156 0.01201923076923077 0.037259615384615384
1 0.4987980769230769 0.4483173076923077 0.036057692307692304 0.040865384615384616
1 0.43149038461538464 0.4483173076923077 0.042067307692307696 0.06009615384615385
1 0.9254807692307693 0.4483173076923077 0.08173076923076923 0.07572115384615384
1 0.9098557692307693 0.40625 0.109375 0.03125
1 0.7536057692307693 0.42788461538461536 0.0985576923076923 0.04326923076923077
1 0.7043269230769231 0.43509615384615385 0.04807692307692308 0.027644230769230768
1 0.6598557692307693 0.43028846153846156 0.04807692307692308 0.02403846153846154
1 0.6466346153846154 0.42908653846153844 0.04567307692307692 0.025240384615384616
1 0.5829326923076923 0.43990384615384615 0.05048076923076923 0.027644230769230768
1 0.7848557692307693 0.42427884615384615 0.052884615384615384 0.021634615384615384
1 0.4579326923076923 0.4483173076923077 0.01201923076923077 0.03365384615384615
1 0.4675480769230769 0.4423076923076923 0.01201923076923077 0.025240384615384616
0 0.5060096153846154 0.43149038461538464 0.026442307692307692 0.03485576923076923