1 0.9567307692307693 0.45072115384615385 0.07932692307692307 0.10576923076923077
1 0.9086538461538461 0.45913461538461536 0.1201923076923077 0.078125
1 0.8810096153846154 0.44711538461538464 0.15144230769230768 0.09014423076923077
1 0.7524038461538461 0.46033653846153844 0.06370192307692307 0.06850961538461539
1 0.42788461538461536 0.46033653846153844 0.057692307692307696 0.07572115384615384
1 0.5 0.453125 0.03485576923076923 0.04326923076923077
1 0.7139423076923077 0.45552884615384615 0.040865384615384616 0.05048076923076923
1 0.7848557692307693 0.41947115384615385 0.0673076923076923 0.015625
1 0.2091346153846154 0.4579326923076923 0.056490384615384616 0.037259615384615384
2 0.5432692307692307 0.4543269230769231 0.01201923076923077 0.037259615384615384
1 0.08173076923076923 0.46875 0.05889423076923077 0.05048076923076923
1 0.8137019230769231 0.46875 0.04807692307692308 0.046875
1 0.6826923076923077 0.4495192307692308 0.05889423076923077 0.05889423076923077
1 0.6526442307692307 0.4375 0.04326923076923077 0.019230769230769232
1 0.6165865384615384 0.4375 0.020432692307692308 0.02403846153846154
1 0.5721153846153846 0.4411057692307692 0.03485576923076923 0.02403846153846154
1 0.4639423076923077 0.4543269230769231 0.015625 0.03365384615384615
0 0.5 0.43509615384615385 0.025240384615384616 0.027644230769230768