1 0.9278846153846154 0.45913461538461536 0.1346153846153846 0.09014423076923077
1 0.9302884615384616 0.41346153846153844 0.12980769230769232 0.05048076923076923
1 0.8341346153846154 0.44711538461538464 0.06850961538461539 0.08653846153846154
1 0.8040865384615384 0.44711538461538464 0.051682692307692304 0.07451923076923077
1 0.7439903846153846 0.4579326923076923 0.06610576923076923 0.07211538461538461
1 0.6838942307692307 0.4483173076923077 0.055288461538461536 0.06009615384615385
1 0.46153846153846156 0.44350961538461536 0.03125 0.05889423076923077
4 0.3918269230769231 0.45552884615384615 0.051682692307692304 0.06490384615384616
1 0.05048076923076923 0.47115384615384615 0.09254807692307693 0.052884615384615384
1 0.203125 0.453125 0.05889423076923077 0.038461538461538464
1 0.7620192307692307 0.41466346153846156 0.08653846153846154 0.025240384615384616
2 0.5072115384615384 0.4495192307692308 0.015625 0.03485576923076923
1 0.6466346153846154 0.4423076923076923 0.038461538461538464 0.04927884615384615
1 0.6201923076923077 0.4362980769230769 0.03125 0.03365384615384615
1 0.5949519230769231 0.4362980769230769 0.042067307692307696 0.021634615384615384
1 0.9723557692307693 0.4735576923076923 0.051682692307692304 0.06009615384615385
1 0.4254807692307692 0.45072115384615385 0.014423076923076924 0.04326923076923077