1 0.5769230769230769 0.4567307692307692 0.037259615384615384 0.05048076923076923
4 0.4963942307692308 0.46033653846153844 0.057692307692307696 0.07572115384615384
1 0.9254807692307693 0.45913461538461536 0.11538461538461539 0.06971153846153846
1 0.8076923076923077 0.4579326923076923 0.06610576923076923 0.06009615384615385
1 0.9182692307692307 0.44350961538461536 0.13581730769230768 0.078125
1 0.8317307692307693 0.41947115384615385 0.0673076923076923 0.015625
1 0.7487980769230769 0.44471153846153844 0.04807692307692308 0.04927884615384615
1 0.7620192307692307 0.44591346153846156 0.04567307692307692 0.04447115384615385
1 0.7043269230769231 0.4387019230769231 0.027644230769230768 0.021634615384615384
2 0.6189903846153846 0.45072115384615385 0.01201923076923077 0.03485576923076923
1 0.6947115384615384 0.4338942307692308 0.03485576923076923 0.015625
1 0.12379807692307693 0.46153846153846156 0.09975961538461539 0.055288461538461536
1 0.2848557692307692 0.453125 0.03125 0.027644230769230768
1 0.5300480769230769 0.45072115384615385 0.020432692307692308 0.03485576923076923
0 0.5721153846153846 0.4411057692307692 0.027644230769230768 0.04326923076923077