1 0.8882211538461539 0.43990384615384615 0.12620192307692307 0.06009615384615385
2 0.5372596153846154 0.45072115384615385 0.016826923076923076 0.04447115384615385
1 0.44711538461538464 0.4495192307692308 0.040865384615384616 0.05889423076923077
1 0.5024038461538461 0.4483173076923077 0.03245192307692308 0.040865384615384616
3 0.40024038461538464 0.44471153846153844 0.015625 0.04326923076923077
1 0.9567307692307693 0.4483173076923077 0.07451923076923077 0.09615384615384616
1 0.796875 0.4266826923076923 0.07211538461538461 0.03365384615384615
1 0.7247596153846154 0.4387019230769231 0.07211538461538461 0.052884615384615384
1 0.6237980769230769 0.4411057692307692 0.057692307692307696 0.03125
0 0.5360576923076923 0.43509615384615385 0.027644230769230768 0.038461538461538464
1 0.4699519230769231 0.44711538461538464 0.010817307692307692 0.03485576923076923
1 0.4807692307692308 0.44591346153846156 0.014423076923076924 0.028846153846153848
1 0.18028846153846154 0.453125 0.04567307692307692 0.027644230769230768