1 0.24879807692307693 0.5276442307692307 0.19471153846153846 0.171875
3 0.47836538461538464 0.45552884615384615 0.036057692307692304 0.06850961538461539
1 0.44471153846153844 0.44711538461538464 0.042067307692307696 0.055288461538461536
1 0.5012019230769231 0.44591346153846156 0.03245192307692308 0.040865384615384616
1 0.8762019230769231 0.44350961538461536 0.09254807692307693 0.09014423076923077
1 0.8112980769230769 0.4182692307692308 0.09495192307692307 0.046875
1 0.6550480769230769 0.43990384615384615 0.07932692307692307 0.04447115384615385
2 0.5528846153846154 0.453125 0.016826923076923076 0.05048076923076923
0 0.5348557692307693 0.43509615384615385 0.03125 0.04447115384615385
1 0.9375 0.44350961538461536 0.052884615384615384 0.09375
1 0.8449519230769231 0.42427884615384615 0.11057692307692307 0.04447115384615385
2 0.5685096153846154 0.45552884615384615 0.02403846153846154 0.04447115384615385
3 0.5372596153846154 0.44711538461538464 0.010817307692307692 0.03485576923076923