0 0.9326923076923077 0.40384615384615385 0.1310096153846154 0.6370192307692307
1 0.8173076923076923 0.49278846153846156 0.1875 0.203125
1 0.6947115384615384 0.47475961538461536 0.09735576923076923 0.109375
1 0.5108173076923077 0.5324519230769231 0.21875 0.2127403846153846
3 0.24879807692307693 0.46634615384615385 0.025240384615384616 0.078125
1 0.08774038461538461 0.47115384615384615 0.09735576923076923 0.078125
4 0.6682692307692307 0.4254807692307692 0.10336538461538461 0.16826923076923078
4 0.546875 0.43990384615384615 0.1310096153846154 0.11778846153846154
3 0.2956730769230769 0.453125 0.016826923076923076 0.038461538461538464
2 0.2848557692307692 0.453125 0.019230769230769232 0.04326923076923077
2 0.36899038461538464 0.45072115384615385 0.020432692307692308 0.04447115384615385
2 0.35096153846153844 0.44471153846153844 0.010817307692307692 0.03485576923076923
1 0.36899038461538464 0.43509615384615385 0.027644230769230768 0.028846153846153848
2 0.15384615384615385 0.46033653846153844 0.038461538461538464 0.04927884615384615
3 0.19951923076923078 0.45552884615384615 0.015625 0.046875