1 0.5048076923076923 0.5204326923076923 0.1935096153846154 0.18990384615384615
0 0.8846153846153846 0.37740384615384615 0.2247596153846154 0.7379807692307693
1 0.7379807692307693 0.4795673076923077 0.1346153846153846 0.15865384615384615
1 0.6382211538461539 0.46153846153846156 0.06971153846153846 0.07451923076923077
4 0.6201923076923077 0.421875 0.08173076923076923 0.11778846153846154
4 0.5144230769230769 0.4110576923076923 0.07692307692307693 0.028846153846153848
2 0.19110576923076922 0.46875 0.038461538461538464 0.06971153846153846
3 0.13221153846153846 0.46634615384615385 0.02403846153846154 0.0625
3 0.09134615384615384 0.47115384615384615 0.02403846153846154 0.06009615384615385
1 0.3245192307692308 0.45072115384615385 0.037259615384615384 0.03125
1 0.38221153846153844 0.4411057692307692 0.020432692307692308 0.03125
3 0.27403846153846156 0.45552884615384615 0.020432692307692308 0.040865384615384616
3 0.25961538461538464 0.45552884615384615 0.010817307692307692 0.040865384615384616
2 0.2403846153846154 0.4567307692307692 0.027644230769230768 0.04326923076923077