1 0.5204326923076923 0.5552884615384616 0.265625 0.2620192307692308
1 0.8786057692307693 0.5060096153846154 0.2403846153846154 0.23798076923076922
1 0.7331730769230769 0.48677884615384615 0.10576923076923077 0.12860576923076922
1 0.07692307692307693 0.46634615384615385 0.09254807692307693 0.08173076923076923
4 0.6947115384615384 0.42427884615384615 0.12379807692307693 0.1814903846153846
4 0.5625 0.4423076923076923 0.15625 0.14302884615384615
3 0.21995192307692307 0.4579326923076923 0.016826923076923076 0.04447115384615385
2 0.36538461538461536 0.44711538461538464 0.020432692307692308 0.046875
2 0.35096153846153844 0.44711538461538464 0.015625 0.04326923076923077
2 0.39903846153846156 0.44471153846153844 0.03245192307692308 0.037259615384615384
1 0.39663461538461536 0.43509615384615385 0.026442307692307692 0.028846153846153848