1 0.03485576923076923 0.49759615384615385 0.06850961538461539 0.09375
2 0.12620192307692307 0.46634615384615385 0.09254807692307693 0.07572115384615384
1 0.8930288461538461 0.5408653846153846 0.18629807692307693 0.3161057692307692
1 0.7776442307692307 0.5132211538461539 0.140625 0.16826923076923078
4 0.7259615384615384 0.42427884615384615 0.15504807692307693 0.21514423076923078
4 0.5685096153846154 0.44711538461538464 0.234375 0.17548076923076922
1 0.5024038461538461 0.6838942307692307 0.4951923076923077 0.4807692307692308
1 0.3233173076923077 0.4639423076923077 0.12860576923076922 0.056490384615384616
3 0.42788461538461536 0.4338942307692308 0.010817307692307692 0.02403846153846154
3 0.4170673076923077 0.43509615384615385 0.01201923076923077 0.025240384615384616
3 0.40625 0.43509615384615385 0.01201923076923077 0.02403846153846154
4 0.3713942307692308 0.4387019230769231 0.03485576923076923 0.028846153846153848