1 0.8942307692307693 0.5372596153846154 0.18629807692307693 0.3161057692307692
1 0.5048076923076923 0.6814903846153846 0.4963942307692308 0.4807692307692308
1 0.7788461538461539 0.5108173076923077 0.14182692307692307 0.1658653846153846
4 0.7271634615384616 0.4230769230769231 0.15745192307692307 0.2247596153846154
4 0.5564903846153846 0.4411057692307692 0.2512019230769231 0.17548076923076922
3 0.3016826923076923 0.46153846153846156 0.03485576923076923 0.05889423076923077
3 0.17067307692307693 0.46153846153846156 0.02403846153846154 0.07211538461538461
0 0.3088942307692308 0.4206730769230769 0.30528846153846156 0.12740384615384615
2 0.09495192307692307 0.4699519230769231 0.02403846153846154 0.052884615384615384
3 0.019230769230769232 0.46153846153846156 0.015625 0.052884615384615384
3 0.12860576923076922 0.4651442307692308 0.016826923076923076 0.05048076923076923