0 0.09735576923076923 0.4423076923076923 0.19471153846153846 0.1310096153846154
1 0.5024038461538461 0.6802884615384616 0.4951923076923077 0.48197115384615385
1 0.8966346153846154 0.5384615384615384 0.18389423076923078 0.3161057692307692
3 0.953125 0.5697115384615384 0.06850961538461539 0.3245192307692308
1 0.7788461538461539 0.5144230769230769 0.13942307692307693 0.1658653846153846
4 0.7259615384615384 0.42427884615384615 0.15144230769230768 0.21634615384615385
4 0.5685096153846154 0.44711538461538464 0.2283653846153846 0.18028846153846154
3 0.2980769230769231 0.4543269230769231 0.025240384615384616 0.07572115384615384
1 0.2668269230769231 0.4699519230769231 0.040865384615384616 0.052884615384615384
1 0.27884615384615385 0.44711538461538464 0.026442307692307692 0.02403846153846154
1 0.3161057692307692 0.45072115384615385 0.03485576923076923 0.046875
4 0.3641826923076923 0.45072115384615385 0.046875 0.056490384615384616