1 0.9122596153846154 0.5384615384615384 0.15264423076923078 0.31971153846153844
1 0.7800480769230769 0.5108173076923077 0.14182692307692307 0.16947115384615385
1 0.5012019230769231 0.6802884615384616 0.5 0.484375
3 0.8149038461538461 0.5649038461538461 0.09254807692307693 0.3161057692307692
4 0.7235576923076923 0.42427884615384615 0.15264423076923078 0.21875
4 0.5685096153846154 0.44471153846153844 0.23317307692307693 0.18028846153846154
0 0.18028846153846154 0.4375 0.3293269230769231 0.14423076923076922
2 0.3401442307692308 0.45913461538461536 0.056490384615384616 0.05889423076923077
4 0.36899038461538464 0.4387019230769231 0.03245192307692308 0.03365384615384615
1 0.39302884615384615 0.4375 0.014423076923076924 0.019230769230769232
1 0.4074519230769231 0.4375 0.014423076923076924 0.015625