1 0.3125 0.4519230769230769 0.07451923076923077 0.052884615384615384
2 0.33774038461538464 0.4543269230769231 0.038461538461538464 0.052884615384615384
4 0.5697115384615384 0.44471153846153844 0.23317307692307693 0.17548076923076922
4 0.7259615384615384 0.4230769230769231 0.15504807692307693 0.22115384615384615
1 0.7788461538461539 0.5132211538461539 0.14182692307692307 0.16826923076923078
1 0.8966346153846154 0.5384615384615384 0.18269230769230768 0.3161057692307692
1 0.5024038461538461 0.6826923076923077 0.4951923076923077 0.48197115384615385
2 0.09495192307692307 0.46634615384615385 0.021634615384615384 0.046875
2 0.1778846153846154 0.4639423076923077 0.038461538461538464 0.04927884615384615
1 0.3629807692307692 0.44711538461538464 0.03125 0.027644230769230768
4 0.3713942307692308 0.4362980769230769 0.03125 0.025240384615384616
0 0.3786057692307692 0.4170673076923077 0.042067307692307696 0.018028846153846152
1 0.3942307692307692 0.43509615384615385 0.014423076923076924 0.015625