1 0.9014423076923077 0.5444711538461539 0.1875 0.31971153846153844
1 0.78125 0.5180288461538461 0.14423076923076922 0.16826923076923078
1 0.5024038461538461 0.6935096153846154 0.5072115384615384 0.49278846153846156
4 0.5697115384615384 0.45072115384615385 0.23798076923076922 0.1814903846153846
4 0.7247596153846154 0.4266826923076923 0.15745192307692307 0.21634615384615385
1 0.2956730769230769 0.4579326923076923 0.051682692307692304 0.056490384615384616
2 0.09735576923076923 0.4735576923076923 0.019230769230769232 0.04927884615384615
2 0.07572115384615384 0.4723557692307692 0.02403846153846154 0.046875
3 0.19230769230769232 0.46634615384615385 0.01201923076923077 0.04326923076923077
1 0.32211538461538464 0.46153846153846156 0.016826923076923076 0.040865384615384616
1 0.33413461538461536 0.4567307692307692 0.02403846153846154 0.038461538461538464
1 0.36177884615384615 0.4567307692307692 0.03245192307692308 0.038461538461538464
4 0.3701923076923077 0.44350961538461536 0.03125 0.027644230769230768
1 0.3942307692307692 0.44350961538461536 0.015625 0.019230769230769232
0 0.37259615384615385 0.421875 0.042067307692307696 0.019230769230769232