2 0.14302884615384615 0.47716346153846156 0.038461538461538464 0.06490384615384616
1 0.2956730769230769 0.45913461538461536 0.046875 0.05048076923076923
4 0.5348557692307693 0.4098557692307692 0.16826923076923078 0.08653846153846154
4 0.6466346153846154 0.40865384615384615 0.0889423076923077 0.09134615384615384
1 0.6911057692307693 0.4855769230769231 0.09014423076923077 0.10336538461538461
1 0.8137019230769231 0.515625 0.14182692307692307 0.24278846153846154
1 0.4987980769230769 0.7151442307692307 0.5432692307692307 0.53125
0 0.9230769230769231 0.44471153846153844 0.14903846153846154 0.7091346153846154
2 0.09014423076923077 0.4723557692307692 0.02403846153846154 0.05048076923076923
0 0.36538461538461536 0.4266826923076923 0.05048076923076923 0.025240384615384616
1 0.3605769230769231 0.45072115384615385 0.026442307692307692 0.021634615384615384
4 0.36778846153846156 0.4387019230769231 0.03245192307692308 0.021634615384615384
1 0.3245192307692308 0.4567307692307692 0.019230769230769232 0.038461538461538464