1 0.04807692307692308 0.515625 0.09495192307692307 0.15985576923076922
0 0.12620192307692307 0.41466346153846156 0.171875 0.08413461538461539
1 0.1310096153846154 0.5036057692307693 0.11057692307692307 0.109375
1 0.1935096153846154 0.4891826923076923 0.07451923076923077 0.08774038461538461
1 0.24639423076923078 0.4639423076923077 0.051682692307692304 0.04927884615384615
1 0.5552884615384616 0.44711538461538464 0.026442307692307692 0.03125
1 0.5841346153846154 0.44471153846153844 0.020432692307692308 0.025240384615384616
4 0.5120192307692307 0.453125 0.055288461538461536 0.07451923076923077
4 0.6177884615384616 0.46033653846153844 0.06850961538461539 0.08052884615384616
0 0.8185096153846154 0.40384615384615385 0.3605769230769231 0.4375
1 0.28846153846153844 0.45552884615384615 0.051682692307692304 0.040865384615384616