0 0.8161057692307693 0.41466346153846156 0.36538461538461536 0.37740384615384615
1 0.6274038461538461 0.4651442307692308 0.051682692307692304 0.09375
1 0.5697115384615384 0.4519230769230769 0.027644230769230768 0.037259615384615384
4 0.5168269230769231 0.4567307692307692 0.06610576923076923 0.09375
1 0.037259615384615384 0.49038461538461536 0.0733173076923077 0.11778846153846154
1 0.09735576923076923 0.49038461538461536 0.056490384615384616 0.08173076923076923
1 0.1622596153846154 0.4951923076923077 0.11057692307692307 0.10336538461538461
1 0.21754807692307693 0.47475961538461536 0.08653846153846154 0.10576923076923077
1 0.2692307692307692 0.45552884615384615 0.036057692307692304 0.05048076923076923
1 0.30288461538461536 0.453125 0.037259615384615384 0.038461538461538464
1 0.3245192307692308 0.45072115384615385 0.020432692307692308 0.03125
0 0.27524038461538464 0.41466346153846156 0.09014423076923077 0.040865384615384616
1 0.3401442307692308 0.453125 0.021634615384615384 0.03485576923076923
1 0.3581730769230769 0.4519230769230769 0.025240384615384616 0.03365384615384615
1 0.37740384615384615 0.4495192307692308 0.020432692307692308 0.03125