1 0.17427884615384615 0.48197115384615385 0.0829326923076923 0.08413461538461539
1 0.2283653846153846 0.4795673076923077 0.03245192307692308 0.06850961538461539
1 0.28125 0.48197115384615385 0.07211538461538461 0.07451923076923077
1 0.30649038461538464 0.46875 0.0625 0.07451923076923077
1 0.6418269230769231 0.47716346153846156 0.03485576923076923 0.09975961538461539
1 0.5805288461538461 0.46033653846153844 0.038461538461538464 0.040865384615384616
4 0.5733173076923077 0.4423076923076923 0.037259615384615384 0.06009615384615385
4 0.5060096153846154 0.47115384615384615 0.08413461538461539 0.11538461538461539
0 0.8197115384615384 0.4254807692307692 0.35336538461538464 0.375
0 0.3269230769230769 0.42788461538461536 0.06850961538461539 0.03125
0 0.546875 0.4423076923076923 0.019230769230769232 0.040865384615384616