2 0.8990384615384616 0.4879807692307692 0.055288461538461536 0.13701923076923078
1 0.9411057692307693 0.4254807692307692 0.06370192307692307 0.046875
1 0.8473557692307693 0.43990384615384615 0.06971153846153846 0.07572115384615384
1 0.5901442307692307 0.4567307692307692 0.06850961538461539 0.078125
3 0.4543269230769231 0.44591346153846156 0.026442307692307692 0.052884615384615384
4 0.5204326923076923 0.44471153846153844 0.046875 0.06610576923076923
0 0.5973557692307693 0.4266826923076923 0.056490384615384616 0.06490384615384616
2 0.06370192307692307 0.48197115384615385 0.03245192307692308 0.06610576923076923
1 0.2247596153846154 0.45552884615384615 0.057692307692307696 0.03485576923076923
3 0.203125 0.4699519230769231 0.021634615384615384 0.04927884615384615
3 0.11538461538461539 0.4651442307692308 0.019230769230769232 0.0625
3 0.6862980769230769 0.43028846153846156 0.009615384615384616 0.018028846153846152
3 0.6730769230769231 0.42788461538461536 0.009615384615384616 0.019230769230769232
2 0.48677884615384615 0.43990384615384615 0.020432692307692308 0.040865384615384616
1 0.3605769230769231 0.44591346153846156 0.027644230769230768 0.025240384615384616
1 0.390625 0.44350961538461536 0.025240384615384616 0.02403846153846154
1 0.0985576923076923 0.46033653846153844 0.0625 0.06009615384615385