1 0.039663461538461536 0.4675480769230769 0.06129807692307692 0.06009615384615385
3 0.0829326923076923 0.4639423076923077 0.015625 0.052884615384615384
3 0.10216346153846154 0.46274038461538464 0.016826923076923076 0.05889423076923077
3 0.21514423076923078 0.4519230769230769 0.019230769230769232 0.040865384615384616
3 0.47836538461538464 0.44471153846153844 0.015625 0.040865384615384616
4 0.5324519230769231 0.44471153846153844 0.042067307692307696 0.06610576923076923
0 0.5889423076923077 0.43028846153846156 0.040865384615384616 0.06009615384615385
1 0.6153846153846154 0.45552884615384615 0.06610576923076923 0.078125
1 0.7536057692307693 0.43509615384615385 0.04807692307692308 0.046875
2 0.8377403846153846 0.47475961538461536 0.040865384615384616 0.10576923076923077
1 0.8112980769230769 0.4375 0.03485576923076923 0.046875
1 0.8786057692307693 0.4266826923076923 0.04807692307692308 0.040865384615384616
1 0.2764423076923077 0.43990384615384615 0.03485576923076923 0.02403846153846154
1 0.3088942307692308 0.4543269230769231 0.037259615384615384 0.040865384615384616
1 0.3918269230769231 0.4411057692307692 0.019230769230769232 0.02403846153846154
1 0.5588942307692307 0.42908653846153844 0.01201923076923077 0.021634615384615384
2 0.4963942307692308 0.43990384615384615 0.019230769230769232 0.03365384615384615
1 0.1971153846153846 0.45072115384615385 0.037259615384615384 0.046875