1 0.08173076923076923 0.5072115384615384 0.1622596153846154 0.09975961538461539
3 0.16346153846153846 0.4699519230769231 0.016826923076923076 0.04927884615384615
1 0.24879807692307693 0.4675480769230769 0.055288461538461536 0.04927884615384615
0 0.9038461538461539 0.4026442307692308 0.18870192307692307 0.8052884615384616
1 0.8197115384615384 0.47716346153846156 0.0625 0.08413461538461539
2 0.7283653846153846 0.46634615384615385 0.03485576923076923 0.07451923076923077
1 0.6298076923076923 0.46033653846153844 0.0625 0.07211538461538461
4 0.5649038461538461 0.45072115384615385 0.04567307692307692 0.05889423076923077
3 0.5204326923076923 0.44711538461538464 0.01201923076923077 0.03125
1 0.7932692307692307 0.4338942307692308 0.03125 0.03125
1 0.75 0.4362980769230769 0.027644230769230768 0.025240384615384616
1 0.7079326923076923 0.4375 0.03485576923076923 0.03485576923076923
3 0.36778846153846156 0.45552884615384615 0.01201923076923077 0.028846153846153848
1 0.31971153846153844 0.45072115384615385 0.03245192307692308 0.03485576923076923