1 0.040865384615384616 0.4807692307692308 0.08173076923076923 0.07692307692307693
3 0.1502403846153846 0.4699519230769231 0.02403846153846154 0.06009615384615385
1 0.19471153846153846 0.45552884615384615 0.05889423076923077 0.04326923076923077
3 0.4387019230769231 0.4375 0.020432692307692308 0.05889423076923077
4 0.5240384615384616 0.4423076923076923 0.046875 0.06009615384615385
1 0.5901442307692307 0.45552884615384615 0.0733173076923077 0.08173076923076923
2 0.9711538461538461 0.49759615384615385 0.051682692307692304 0.1622596153846154
1 0.9459134615384616 0.4375 0.09495192307692307 0.09735576923076923
0 0.6189903846153846 0.421875 0.051682692307692304 0.07451923076923077
3 0.7115384615384616 0.42908653846153844 0.01201923076923077 0.021634615384615384
1 0.3473557692307692 0.44350961538461536 0.027644230769230768 0.03125
1 0.3737980769230769 0.4423076923076923 0.027644230769230768 0.028846153846153848
2 0.49038461538461536 0.4362980769230769 0.025240384615384616 0.040865384615384616