3 0.021634615384615384 0.45552884615384615 0.014423076923076924 0.04326923076923077
3 0.037259615384615384 0.4495192307692308 0.014423076923076924 0.04326923076923077
3 0.052884615384615384 0.4483173076923077 0.016826923076923076 0.04447115384615385
1 0.2127403846153846 0.45552884615384615 0.0889423076923077 0.07211538461538461
1 0.2824519230769231 0.44591346153846156 0.052884615384615384 0.052884615384615384
1 0.32572115384615385 0.43990384615384615 0.042067307692307696 0.03125
1 0.5504807692307693 0.46153846153846156 0.09495192307692307 0.11899038461538461
3 0.8233173076923077 0.4206730769230769 0.019230769230769232 0.04927884615384615
4 0.5192307692307693 0.44591346153846156 0.040865384615384616 0.09134615384615384
4 0.5048076923076923 0.43990384615384615 0.040865384615384616 0.07572115384615384
2 0.6802884615384616 0.42908653846153844 0.01201923076923077 0.025240384615384616