1 0.6009615384615384 0.4519230769230769 0.051682692307692304 0.04927884615384615
1 0.5721153846153846 0.4375 0.016826923076923076 0.02403846153846154
4 0.6682692307692307 0.453125 0.08413461538461539 0.109375
3 0.7355769230769231 0.43990384615384615 0.010817307692307692 0.040865384615384616
1 0.7908653846153846 0.4411057692307692 0.08173076923076923 0.05048076923076923
1 0.8701923076923077 0.4519230769230769 0.08413461538461539 0.04927884615384615
1 0.9158653846153846 0.45072115384615385 0.08413461538461539 0.05048076923076923
1 0.5528846153846154 0.43509615384615385 0.015625 0.019230769230769232
1 0.5324519230769231 0.43509615384615385 0.015625 0.021634615384615384
1 0.5192307692307693 0.4362980769230769 0.016826923076923076 0.025240384615384616
1 0.7668269230769231 0.43990384615384615 0.05048076923076923 0.03125
3 0.1346153846153846 0.44350961538461536 0.010817307692307692 0.03485576923076923