1 0.21995192307692307 0.44471153846153844 0.042067307692307696 0.046875
0 0.2848557692307692 0.4098557692307692 0.06971153846153846 0.03125
1 0.2764423076923077 0.44711538461538464 0.04326923076923077 0.04326923076923077
1 0.3016826923076923 0.4411057692307692 0.03125 0.038461538461538464
1 0.3329326923076923 0.44711538461538464 0.03485576923076923 0.03485576923076923
1 0.3581730769230769 0.44350961538461536 0.030048076923076924 0.038461538461538464
1 0.4026442307692308 0.4338942307692308 0.016826923076923076 0.02403846153846154
2 0.453125 0.45552884615384615 0.04326923076923077 0.06610576923076923
1 0.44350961538461536 0.44711538461538464 0.0733173076923077 0.04326923076923077
1 0.11538461538461539 0.45913461538461536 0.09495192307692307 0.04326923076923077
1 0.9194711538461539 0.4987980769230769 0.15745192307692307 0.1346153846153846
1 0.7439903846153846 0.43990384615384615 0.11899038461538461 0.07451923076923077
3 0.6935096153846154 0.46153846153846156 0.025240384615384616 0.06610576923076923
1 0.7439903846153846 0.46634615384615385 0.09014423076923077 0.08052884615384616
1 0.6213942307692307 0.45072115384615385 0.0829326923076923 0.09375
1 0.5048076923076923 0.46634615384615385 0.07211538461538461 0.07211538461538461
1 0.5384615384615384 0.4326923076923077 0.021634615384615384 0.021634615384615384