1 0.9338942307692307 0.4987980769230769 0.12860576923076922 0.15865384615384615
1 0.8677884615384616 0.44591346153846156 0.1201923076923077 0.08052884615384616
1 0.7295673076923077 0.47716346153846156 0.1778846153846154 0.1971153846153846
2 0.5709134615384616 0.4483173076923077 0.06129807692307692 0.07211538461538461
3 0.6382211538461539 0.47596153846153844 0.038461538461538464 0.10096153846153846
1 0.49038461538461536 0.5048076923076923 0.14423076923076922 0.15384615384615385
2 0.1045673076923077 0.46153846153846156 0.05889423076923077 0.06610576923076923
1 0.12259615384615384 0.4495192307692308 0.057692307692307696 0.06610576923076923
1 0.18870192307692307 0.453125 0.056490384615384616 0.05889423076923077
1 0.2776442307692308 0.44471153846153844 0.16826923076923078 0.10576923076923077
1 0.21514423076923078 0.4074519230769231 0.07211538461538461 0.040865384615384616