1 0.5408653846153846 0.4338942307692308 0.030048076923076924 0.03125
1 0.4675480769230769 0.4326923076923077 0.1310096153846154 0.040865384615384616
1 0.8822115384615384 0.5697115384615384 0.2283653846153846 0.5192307692307693
1 0.4050480769230769 0.6598557692307693 0.4375 0.453125
1 0.2956730769230769 0.43990384615384615 0.04807692307692308 0.037259615384615384
1 0.2403846153846154 0.45552884615384615 0.0673076923076923 0.06490384615384616
1 0.19110576923076922 0.45552884615384615 0.055288461538461536 0.07572115384615384
1 0.14182692307692307 0.4567307692307692 0.051682692307692304 0.06610576923076923
1 0.08173076923076923 0.4639423076923077 0.08173076923076923 0.07211538461538461
1 0.1502403846153846 0.40865384615384615 0.1045673076923077 0.05048076923076923
1 0.020432692307692308 0.46274038461538464 0.040865384615384616 0.08653846153846154
3 0.036057692307692304 0.5276442307692307 0.05889423076923077 0.16826923076923078
3 0.1658653846153846 0.5180288461538461 0.08653846153846154 0.18028846153846154