1 0.3269230769230769 0.4338942307692308 0.03245192307692308 0.038461538461538464
1 0.25961538461538464 0.44350961538461536 0.042067307692307696 0.046875
1 0.25240384615384615 0.4495192307692308 0.055288461538461536 0.05048076923076923
1 0.19951923076923078 0.4206730769230769 0.038461538461538464 0.018028846153846152
1 0.203125 0.45552884615384615 0.07211538461538461 0.05048076923076923
1 0.16346153846153846 0.44711538461538464 0.051682692307692304 0.06610576923076923
1 0.11298076923076923 0.4519230769230769 0.07451923076923077 0.06009615384615385
1 0.03245192307692308 0.45072115384615385 0.06370192307692307 0.06850961538461539
0 0.16346153846153846 0.40384615384615385 0.09975961538461539 0.04447115384615385
3 0.5769230769230769 0.4891826923076923 0.042067307692307696 0.1502403846153846
1 0.8449519230769231 0.5144230769230769 0.3076923076923077 0.34134615384615385
1 0.5697115384615384 0.46033653846153844 0.171875 0.11899038461538461
1 0.4375 0.5733173076923077 0.25600961538461536 0.29086538461538464