1 0.8834134615384616 0.5625 0.22355769230769232 0.5120192307692307
1 0.4050480769230769 0.6634615384615384 0.4338942307692308 0.44711538461538464
1 0.5841346153846154 0.44350961538461536 0.056490384615384616 0.0625
1 0.53125 0.4326923076923077 0.025240384615384616 0.025240384615384616
1 0.2860576923076923 0.44471153846153844 0.046875 0.05048076923076923
1 0.25240384615384615 0.4495192307692308 0.038461538461538464 0.055288461538461536
1 0.23557692307692307 0.4567307692307692 0.056490384615384616 0.05889423076923077
1 0.18629807692307693 0.42427884615384615 0.040865384615384616 0.018028846153846152
1 0.1814903846153846 0.4651442307692308 0.078125 0.06610576923076923
1 0.14423076923076922 0.453125 0.052884615384615384 0.06971153846153846
1 0.07932692307692307 0.4639423076923077 0.08653846153846154 0.08413461538461539
1 0.016826923076923076 0.46033653846153844 0.03365384615384615 0.08413461538461539
0 0.15264423076923078 0.4050480769230769 0.10096153846153846 0.04927884615384615