1 0.5276442307692307 0.43149038461538464 0.025240384615384616 0.02403846153846154
1 0.5757211538461539 0.43990384615384615 0.051682692307692304 0.06009615384615385
1 0.019230769230769232 0.46153846153846156 0.03245192307692308 0.08653846153846154
1 0.2848557692307692 0.44471153846153844 0.04807692307692308 0.052884615384615384
1 0.2512019230769231 0.4483173076923077 0.040865384615384616 0.052884615384615384
1 0.234375 0.45552884615384615 0.052884615384615384 0.05889423076923077
1 0.18509615384615385 0.42427884615384615 0.042067307692307696 0.021634615384615384
1 0.1814903846153846 0.4651442307692308 0.07692307692307693 0.0625
1 0.14182692307692307 0.4543269230769231 0.056490384615384616 0.07211538461538461
1 0.07932692307692307 0.46274038461538464 0.08413461538461539 0.078125
0 0.15144230769230768 0.4050480769230769 0.10336538461538461 0.04927884615384615
1 0.40384615384615385 0.6622596153846154 0.4387019230769231 0.4567307692307692
1 0.8858173076923077 0.5673076923076923 0.2247596153846154 0.5132211538461539