1 0.5673076923076923 0.43990384615384615 0.05048076923076923 0.055288461538461536
1 0.8822115384615384 0.5649038461538461 0.23076923076923078 0.5120192307692307
1 0.4050480769230769 0.6586538461538461 0.4362980769230769 0.45072115384615385
1 0.2860576923076923 0.44471153846153844 0.046875 0.05048076923076923
1 0.2536057692307692 0.45072115384615385 0.036057692307692304 0.05889423076923077
1 0.23557692307692307 0.45552884615384615 0.051682692307692304 0.055288461538461536
1 0.18629807692307693 0.42427884615384615 0.04567307692307692 0.019230769230769232
1 0.18028846153846154 0.46634615384615385 0.07932692307692307 0.06490384615384616
1 0.140625 0.4519230769230769 0.056490384615384616 0.06850961538461539
1 0.08052884615384616 0.46634615384615385 0.08653846153846154 0.08413461538461539
1 0.016826923076923076 0.46153846153846156 0.03245192307692308 0.08413461538461539
0 0.15144230769230768 0.4098557692307692 0.10336538461538461 0.055288461538461536
1 0.5252403846153846 0.42908653846153844 0.021634615384615384 0.025240384615384616