1 0.016826923076923076 0.45913461538461536 0.03245192307692308 0.08653846153846154
0 0.14903846153846154 0.4014423076923077 0.10336538461538461 0.04447115384615385
1 0.2848557692307692 0.44591346153846156 0.051682692307692304 0.056490384615384616
1 0.25 0.4483173076923077 0.04326923076923077 0.056490384615384616
1 0.23317307692307693 0.45552884615384615 0.052884615384615384 0.0625
1 0.18509615384615385 0.4230769230769231 0.04807692307692308 0.018028846153846152
1 0.18269230769230768 0.46274038461538464 0.078125 0.0625
1 0.13942307692307693 0.4519230769230769 0.057692307692307696 0.07211538461538461
1 0.078125 0.46153846153846156 0.09014423076923077 0.07211538461538461
1 0.5408653846153846 0.43028846153846156 0.03125 0.03125
1 0.4026442307692308 0.6634615384615384 0.4338942307692308 0.453125
1 0.8846153846153846 0.5685096153846154 0.2283653846153846 0.5192307692307693
1 0.3605769230769231 0.42908653846153844 0.02403846153846154 0.018028846153846152
1 0.5168269230769231 0.4254807692307692 0.020432692307692308 0.019230769230769232
0 0.49278846153846156 0.4206730769230769 0.015625 0.021634615384615384