1 0.8822115384615384 0.5649038461538461 0.23317307692307693 0.5
1 0.4026442307692308 0.6730769230769231 0.44711538461538464 0.46274038461538464
1 0.07692307692307693 0.46634615384615385 0.08774038461538461 0.078125
1 0.13822115384615385 0.4579326923076923 0.057692307692307696 0.07211538461538461
0 0.1502403846153846 0.40865384615384615 0.10576923076923077 0.05048076923076923
1 0.1778846153846154 0.46875 0.078125 0.06610576923076923
1 0.23076923076923078 0.45913461538461536 0.052884615384615384 0.055288461538461536
1 0.2692307692307692 0.4543269230769231 0.07932692307692307 0.056490384615384616
1 0.18389423076923078 0.42908653846153844 0.042067307692307696 0.021634615384615384
1 0.014423076923076924 0.4651442307692308 0.028846153846153848 0.08413461538461539
1 0.5180288461538461 0.43028846153846156 0.016826923076923076 0.019230769230769232
0 0.49399038461538464 0.4254807692307692 0.014423076923076924 0.02403846153846154
1 0.3605769230769231 0.4375 0.027644230769230768 0.02403846153846154
3 0.7367788461538461 0.4254807692307692 0.010817307692307692 0.03485576923076923