1 0.8473557692307693 0.4963942307692308 0.2439903846153846 0.24278846153846154
1 0.5540865384615384 0.515625 0.15745192307692307 0.16826923076923078
1 0.4014423076923077 0.453125 0.03485576923076923 0.03485576923076923
1 0.328125 0.45552884615384615 0.03485576923076923 0.037259615384615384
1 0.2644230769230769 0.46634615384615385 0.07692307692307693 0.07211538461538461
1 0.22355769230769232 0.46875 0.03485576923076923 0.05048076923076923
1 0.17067307692307693 0.47596153846153844 0.056490384615384616 0.06850961538461539
1 0.38461538461538464 0.45072115384615385 0.016826923076923076 0.025240384615384616
1 0.02283653846153846 0.4795673076923077 0.04567307692307692 0.12259615384615384
1 0.09014423076923077 0.48677884615384615 0.13221153846153846 0.11177884615384616
0 0.10697115384615384 0.41947115384615385 0.16105769230769232 0.09134615384615384