1 0.8641826923076923 0.47115384615384615 0.1466346153846154 0.1346153846153846
1 0.6382211538461539 0.47475961538461536 0.14543269230769232 0.14903846153846154
1 0.15504807692307693 0.484375 0.140625 0.109375
1 0.7391826923076923 0.44711538461538464 0.06850961538461539 0.08653846153846154
1 0.3004807692307692 0.4519230769230769 0.04807692307692308 0.04447115384615385
1 0.5480769230769231 0.43509615384615385 0.020432692307692308 0.028846153846153848
1 0.038461538461538464 0.4735576923076923 0.07692307692307693 0.12980769230769232
3 0.41947115384615385 0.42908653846153844 0.016826923076923076 0.025240384615384616
0 0.49278846153846156 0.4266826923076923 0.019230769230769232 0.03365384615384615
1 0.28125 0.44471153846153844 0.03485576923076923 0.04447115384615385
1 0.5745192307692307 0.4387019230769231 0.030048076923076924 0.06009615384615385