1 0.8966346153846154 0.47475961538461536 0.13581730769230768 0.14423076923076922
1 0.6935096153846154 0.4723557692307692 0.1141826923076923 0.11778846153846154
1 0.640625 0.45552884615384615 0.05889423076923077 0.07572115384615384
1 0.5649038461538461 0.4423076923076923 0.03245192307692308 0.040865384615384616
3 0.7752403846153846 0.43990384615384615 0.014423076923076924 0.04927884615384615
3 0.8064903846153846 0.4423076923076923 0.010817307692307692 0.04927884615384615
1 0.32211538461538464 0.45552884615384615 0.055288461538461536 0.04447115384615385
1 0.25721153846153844 0.4543269230769231 0.037259615384615384 0.04927884615384615
1 0.21875 0.4567307692307692 0.027644230769230768 0.038461538461538464
4 0.5168269230769231 0.43990384615384615 0.019230769230769232 0.025240384615384616
0 0.49158653846153844 0.43509615384615385 0.02403846153846154 0.046875
1 0.5444711538461539 0.43990384615384615 0.014423076923076924 0.025240384615384616
1 0.5348557692307693 0.4375 0.009615384615384616 0.02403846153846154
3 0.1466346153846154 0.44471153846153844 0.010817307692307692 0.013221153846153846
1 0.15384615384615385 0.45072115384615385 0.030048076923076924 0.02403846153846154
1 0.02283653846153846 0.47716346153846156 0.04567307692307692 0.06490384615384616