1 0.953125 0.48197115384615385 0.09014423076923077 0.15384615384615385
1 0.9170673076923077 0.46153846153846156 0.06610576923076923 0.10096153846153846
1 0.8257211538461539 0.4567307692307692 0.07692307692307693 0.0625
1 0.7596153846153846 0.4483173076923077 0.055288461538461536 0.04927884615384615
1 0.5901442307692307 0.43990384615384615 0.04807692307692308 0.056490384615384616
1 0.6213942307692307 0.43990384615384615 0.019230769230769232 0.03485576923076923
1 0.5625 0.4387019230769231 0.027644230769230768 0.040865384615384616
4 0.5096153846153846 0.43509615384615385 0.036057692307692304 0.04447115384615385
0 0.2247596153846154 0.42908653846153844 0.11778846153846154 0.052884615384615384
1 0.3918269230769231 0.4326923076923077 0.021634615384615384 0.025240384615384616
1 0.4519230769230769 0.4326923076923077 0.02403846153846154 0.025240384615384616