1 0.8653846153846154 0.46033653846153844 0.09254807692307693 0.06850961538461539
1 0.7800480769230769 0.45072115384615385 0.05889423076923077 0.055288461538461536
1 0.6334134615384616 0.4387019230769231 0.026442307692307692 0.040865384615384616
1 0.5973557692307693 0.4423076923076923 0.057692307692307696 0.06490384615384616
4 0.5120192307692307 0.4326923076923077 0.038461538461538464 0.04927884615384615
1 0.5661057692307693 0.4411057692307692 0.027644230769230768 0.046875
1 0.9867788461538461 0.4855769230769231 0.02403846153846154 0.09615384615384616
3 0.18870192307692307 0.4338942307692308 0.007211538461538462 0.027644230769230768
3 0.2247596153846154 0.43509615384615385 0.009615384615384616 0.027644230769230768
3 0.25721153846153844 0.43149038461538464 0.006009615384615385 0.027644230769230768
1 0.4519230769230769 0.43149038461538464 0.026442307692307692 0.027644230769230768
1 0.38461538461538464 0.43149038461538464 0.025240384615384616 0.03125
1 0.4026442307692308 0.43028846153846156 0.016826923076923076 0.021634615384615384