1 0.9302884615384616 0.5612980769230769 0.13221153846153846 0.33774038461538464
1 0.8257211538461539 0.44471153846153844 0.21394230769230768 0.09375
4 0.5 0.5649038461538461 0.6754807692307693 0.6382211538461539
1 0.08052884615384616 0.6538461538461539 0.16105769230769232 0.40625
1 0.06370192307692307 0.46153846153846156 0.12740384615384615 0.07692307692307693
1 0.24158653846153846 0.4326923076923077 0.04567307692307692 0.028846153846153848
1 0.27403846153846156 0.43509615384615385 0.02403846153846154 0.025240384615384616
1 0.3016826923076923 0.43028846153846156 0.025240384615384616 0.03485576923076923
1 0.06009615384615385 0.43028846153846156 0.0733173076923077 0.046875
1 0.7199519230769231 0.42427884615384615 0.06129807692307692 0.040865384615384616
1 0.9302884615384616 0.43028846153846156 0.0829326923076923 0.0625