1 0.9290865384615384 0.5913461538461539 0.13942307692307693 0.41586538461538464
1 0.828125 0.43990384615384615 0.171875 0.06490384615384616
1 0.7403846153846154 0.42908653846153844 0.10817307692307693 0.037259615384615384
4 0.4987980769230769 0.5673076923076923 0.6766826923076923 0.6430288461538461
1 0.07932692307692307 0.6538461538461539 0.15865384615384615 0.40865384615384615
1 0.3016826923076923 0.4266826923076923 0.027644230769230768 0.028846153846153848
1 0.23918269230769232 0.4326923076923077 0.046875 0.03365384615384615
1 0.1971153846153846 0.4338942307692308 0.03485576923076923 0.027644230769230768
3 0.054086538461538464 0.44471153846153844 0.016826923076923076 0.040865384615384616
2 0.13701923076923078 0.49158653846153844 0.07932692307692307 0.15384615384615385
2 0.9314903846153846 0.43149038461538464 0.0625 0.06971153846153846