1 0.9290865384615384 0.5913461538461539 0.13942307692307693 0.41586538461538464
1 0.8293269230769231 0.44471153846153844 0.17067307692307693 0.06850961538461539
1 0.7391826923076923 0.42788461538461536 0.10576923076923077 0.03485576923076923
4 0.4987980769230769 0.5649038461538461 0.6754807692307693 0.6430288461538461
1 0.08052884615384616 0.65625 0.16105769230769232 0.40625
1 0.23197115384615385 0.43028846153846156 0.03245192307692308 0.027644230769230768
1 0.13581730769230768 0.44471153846153844 0.125 0.055288461538461536
3 0.055288461538461536 0.4411057692307692 0.014423076923076924 0.03125
1 0.021634615384615384 0.43990384615384615 0.04326923076923077 0.040865384615384616
4 0.2956730769230769 0.39783653846153844 0.0985576923076923 0.09615384615384616
2 0.9254807692307693 0.42908653846153844 0.07451923076923077 0.06490384615384616