1 0.9290865384615384 0.5913461538461539 0.13942307692307693 0.41346153846153844
1 0.828125 0.4423076923076923 0.16826923076923078 0.06850961538461539
1 0.7415865384615384 0.4266826923076923 0.11057692307692307 0.03365384615384615
4 0.4987980769230769 0.5673076923076923 0.6778846153846154 0.6430288461538461
1 0.08052884615384616 0.65625 0.16105769230769232 0.40625
1 0.3004807692307692 0.43028846153846156 0.027644230769230768 0.03485576923076923
1 0.2403846153846154 0.43149038461538464 0.046875 0.03485576923076923
4 0.06129807692307692 0.42427884615384615 0.12139423076923077 0.10697115384615384
1 0.13701923076923078 0.44471153846153844 0.030048076923076924 0.04927884615384615
1 0.17067307692307693 0.44350961538461536 0.038461538461538464 0.04326923076923077
2 0.9302884615384616 0.43028846153846156 0.06370192307692307 0.06971153846153846
1 0.2668269230769231 0.43509615384615385 0.02403846153846154 0.025240384615384616