1 0.9278846153846154 0.5901442307692307 0.13942307692307693 0.4182692307692308
1 0.8689903846153846 0.43990384615384615 0.15144230769230768 0.08173076923076923
1 0.7391826923076923 0.4266826923076923 0.109375 0.03365384615384615
4 0.4987980769230769 0.5637019230769231 0.6778846153846154 0.6466346153846154
1 0.08173076923076923 0.6550480769230769 0.1622596153846154 0.40865384615384615
1 0.07572115384615384 0.45552884615384615 0.15144230769230768 0.07451923076923077
1 0.3004807692307692 0.43028846153846156 0.026442307692307692 0.03365384615384615
1 0.23918269230769232 0.43149038461538464 0.046875 0.03125
1 0.27283653846153844 0.43509615384615385 0.02403846153846154 0.025240384615384616
1 0.12740384615384615 0.44471153846153844 0.09254807692307693 0.052884615384615384
2 0.9338942307692307 0.4182692307692308 0.057692307692307696 0.046875