1 0.9278846153846154 0.5949519230769231 0.13942307692307693 0.42427884615384615
1 0.8293269230769231 0.44350961538461536 0.17668269230769232 0.06610576923076923
1 0.7403846153846154 0.42788461538461536 0.109375 0.03485576923076923
4 0.49759615384615385 0.5649038461538461 0.6802884615384616 0.6382211538461539
1 0.08052884615384616 0.6550480769230769 0.16105769230769232 0.41225961538461536
1 0.3004807692307692 0.43028846153846156 0.030048076923076924 0.03365384615384615
1 0.23798076923076922 0.43149038461538464 0.04807692307692308 0.03125
1 0.054086538461538464 0.45072115384615385 0.0829326923076923 0.052884615384615384
2 0.9302884615384616 0.4338942307692308 0.06129807692307692 0.06610576923076923
1 0.2704326923076923 0.43509615384615385 0.025240384615384616 0.03125
1 0.02283653846153846 0.4483173076923077 0.04567307692307692 0.037259615384615384