1 0.9278846153846154 0.5913461538461539 0.14182692307692307 0.42788461538461536
1 0.9230769230769231 0.43990384615384615 0.07211538461538461 0.05889423076923077
1 0.8173076923076923 0.44350961538461536 0.15264423076923078 0.06971153846153846
4 0.4987980769230769 0.5637019230769231 0.6778846153846154 0.6430288461538461
1 0.08173076923076923 0.6538461538461539 0.1622596153846154 0.4098557692307692
1 0.3004807692307692 0.42908653846153844 0.030048076923076924 0.03365384615384615
1 0.11298076923076923 0.47716346153846156 0.13221153846153846 0.09975961538461539
1 0.039663461538461536 0.44471153846153844 0.07932692307692307 0.04447115384615385
3 0.24639423076923078 0.4266826923076923 0.036057692307692304 0.040865384615384616
3 0.04567307692307692 0.4206730769230769 0.016826923076923076 0.013221153846153846
3 0.12860576923076922 0.42427884615384615 0.015625 0.013221153846153846
1 0.22956730769230768 0.4326923076923077 0.027644230769230768 0.037259615384615384
1 0.2692307692307692 0.4338942307692308 0.021634615384615384 0.02403846153846154