1 0.9266826923076923 0.5949519230769231 0.14423076923076922 0.42788461538461536
1 0.8774038461538461 0.44471153846153844 0.12980769230769232 0.07451923076923077
3 0.9459134615384616 0.41346153846153844 0.010817307692307692 0.019230769230769232
4 0.4987980769230769 0.5637019230769231 0.6778846153846154 0.6466346153846154
1 0.08173076923076923 0.6574519230769231 0.16346153846153846 0.41225961538461536
1 0.3004807692307692 0.43149038461538464 0.030048076923076924 0.03485576923076923
1 0.23798076923076922 0.43149038461538464 0.04807692307692308 0.03125
1 0.109375 0.46634615384615385 0.14423076923076922 0.09134615384615384
1 0.2704326923076923 0.43509615384615385 0.03125 0.02403846153846154
4 0.042067307692307696 0.43028846153846156 0.08413461538461539 0.056490384615384616
3 0.13701923076923078 0.4206730769230769 0.010817307692307692 0.009615384615384616
1 0.019230769230769232 0.44471153846153844 0.038461538461538464 0.027644230769230768