1 0.9254807692307693 0.5925480769230769 0.1466346153846154 0.42788461538461536
3 0.9423076923076923 0.41947115384615385 0.015625 0.03485576923076923
4 0.4987980769230769 0.5649038461538461 0.6766826923076923 0.640625
1 0.08173076923076923 0.65625 0.16346153846153846 0.41346153846153844
1 0.7403846153846154 0.4170673076923077 0.10576923076923077 0.052884615384615384
2 0.8040865384615384 0.42908653846153844 0.02403846153846154 0.037259615384615384
1 0.30408653846153844 0.42908653846153844 0.02403846153846154 0.03365384615384615
1 0.20673076923076922 0.47596153846153844 0.19230769230769232 0.10336538461538461
3 0.054086538461538464 0.44471153846153844 0.016826923076923076 0.04447115384615385
2 0.0829326923076923 0.4495192307692308 0.015625 0.038461538461538464
3 0.1346153846153846 0.4362980769230769 0.01201923076923077 0.037259615384615384