1 0.06971153846153846 0.6586538461538461 0.13942307692307693 0.34615384615384615
2 0.02403846153846154 0.484375 0.04807692307692308 0.09375
2 0.06129807692307692 0.46634615384615385 0.019230769230769232 0.05048076923076923
1 0.2283653846153846 0.45913461538461536 0.057692307692307696 0.055288461538461536
1 0.28725961538461536 0.46153846153846156 0.042067307692307696 0.0625
1 0.35216346153846156 0.44591346153846156 0.03245192307692308 0.021634615384615384
1 0.32091346153846156 0.44471153846153844 0.030048076923076924 0.025240384615384616
2 0.7572115384615384 0.45552884615384615 0.019230769230769232 0.04927884615384615
1 0.9278846153846154 0.6153846153846154 0.140625 0.421875
4 0.5132211538461539 0.5336538461538461 0.4519230769230769 0.47475961538461536
3 0.8858173076923077 0.44711538461538464 0.009615384615384616 0.05048076923076923
3 0.14423076923076922 0.4483173076923077 0.009615384615384616 0.025240384615384616