2 0.026442307692307692 0.47115384615384615 0.021634615384615384 0.055288461538461536
1 0.055288461538461536 0.7019230769230769 0.109375 0.29086538461538464
1 0.17307692307692307 0.4675480769230769 0.021634615384615384 0.04927884615384615
1 0.2127403846153846 0.4651442307692308 0.057692307692307696 0.055288461538461536
1 0.27163461538461536 0.4651442307692308 0.057692307692307696 0.0625
1 0.3112980769230769 0.46153846153846156 0.03245192307692308 0.055288461538461536
1 0.33653846153846156 0.45072115384615385 0.021634615384615384 0.02403846153846154
4 0.5252403846153846 0.5372596153846154 0.44711538461538464 0.46875
3 0.9026442307692307 0.45072115384615385 0.01201923076923077 0.052884615384615384
1 0.9254807692307693 0.6165865384615384 0.1466346153846154 0.41225961538461536
1 0.75 0.4579326923076923 0.015625 0.04447115384615385
3 0.140625 0.453125 0.009615384615384616 0.02403846153846154