4 0.30408653846153844 0.48677884615384615 0.2800480769230769 0.3161057692307692
1 0.04326923076923077 0.4855769230769231 0.08653846153846154 0.09615384615384616
1 0.109375 0.4795673076923077 0.08173076923076923 0.08413461538461539
1 0.15625 0.4651442307692308 0.06610576923076923 0.0625
1 0.19471153846153846 0.453125 0.042067307692307696 0.046875
1 0.22355769230769232 0.4375 0.03485576923076923 0.03125
1 0.4567307692307692 0.43149038461538464 0.016826923076923076 0.019230769230769232
2 0.4735576923076923 0.43028846153846156 0.01201923076923077 0.018028846153846152
1 0.5721153846153846 0.4387019230769231 0.03485576923076923 0.028846153846153848
1 0.6105769230769231 0.4411057692307692 0.037259615384615384 0.038461538461538464
1 0.6694711538461539 0.4543269230769231 0.057692307692307696 0.04927884615384615
3 0.6574519230769231 0.4206730769230769 0.015625 0.025240384615384616
3 0.6706730769230769 0.4206730769230769 0.014423076923076924 0.013221153846153846
2 0.7175480769230769 0.4651442307692308 0.037259615384615384 0.08653846153846154
1 0.7632211538461539 0.4338942307692308 0.06370192307692307 0.0625
1 0.8569711538461539 0.41947115384615385 0.0985576923076923 0.046875
3 0.7896634615384616 0.44471153846153844 0.016826923076923076 0.06490384615384616