4 0.19471153846153846 0.48677884615384615 0.296875 0.27403846153846156
4 0.36899038461538464 0.453125 0.04326923076923077 0.06610576923076923
0 0.5372596153846154 0.4362980769230769 0.014423076923076924 0.025240384615384616
1 0.5144230769230769 0.43509615384615385 0.026442307692307692 0.03125
1 0.8245192307692307 0.43149038461538464 0.036057692307692304 0.02403846153846154
2 0.4519230769230769 0.4375 0.015625 0.02403846153846154
1 0.859375 0.4495192307692308 0.109375 0.0625
1 0.41466346153846156 0.4375 0.014423076923076924 0.01201923076923077
1 0.42788461538461536 0.4338942307692308 0.01201923076923077 0.01201923076923077
1 0.4675480769230769 0.43509615384615385 0.014423076923076924 0.015625
3 0.4855769230769231 0.4375 0.004807692307692308 0.015625