4 0.06009615384615385 0.5540865384615384 0.1201923076923077 0.5216346153846154
2 0.5745192307692307 0.4375 0.009615384615384616 0.019230769230769232
4 0.5276442307692307 0.43509615384615385 0.03125 0.046875
4 0.4831730769230769 0.43990384615384615 0.025240384615384616 0.038461538461538464
1 0.4543269230769231 0.4411057692307692 0.026442307692307692 0.027644230769230768
3 0.2932692307692308 0.4387019230769231 0.007211538461538462 0.009615384615384616
3 0.3088942307692308 0.43990384615384615 0.007211538461538462 0.01201923076923077
3 0.31850961538461536 0.43990384615384615 0.007211538461538462 0.007211538461538462
3 0.3641826923076923 0.43990384615384615 0.015625 0.013221153846153846
3 0.3798076923076923 0.4375 0.01201923076923077 0.01201923076923077
3 0.39302884615384615 0.4375 0.016826923076923076 0.01201923076923077