4 0.5108173076923077 0.4326923076923077 0.03485576923076923 0.06009615384615385
4 0.4519230769230769 0.4411057692307692 0.036057692307692304 0.04326923076923077
2 0.5769230769230769 0.43509615384615385 0.014423076923076924 0.02403846153846154
1 0.39903846153846156 0.43990384615384615 0.04807692307692308 0.028846153846153848
1 0.5925480769230769 0.4387019230769231 0.016826923076923076 0.025240384615384616
3 0.15985576923076922 0.4519230769230769 0.014423076923076924 0.03365384615384615
3 0.18990384615384615 0.4495192307692308 0.014423076923076924 0.027644230769230768
3 0.2091346153846154 0.44591346153846156 0.010817307692307692 0.021634615384615384
3 0.21875 0.44471153846153844 0.009615384615384616 0.021634615384615384
1 0.23798076923076922 0.44471153846153844 0.036057692307692304 0.02403846153846154
1 0.2776442307692308 0.4411057692307692 0.03485576923076923 0.02403846153846154
3 0.31971153846153844 0.4375 0.037259615384615384 0.02403846153846154