1 0.09975961538461539 0.4795673076923077 0.0889423076923077 0.09134615384615384
1 0.1502403846153846 0.46274038461538464 0.019230769230769232 0.055288461538461536
3 0.16346153846153846 0.45552884615384615 0.010817307692307692 0.04326923076923077
1 0.2692307692307692 0.45552884615384615 0.06129807692307692 0.07451923076923077
4 0.4098557692307692 0.44471153846153844 0.055288461538461536 0.0625
1 0.45913461538461536 0.44471153846153844 0.03245192307692308 0.040865384615384616
1 0.5276442307692307 0.4375 0.0673076923076923 0.109375
4 0.5853365384615384 0.43149038461538464 0.051682692307692304 0.08653846153846154
3 0.6189903846153846 0.44471153846153844 0.01201923076923077 0.04326923076923077
1 0.6538461538461539 0.44471153846153844 0.026442307692307692 0.037259615384615384
3 0.3088942307692308 0.44471153846153844 0.006009615384615385 0.019230769230769232