1 0.054086538461538464 0.4735576923076923 0.042067307692307696 0.052884615384615384
1 0.16105769230769232 0.4651442307692308 0.0625 0.0625
1 0.21514423076923078 0.46153846153846156 0.03485576923076923 0.03485576923076923
1 0.30288461538461536 0.46153846153846156 0.06129807692307692 0.05048076923076923
1 0.36658653846153844 0.45072115384615385 0.042067307692307696 0.04447115384615385
1 0.3425480769230769 0.453125 0.015625 0.027644230769230768
4 0.4387019230769231 0.4495192307692308 0.05048076923076923 0.05889423076923077
1 0.5324519230769231 0.44591346153846156 0.055288461538461536 0.09615384615384616
4 0.5709134615384616 0.4338942307692308 0.038461538461538464 0.06971153846153846
2 0.6129807692307693 0.4423076923076923 0.010817307692307692 0.028846153846153848
1 0.6274038461538461 0.4423076923076923 0.026442307692307692 0.03365384615384615
2 0.7944711538461539 0.45552884615384615 0.02403846153846154 0.05048076923076923
1 0.4675480769230769 0.44711538461538464 0.021634615384615384 0.03485576923076923
3 0.24879807692307693 0.45552884615384615 0.01201923076923077 0.027644230769230768