1 0.054086538461538464 0.45552884615384615 0.055288461538461536 0.04326923076923077
1 0.10817307692307693 0.45552884615384615 0.07932692307692307 0.056490384615384616
1 0.1658653846153846 0.4495192307692308 0.04326923076923077 0.038461538461538464
1 0.20432692307692307 0.44591346153846156 0.02403846153846154 0.037259615384615384
1 0.23317307692307693 0.44350961538461536 0.037259615384615384 0.046875
1 0.25961538461538464 0.44471153846153844 0.019230769230769232 0.037259615384615384
1 0.31971153846153844 0.4495192307692308 0.057692307692307696 0.046875
1 0.36899038461538464 0.4411057692307692 0.038461538461538464 0.04326923076923077
4 0.43149038461538464 0.44350961538461536 0.05048076923076923 0.0625
1 0.5168269230769231 0.4362980769230769 0.051682692307692304 0.09615384615384616
4 0.5504807692307693 0.42908653846153844 0.03485576923076923 0.06850961538461539
2 0.5973557692307693 0.43509615384615385 0.010817307692307692 0.03485576923076923
1 0.6081730769230769 0.43509615384615385 0.016826923076923076 0.028846153846153848
1 0.46634615384615385 0.43028846153846156 0.026442307692307692 0.04447115384615385