1 0.23317307692307693 0.46274038461538464 0.057692307692307696 0.038461538461538464
1 0.3918269230769231 0.484375 0.09735576923076923 0.09375
1 0.49038461538461536 0.4411057692307692 0.019230769230769232 0.019230769230769232
1 0.5709134615384616 0.44471153846153844 0.02403846153846154 0.025240384615384616
1 0.6117788461538461 0.4543269230769231 0.04567307692307692 0.06009615384615385
1 0.8629807692307693 0.44711538461538464 0.046875 0.04326923076923077
1 0.6382211538461539 0.45072115384615385 0.016826923076923076 0.038461538461538464
1 0.7824519230769231 0.4375 0.027644230769230768 0.027644230769230768
1 0.44471153846153844 0.43509615384615385 0.020432692307692308 0.015625
1 0.46875 0.4254807692307692 0.01201923076923077 0.015625
1 0.5216346153846154 0.421875 0.01201923076923077 0.015625
1 0.6286057692307693 0.4098557692307692 0.009615384615384616 0.01201923076923077