1 0.5757211538461539 0.4567307692307692 0.04567307692307692 0.06610576923076923
1 0.7427884615384616 0.44350961538461536 0.027644230769230768 0.027644230769230768
1 0.7860576923076923 0.44711538461538464 0.040865384615384616 0.038461538461538464
1 0.625 0.45072115384615385 0.03125 0.037259615384615384
1 0.3076923076923077 0.5024038461538461 0.140625 0.125
4 0.2439903846153846 0.40865384615384615 0.13221153846153846 0.1466346153846154
4 0.06850961538461539 0.42427884615384615 0.125 0.125
1 0.0829326923076923 0.46634615384615385 0.08774038461538461 0.06009615384615385
1 0.9723557692307693 0.4411057692307692 0.052884615384615384 0.05048076923076923
1 0.9122596153846154 0.4411057692307692 0.037259615384615384 0.03485576923076923
1 0.49278846153846156 0.44350961538461536 0.016826923076923076 0.019230769230769232
1 0.5480769230769231 0.44471153846153844 0.019230769230769232 0.025240384615384616
1 0.3798076923076923 0.44471153846153844 0.03485576923076923 0.019230769230769232
1 0.4074519230769231 0.43990384615384615 0.027644230769230768 0.021634615384615384
1 0.4362980769230769 0.4411057692307692 0.015625 0.01201923076923077
1 0.45552884615384615 0.43509615384615385 0.014423076923076924 0.018028846153846152
1 0.5252403846153846 0.43028846153846156 0.01201923076923077 0.013221153846153846
1 0.6069711538461539 0.41947115384615385 0.010817307692307692 0.01201923076923077
1 0.4879807692307692 0.41947115384615385 0.007211538461538462 0.009615384615384616
1 0.5108173076923077 0.4182692307692308 0.009615384615384616 0.01201923076923077