1 0.23557692307692307 0.5060096153846154 0.1658653846153846 0.140625
4 0.19110576923076922 0.43149038461538464 0.07211538461538461 0.09735576923076923
1 0.5324519230769231 0.453125 0.04326923076923077 0.06610576923076923
1 0.5853365384615384 0.44591346153846156 0.030048076923076924 0.03365384615384615
1 0.7103365384615384 0.44471153846153844 0.038461538461538464 0.038461538461538464
1 0.46033653846153844 0.4411057692307692 0.020432692307692308 0.019230769230769232
1 0.6622596153846154 0.4326923076923077 0.019230769230769232 0.018028846153846152
4 0.3269230769230769 0.41346153846153844 0.06370192307692307 0.08173076923076923
1 0.828125 0.43509615384615385 0.03485576923076923 0.03125
1 0.8762019230769231 0.4362980769230769 0.06610576923076923 0.040865384615384616
1 0.9447115384615384 0.43149038461538464 0.057692307692307696 0.038461538461538464