1 0.9447115384615384 0.42427884615384615 0.03125 0.019230769230769232
1 0.8161057692307693 0.44471153846153844 0.056490384615384616 0.052884615384615384
1 0.6947115384615384 0.41586538461538464 0.026442307692307692 0.027644230769230768
1 0.7247596153846154 0.44471153846153844 0.055288461538461536 0.06490384615384616
1 0.47836538461538464 0.4014423076923077 0.019230769230769232 0.021634615384615384
1 0.49759615384615385 0.4483173076923077 0.055288461538461536 0.056490384615384616
1 0.3293269230769231 0.42427884615384615 0.027644230769230768 0.02403846153846154
1 0.359375 0.42908653846153844 0.037259615384615384 0.03365384615384615
1 0.27524038461538464 0.4387019230769231 0.04326923076923077 0.040865384615384616
1 0.21875 0.44711538461538464 0.052884615384615384 0.04326923076923077
1 0.3317307692307692 0.40865384615384615 0.02403846153846154 0.01201923076923077
1 0.4254807692307692 0.39783653846153844 0.016826923076923076 0.018028846153846152
1 0.5168269230769231 0.39302884615384615 0.01201923076923077 0.009615384615384616
1 0.7175480769230769 0.40625 0.027644230769230768 0.019230769230769232