1 0.6033653846153846 0.47115384615384615 0.051682692307692304 0.055288461538461536
4 0.5132211538461539 0.43990384615384615 0.03245192307692308 0.05048076923076923
1 0.48197115384615385 0.44350961538461536 0.020432692307692308 0.027644230769230768
1 0.2127403846153846 0.46875 0.04326923076923077 0.03485576923076923
1 0.24879807692307693 0.4651442307692308 0.036057692307692304 0.027644230769230768
1 0.3088942307692308 0.4579326923076923 0.03125 0.028846153846153848
1 0.12139423076923077 0.4735576923076923 0.038461538461538464 0.021634615384615384
1 0.5721153846153846 0.4579326923076923 0.025240384615384616 0.03365384615384615
1 0.5588942307692307 0.45072115384615385 0.030048076923076924 0.03365384615384615
1 0.4254807692307692 0.44471153846153844 0.019230769230769232 0.025240384615384616
1 0.3762019230769231 0.4375 0.015625 0.015625
1 0.4026442307692308 0.43509615384615385 0.016826923076923076 0.015625