1 0.052884615384615384 0.46274038461538464 0.06370192307692307 0.05048076923076923
1 0.11057692307692307 0.4543269230769231 0.042067307692307696 0.03365384615384615
1 0.3581730769230769 0.4326923076923077 0.042067307692307696 0.040865384615384616
1 0.47836538461538464 0.4254807692307692 0.027644230769230768 0.027644230769230768
4 0.5192307692307693 0.4170673076923077 0.040865384615384616 0.06490384615384616
1 0.6322115384615384 0.4579326923076923 0.0625 0.06850961538461539
1 0.59375 0.43990384615384615 0.03485576923076923 0.038461538461538464
1 0.7379807692307693 0.41346153846153844 0.06850961538461539 0.027644230769230768
1 0.41586538461538464 0.4110576923076923 0.021634615384615384 0.021634615384615384
1 0.3858173076923077 0.41346153846153844 0.019230769230769232 0.018028846153846152
1 0.5841346153846154 0.4338942307692308 0.026442307692307692 0.03485576923076923
1 0.5673076923076923 0.43149038461538464 0.019230769230769232 0.03125
1 0.5649038461538461 0.421875 0.020432692307692308 0.027644230769230768
2 0.32091346153846156 0.4182692307692308 0.010817307692307692 0.038461538461538464
1 0.45072115384615385 0.40625 0.020432692307692308 0.019230769230769232