1 0.04807692307692308 0.44591346153846156 0.05048076923076923 0.037259615384615384
1 0.27403846153846156 0.42788461538461536 0.040865384615384616 0.04326923076923077
1 0.3125 0.4266826923076923 0.03485576923076923 0.04927884615384615
1 0.45913461538461536 0.41586538461538464 0.03125 0.03125
4 0.5036057692307693 0.40865384615384615 0.046875 0.06971153846153846
1 0.5889423076923077 0.4326923076923077 0.040865384615384616 0.04447115384615385
1 0.6334134615384616 0.45072115384615385 0.0733173076923077 0.078125
1 0.6911057692307693 0.4050480769230769 0.0733173076923077 0.028846153846153848
1 0.3954326923076923 0.40024038461538464 0.025240384615384616 0.02403846153846154
1 0.3629807692307692 0.4026442307692308 0.02403846153846154 0.02403846153846154
1 0.3317307692307692 0.40625 0.019230769230769232 0.019230769230769232
1 0.6502403846153846 0.40384615384615385 0.03125 0.021634615384615384
2 0.29927884615384615 0.4014423076923077 0.010817307692307692 0.028846153846153848