1 0.10096153846153846 0.4543269230769231 0.12860576923076922 0.09975961538461539
1 0.21875 0.43509615384615385 0.037259615384615384 0.03365384615384615
1 0.26802884615384615 0.43028846153846156 0.03245192307692308 0.04447115384615385
1 0.31971153846153844 0.4266826923076923 0.03245192307692308 0.040865384615384616
1 0.3425480769230769 0.4651442307692308 0.05048076923076923 0.09375
4 0.47475961538461536 0.43028846153846156 0.25721153846153844 0.3125
1 0.734375 0.47596153846153844 0.1310096153846154 0.15625
1 0.8557692307692307 0.49759615384615385 0.20673076923076922 0.203125
1 0.9567307692307693 0.5649038461538461 0.08413461538461539 0.2536057692307692
1 0.6826923076923077 0.46634615384615385 0.06610576923076923 0.109375
1 0.6574519230769231 0.4519230769230769 0.052884615384615384 0.09134615384615384