1 0.06610576923076923 0.4483173076923077 0.09735576923076923 0.08413461538461539
1 0.30528846153846156 0.421875 0.05048076923076923 0.03485576923076923
1 0.43028846153846156 0.4206730769230769 0.038461538461538464 0.037259615384615384
4 0.4855769230769231 0.41225961538461536 0.057692307692307696 0.08653846153846154
1 0.59375 0.43509615384615385 0.04326923076923077 0.055288461538461536
1 0.6754807692307693 0.46274038461538464 0.11778846153846154 0.11298076923076923
1 0.36538461538461536 0.40865384615384615 0.026442307692307692 0.03485576923076923
1 0.5432692307692307 0.4050480769230769 0.05889423076923077 0.03365384615384615
1 0.578125 0.42427884615384615 0.040865384615384616 0.052884615384615384
1 0.5552884615384616 0.4230769230769231 0.026442307692307692 0.04927884615384615
1 0.5420673076923077 0.41346153846153844 0.015625 0.03365384615384615
1 0.3786057692307692 0.4098557692307692 0.046875 0.027644230769230768
2 0.2608173076923077 0.4050480769230769 0.015625 0.03365384615384615