1 0.06009615384615385 0.4519230769230769 0.07692307692307693 0.06490384615384616
1 0.10216346153846154 0.4579326923076923 0.10096153846153846 0.06850961538461539
1 0.25961538461538464 0.43509615384615385 0.04807692307692308 0.052884615384615384
1 0.3076923076923077 0.43149038461538464 0.07211538461538461 0.06610576923076923
1 0.3425480769230769 0.41466346153846156 0.030048076923076924 0.037259615384615384
1 0.39783653846153844 0.4411057692307692 0.06129807692307692 0.078125
4 0.4951923076923077 0.4170673076923077 0.140625 0.18990384615384615
1 0.65625 0.44471153846153844 0.08173076923076923 0.10096153846153846
1 0.7067307692307693 0.453125 0.10576923076923077 0.11778846153846154
1 0.7920673076923077 0.48197115384615385 0.1778846153846154 0.1502403846153846
1 0.8521634615384616 0.4411057692307692 0.10096153846153846 0.11298076923076923
1 0.24639423076923078 0.41947115384615385 0.03245192307692308 0.03485576923076923