1 0.1502403846153846 0.4723557692307692 0.06129807692307692 0.05889423076923077
1 0.21995192307692307 0.4795673076923077 0.06370192307692307 0.06009615384615385
1 0.28365384615384615 0.4651442307692308 0.04807692307692308 0.05048076923076923
1 0.3629807692307692 0.45552884615384615 0.057692307692307696 0.05889423076923077
1 0.39302884615384615 0.4423076923076923 0.026442307692307692 0.040865384615384616
1 0.4206730769230769 0.4483173076923077 0.027644230769230768 0.03365384615384615
1 0.5012019230769231 0.5012019230769231 0.14182692307692307 0.1346153846153846
1 0.5673076923076923 0.4495192307692308 0.027644230769230768 0.02403846153846154
1 0.5901442307692307 0.4423076923076923 0.021634615384615384 0.021634615384615384
1 0.6081730769230769 0.44471153846153844 0.020432692307692308 0.025240384615384616
1 0.6286057692307693 0.4495192307692308 0.037259615384615384 0.038461538461538464
1 0.7091346153846154 0.46274038461538464 0.06370192307692307 0.06971153846153846
4 0.8894230769230769 0.48197115384615385 0.21754807692307693 0.5745192307692307
4 0.5120192307692307 0.4254807692307692 0.046875 0.05048076923076923
1 0.44471153846153844 0.44711538461538464 0.021634615384615384 0.027644230769230768
1 0.6814903846153846 0.44471153846153844 0.02403846153846154 0.037259615384615384