1 0.07572115384615384 0.4963942307692308 0.15144230769230768 0.125
1 0.2247596153846154 0.46875 0.038461538461538464 0.04326923076923077
4 0.15504807692307693 0.453125 0.09014423076923077 0.109375
4 0.2776442307692308 0.45552884615384615 0.051682692307692304 0.06490384615384616
1 0.30528846153846156 0.46875 0.04807692307692308 0.05048076923076923
4 0.3605769230769231 0.453125 0.06129807692307692 0.07451923076923077
1 0.41225961538461536 0.4579326923076923 0.037259615384615384 0.037259615384615384
1 0.4326923076923077 0.4483173076923077 0.021634615384615384 0.025240384615384616
4 0.5048076923076923 0.4387019230769231 0.04326923076923077 0.06490384615384616
1 0.5444711538461539 0.4495192307692308 0.02403846153846154 0.02403846153846154
1 0.5637019230769231 0.4543269230769231 0.026442307692307692 0.025240384615384616
1 0.5985576923076923 0.45913461538461536 0.03485576923076923 0.03485576923076923
1 0.6502403846153846 0.4891826923076923 0.11538461538461539 0.10336538461538461
1 0.7151442307692307 0.45552884615384615 0.037259615384615384 0.03485576923076923
1 0.7644230769230769 0.4723557692307692 0.08173076923076923 0.08653846153846154
1 0.8377403846153846 0.46634615384615385 0.08173076923076923 0.07572115384615384
1 0.6971153846153846 0.4495192307692308 0.027644230769230768 0.038461538461538464