1 0.05048076923076923 0.49759615384615385 0.09975961538461539 0.11538461538461539
1 0.14903846153846154 0.4807692307692308 0.0985576923076923 0.08653846153846154
1 0.27524038461538464 0.46153846153846156 0.06370192307692307 0.06971153846153846
1 0.3737980769230769 0.453125 0.03245192307692308 0.038461538461538464
4 0.41586538461538464 0.43990384615384615 0.038461538461538464 0.055288461538461536
1 0.44591346153846156 0.44711538461538464 0.030048076923076924 0.03125
4 0.3449519230769231 0.44471153846153844 0.036057692307692304 0.04927884615384615
4 0.5120192307692307 0.43149038461538464 0.046875 0.07451923076923077
1 0.5685096153846154 0.4411057692307692 0.03125 0.03125
1 0.5540865384615384 0.4411057692307692 0.016826923076923076 0.019230769230769232
1 0.6286057692307693 0.48197115384615385 0.1141826923076923 0.11298076923076923
1 0.6995192307692307 0.4423076923076923 0.03485576923076923 0.040865384615384616
1 0.7175480769230769 0.45072115384615385 0.03485576923076923 0.037259615384615384
1 0.7548076923076923 0.46153846153846156 0.078125 0.078125
1 0.8425480769230769 0.4579326923076923 0.07692307692307693 0.07572115384615384