4 0.17307692307692307 0.4567307692307692 0.1466346153846154 0.16346153846153846
1 0.09014423076923077 0.47836538461538464 0.05889423076923077 0.05889423076923077
1 0.2536057692307692 0.46274038461538464 0.030048076923076924 0.05048076923076923
1 0.27403846153846156 0.45552884615384615 0.03125 0.04326923076923077
1 0.31009615384615385 0.45072115384615385 0.026442307692307692 0.03485576923076923
1 0.3545673076923077 0.46153846153846156 0.046875 0.052884615384615384
4 0.3713942307692308 0.42427884615384615 0.04326923076923077 0.038461538461538464
1 0.4074519230769231 0.44471153846153844 0.030048076923076924 0.038461538461538464
4 0.4987980769230769 0.4326923076923077 0.046875 0.06850961538461539
1 0.5372596153846154 0.4411057692307692 0.021634615384615384 0.02403846153846154
1 0.5564903846153846 0.44711538461538464 0.03125 0.03125
1 0.5949519230769231 0.4495192307692308 0.04326923076923077 0.038461538461538464
1 0.6550480769230769 0.4831730769230769 0.12139423076923077 0.10697115384615384
1 0.7199519230769231 0.4519230769230769 0.038461538461538464 0.040865384615384616
1 0.7776442307692307 0.46875 0.09014423076923077 0.09014423076923077
1 0.8365384615384616 0.46153846153846156 0.056490384615384616 0.07572115384615384
1 0.4266826923076923 0.44471153846153844 0.019230769230769232 0.03125
1 0.44711538461538464 0.44471153846153844 0.02403846153846154 0.027644230769230768