1 0.06490384615384616 0.47836538461538464 0.0829326923076923 0.078125
1 0.125 0.4651442307692308 0.06610576923076923 0.05889423076923077
4 0.13221153846153846 0.40865384615384615 0.1045673076923077 0.09134615384615384
1 0.22716346153846154 0.4567307692307692 0.0673076923076923 0.06610576923076923
4 0.3125 0.43028846153846156 0.052884615384615384 0.06850961538461539
4 0.36899038461538464 0.43028846153846156 0.046875 0.055288461538461536
4 0.40384615384615385 0.4266826923076923 0.026442307692307692 0.040865384615384616
1 0.2608173076923077 0.4519230769230769 0.021634615384615384 0.028846153846153848
4 0.46153846153846156 0.42788461538461536 0.05889423076923077 0.078125
1 0.5 0.4362980769230769 0.019230769230769232 0.021634615384615384
1 0.5204326923076923 0.44591346153846156 0.03485576923076923 0.028846153846153848
1 0.5709134615384616 0.44471153846153844 0.04807692307692308 0.046875
1 0.6502403846153846 0.48197115384615385 0.14182692307692307 0.11899038461538461
1 0.7548076923076923 0.4579326923076923 0.09014423076923077 0.09134615384615384
1 0.8112980769230769 0.4543269230769231 0.046875 0.056490384615384616
1 0.8966346153846154 0.47716346153846156 0.15625 0.13822115384615385