1 0.036057692307692304 0.47596153846153844 0.07211538461538461 0.09615384615384616
1 0.07932692307692307 0.4963942307692308 0.11298076923076923 0.10576923076923077
1 0.18870192307692307 0.46153846153846156 0.04326923076923077 0.037259615384615384
1 0.234375 0.46153846153846156 0.052884615384615384 0.05048076923076923
1 0.27524038461538464 0.46153846153846156 0.040865384615384616 0.05048076923076923
1 0.3125 0.4651442307692308 0.06610576923076923 0.0625
1 0.34975961538461536 0.4483173076923077 0.037259615384615384 0.037259615384615384
4 0.2776442307692308 0.4206730769230769 0.0985576923076923 0.06850961538461539
4 0.5012019230769231 0.43149038461538464 0.05048076923076923 0.078125
1 0.5384615384615384 0.4387019230769231 0.021634615384615384 0.025240384615384616
1 0.5612980769230769 0.4483173076923077 0.036057692307692304 0.03365384615384615
1 0.6081730769230769 0.44711538461538464 0.05048076923076923 0.046875
1 0.6899038461538461 0.4855769230769231 0.13221153846153846 0.11899038461538461
1 0.7956730769230769 0.45913461538461536 0.09014423076923077 0.09014423076923077
1 0.890625 0.4735576923076923 0.1310096153846154 0.11899038461538461
4 0.38100961538461536 0.4266826923076923 0.038461538461538464 0.04447115384615385
4 0.42908653846153844 0.43028846153846156 0.03245192307692308 0.037259615384615384