4 0.14423076923076922 0.4206730769230769 0.13942307692307693 0.14302884615384615
1 0.22355769230769232 0.44591346153846156 0.03125 0.03365384615384615
4 0.3293269230769231 0.43509615384615385 0.1502403846153846 0.16346153846153846
1 0.41346153846153844 0.45552884615384615 0.03245192307692308 0.06490384615384616
1 0.5096153846153846 0.4951923076923077 0.12860576923076922 0.1310096153846154
1 0.5612980769230769 0.4338942307692308 0.020432692307692308 0.027644230769230768
1 0.5709134615384616 0.43990384615384615 0.04567307692307692 0.03485576923076923
1 0.6418269230769231 0.46634615384615385 0.09975961538461539 0.09975961538461539
1 0.7379807692307693 0.45913461538461536 0.07692307692307693 0.07451923076923077
1 0.7872596153846154 0.44711538461538464 0.05889423076923077 0.06971153846153846
1 0.9350961538461539 0.5420673076923077 0.12620192307692307 0.27524038461538464