1 0.07451923076923077 0.48197115384615385 0.08413461538461539 0.08052884615384616
1 0.20673076923076922 0.46153846153846156 0.036057692307692304 0.038461538461538464
1 0.2800480769230769 0.46033653846153844 0.07451923076923077 0.06490384615384616
1 0.33653846153846156 0.4483173076923077 0.026442307692307692 0.028846153846153848
1 0.5120192307692307 0.4855769230769231 0.11057692307692307 0.11177884615384616
1 0.5552884615384616 0.44471153846153844 0.02403846153846154 0.025240384615384616
1 0.5745192307692307 0.44711538461538464 0.025240384615384616 0.03125
1 0.6237980769230769 0.46634615384615385 0.078125 0.09134615384615384
1 0.7175480769230769 0.4651442307692308 0.06370192307692307 0.06610576923076923
1 0.9158653846153846 0.5757211538461539 0.1658653846153846 0.3473557692307692
1 0.4110576923076923 0.4387019230769231 0.021634615384615384 0.021634615384615384
1 0.6658653846153846 0.4338942307692308 0.020432692307692308 0.02403846153846154
1 0.3233173076923077 0.44591346153846156 0.019230769230769232 0.025240384615384616