3 0.03365384615384615 0.47115384615384615 0.016826923076923076 0.04927884615384615
1 0.1141826923076923 0.47115384615384615 0.056490384615384616 0.046875
1 0.1466346153846154 0.45552884615384615 0.046875 0.040865384615384616
1 0.18269230769230768 0.4699519230769231 0.078125 0.07211538461538461
1 0.39783653846153844 0.43509615384615385 0.026442307692307692 0.019230769230769232
1 0.5168269230769231 0.47836538461538464 0.10336538461538461 0.10096153846153846
1 0.5637019230769231 0.44350961538461536 0.025240384615384616 0.027644230769230768
1 0.59375 0.4387019230769231 0.025240384615384616 0.025240384615384616
1 0.6262019230769231 0.46634615384615385 0.06971153846153846 0.08413461538461539
1 0.7271634615384616 0.46033653846153844 0.06370192307692307 0.06850961538461539
1 0.9122596153846154 0.5673076923076923 0.171875 0.33774038461538464
1 0.3137019230769231 0.4495192307692308 0.03485576923076923 0.03125
1 0.23798076923076922 0.46153846153846156 0.0673076923076923 0.08653846153846154
1 0.4519230769230769 0.42427884615384615 0.014423076923076924 0.018028846153846152
1 0.6862980769230769 0.43028846153846156 0.02403846153846154 0.025240384615384616
1 0.6598557692307693 0.4483173076923077 0.025240384615384616 0.04447115384615385