1 0.055288461538461536 0.4831730769230769 0.0889423076923077 0.06850961538461539
1 0.15985576923076922 0.4723557692307692 0.05889423076923077 0.05048076923076923
1 0.3786057692307692 0.4362980769230769 0.014423076923076924 0.018028846153846152
1 0.4074519230769231 0.43509615384615385 0.014423076923076924 0.015625
1 0.4230769230769231 0.43028846153846156 0.009615384615384616 0.01201923076923077
1 0.43028846153846156 0.43509615384615385 0.010817307692307692 0.013221153846153846
1 0.49038461538461536 0.47596153846153844 0.07692307692307693 0.08173076923076923
1 0.5192307692307693 0.453125 0.027644230769230768 0.04326923076923077
1 0.5492788461538461 0.44591346153846156 0.026442307692307692 0.028846153846153848
1 0.5853365384615384 0.46033653846153844 0.055288461538461536 0.056490384615384616
1 0.6213942307692307 0.4495192307692308 0.03125 0.038461538461538464
1 0.6838942307692307 0.4579326923076923 0.05048076923076923 0.052884615384615384
1 0.9122596153846154 0.5600961538461539 0.17307692307692307 0.29927884615384615
1 0.7355769230769231 0.44471153846153844 0.06971153846153846 0.037259615384615384
1 0.8040865384615384 0.43990384615384615 0.04567307692307692 0.037259615384615384