1 0.859375 0.4362980769230769 0.056490384615384616 0.04447115384615385
1 0.6322115384615384 0.4411057692307692 0.03245192307692308 0.03485576923076923
1 0.6790865384615384 0.4495192307692308 0.042067307692307696 0.046875
1 0.5877403846153846 0.45072115384615385 0.04807692307692308 0.052884615384615384
1 0.5060096153846154 0.46153846153846156 0.06971153846153846 0.06850961538461539
1 0.5600961538461539 0.4375 0.026442307692307692 0.027644230769230768
1 0.08533653846153846 0.47716346153846156 0.0829326923076923 0.06850961538461539
1 0.22355769230769232 0.4519230769230769 0.04326923076923077 0.040865384615384616
1 0.31009615384615385 0.44350961538461536 0.02403846153846154 0.027644230769230768
1 0.39783653846153844 0.43149038461538464 0.016826923076923076 0.015625
1 0.41466346153846156 0.43028846153846156 0.014423076923076924 0.015625
1 0.4338942307692308 0.43149038461538464 0.010817307692307692 0.015625
4 0.45913461538461536 0.4206730769230769 0.015625 0.021634615384615384