1 0.016826923076923076 0.47475961538461536 0.03365384615384615 0.04567307692307692
1 0.37740384615384615 0.43509615384615385 0.014423076923076924 0.013221153846153846
1 0.40024038461538464 0.4362980769230769 0.019230769230769232 0.018028846153846152
1 0.4206730769230769 0.42908653846153844 0.009615384615384616 0.013221153846153846
1 0.42788461538461536 0.43509615384615385 0.014423076923076924 0.013221153846153846
1 0.4891826923076923 0.4723557692307692 0.07211538461538461 0.078125
1 0.5192307692307693 0.45072115384615385 0.036057692307692304 0.040865384615384616
1 0.5516826923076923 0.44350961538461536 0.027644230769230768 0.03125
1 0.5865384615384616 0.45552884615384615 0.051682692307692304 0.06490384615384616
1 0.6237980769230769 0.44471153846153844 0.03485576923076923 0.038461538461538464
1 0.6790865384615384 0.45552884615384615 0.04807692307692308 0.05048076923076923
1 0.7512019230769231 0.44471153846153844 0.0829326923076923 0.040865384615384616
1 0.8665865384615384 0.43509615384615385 0.06129807692307692 0.040865384615384616
1 0.9122596153846154 0.5528846153846154 0.171875 0.3004807692307692