1 0.375 0.4326923076923077 0.019230769230769232 0.021634615384615384
1 0.390625 0.43509615384615385 0.019230769230769232 0.02403846153846154
1 0.421875 0.4338942307692308 0.015625 0.019230769230769232
1 0.49399038461538464 0.46634615384615385 0.06971153846153846 0.08413461538461539
1 0.5252403846153846 0.44591346153846156 0.030048076923076924 0.040865384615384616
1 0.5564903846153846 0.4387019230769231 0.025240384615384616 0.03365384615384615
1 0.5865384615384616 0.45072115384615385 0.052884615384615384 0.05889423076923077
1 0.6274038461538461 0.44471153846153844 0.03245192307692308 0.037259615384615384
1 0.6802884615384616 0.453125 0.046875 0.05889423076923077
1 0.7884615384615384 0.44591346153846156 0.1045673076923077 0.04927884615384615
1 0.9182692307692307 0.5588942307692307 0.16105769230769232 0.3088942307692308