1 0.3004807692307692 0.4483173076923077 0.03245192307692308 0.03365384615384615
1 0.3473557692307692 0.4375 0.020432692307692308 0.019230769230769232
1 0.36538461538461536 0.44350961538461536 0.021634615384615384 0.019230769230769232
1 0.4206730769230769 0.42788461538461536 0.015625 0.019230769230769232
1 0.5012019230769231 0.46274038461538464 0.07211538461538461 0.06610576923076923
1 0.5252403846153846 0.4483173076923077 0.030048076923076924 0.040865384615384616
1 0.5480769230769231 0.4362980769230769 0.020432692307692308 0.021634615384615384
1 0.5600961538461539 0.4423076923076923 0.02403846153846154 0.028846153846153848
1 0.5877403846153846 0.45552884615384615 0.04807692307692308 0.055288461538461536
1 0.6298076923076923 0.44350961538461536 0.03125 0.03485576923076923
1 0.6802884615384616 0.4519230769230769 0.04567307692307692 0.04927884615384615
1 0.7355769230769231 0.4326923076923077 0.030048076923076924 0.028846153846153848
1 0.9423076923076923 0.5576923076923077 0.109375 0.29447115384615385