1 0.027644230769230768 0.46875 0.055288461538461536 0.0625
2 0.09254807692307693 0.4675480769230769 0.014423076923076924 0.040865384615384616
4 0.1971153846153846 0.41947115384615385 0.11057692307692307 0.11778846153846154
1 0.30649038461538464 0.4495192307692308 0.04567307692307692 0.04326923076923077
1 0.3401442307692308 0.45072115384615385 0.026442307692307692 0.028846153846153848
1 0.3557692307692308 0.43990384615384615 0.027644230769230768 0.028846153846153848
1 0.5084134615384616 0.46153846153846156 0.057692307692307696 0.06610576923076923
1 0.5492788461538461 0.4411057692307692 0.016826923076923076 0.02403846153846154
1 0.5625 0.4411057692307692 0.025240384615384616 0.03125
1 0.5841346153846154 0.44471153846153844 0.04326923076923077 0.05048076923076923
1 0.625 0.43990384615384615 0.025240384615384616 0.027644230769230768
1 0.6466346153846154 0.44471153846153844 0.03245192307692308 0.037259615384615384
1 0.6742788461538461 0.44711538461538464 0.042067307692307696 0.04326923076923077
1 0.7175480769230769 0.45072115384615385 0.052884615384615384 0.052884615384615384
1 0.2824519230769231 0.4495192307692308 0.021634615384615384 0.027644230769230768
1 0.8353365384615384 0.42908653846153844 0.055288461538461536 0.056490384615384616
1 0.890625 0.4266826923076923 0.046875 0.06009615384615385
1 0.9362980769230769 0.41466346153846156 0.046875 0.04447115384615385
1 0.9795673076923077 0.4074519230769231 0.037259615384615384 0.03365384615384615
1 0.3786057692307692 0.43990384615384615 0.016826923076923076 0.019230769230769232
1 0.4026442307692308 0.4387019230769231 0.020432692307692308 0.018028846153846152