1 0.025240384615384616 0.47716346153846156 0.05048076923076923 0.06850961538461539
1 0.1658653846153846 0.46033653846153844 0.05048076923076923 0.040865384615384616
1 0.23317307692307693 0.4519230769230769 0.036057692307692304 0.037259615384615384
1 0.2644230769230769 0.45072115384615385 0.042067307692307696 0.038461538461538464
1 0.31971153846153844 0.44471153846153844 0.03125 0.03125
1 0.3425480769230769 0.4387019230769231 0.015625 0.021634615384615384
1 0.35216346153846156 0.43990384615384615 0.020432692307692308 0.019230769230769232
4 0.3798076923076923 0.41947115384615385 0.037259615384615384 0.046875
1 0.5096153846153846 0.45913461538461536 0.0625 0.0625
1 0.5588942307692307 0.43990384615384615 0.026442307692307692 0.03125
1 0.5769230769230769 0.44471153846153844 0.04567307692307692 0.05048076923076923
1 0.6153846153846154 0.43509615384615385 0.025240384615384616 0.025240384615384616
1 0.6310096153846154 0.43990384615384615 0.030048076923076924 0.03125
1 0.6526442307692307 0.44350961538461536 0.036057692307692304 0.038461538461538464
1 0.6971153846153846 0.44591346153846156 0.04326923076923077 0.04927884615384615
1 0.9495192307692307 0.44471153846153844 0.0985576923076923 0.056490384615384616
3 0.8413461538461539 0.4387019230769231 0.010817307692307692 0.04447115384615385
3 0.8521634615384616 0.43990384615384615 0.010817307692307692 0.04326923076923077
1 0.7223557692307693 0.4170673076923077 0.027644230769230768 0.025240384615384616
1 0.7536057692307693 0.41586538461538464 0.03125 0.019230769230769232
1 0.7872596153846154 0.41225961538461536 0.021634615384615384 0.019230769230769232
1 0.8197115384615384 0.4110576923076923 0.02403846153846154 0.021634615384615384