2 0.021634615384615384 0.47475961538461536 0.027644230769230768 0.05889423076923077
1 0.12980769230769232 0.46634615384615385 0.07211538461538461 0.05889423076923077
1 0.2127403846153846 0.46153846153846156 0.0625 0.052884615384615384
1 0.26802884615384615 0.4483173076923077 0.03245192307692308 0.040865384615384616
1 0.3173076923076923 0.44591346153846156 0.027644230769230768 0.028846153846153848
4 0.34975961538461536 0.42908653846153844 0.04567307692307692 0.06490384615384616
1 0.5096153846153846 0.46033653846153844 0.06370192307692307 0.06850961538461539
1 0.5588942307692307 0.4375 0.030048076923076924 0.03485576923076923
1 0.5793269230769231 0.4483173076923077 0.04567307692307692 0.04927884615384615
1 0.6165865384615384 0.4375 0.026442307692307692 0.027644230769230768
1 0.6358173076923077 0.4411057692307692 0.027644230769230768 0.03125
1 0.65625 0.44471153846153844 0.03485576923076923 0.04447115384615385
1 0.7043269230769231 0.45072115384615385 0.04807692307692308 0.05048076923076923
3 0.9387019230769231 0.4423076923076923 0.015625 0.056490384615384616
3 0.9543269230769231 0.44471153846153844 0.014423076923076924 0.056490384615384616
2 0.29086538461538464 0.4483173076923077 0.009615384615384616 0.021634615384615384
1 0.7487980769230769 0.4182692307692308 0.03245192307692308 0.027644230769230768
1 0.7884615384615384 0.4170673076923077 0.03245192307692308 0.028846153846153848
1 0.8233173076923077 0.41346153846153844 0.03125 0.025240384615384616
1 0.859375 0.4110576923076923 0.027644230769230768 0.025240384615384616
1 0.8918269230769231 0.41346153846153844 0.025240384615384616 0.015625
1 0.4098557692307692 0.4326923076923077 0.026442307692307692 0.018028846153846152
1 0.3762019230769231 0.4362980769230769 0.014423076923076924 0.018028846153846152