1 0.03245192307692308 0.4807692307692308 0.06370192307692307 0.06610576923076923
1 0.18629807692307693 0.4579326923076923 0.038461538461538464 0.037259615384615384
1 0.22596153846153846 0.4567307692307692 0.042067307692307696 0.03485576923076923
1 0.25841346153846156 0.45072115384615385 0.036057692307692304 0.03365384615384615
1 0.29086538461538464 0.44711538461538464 0.03125 0.027644230769230768
1 0.32211538461538464 0.44350961538461536 0.03125 0.03125
1 0.3449519230769231 0.43990384615384615 0.020432692307692308 0.02403846153846154
1 0.3629807692307692 0.4411057692307692 0.021634615384615384 0.02403846153846154
4 0.39663461538461536 0.41947115384615385 0.030048076923076924 0.046875
1 0.5060096153846154 0.46274038461538464 0.06370192307692307 0.06971153846153846
1 0.5552884615384616 0.4387019230769231 0.025240384615384616 0.028846153846153848
1 0.5745192307692307 0.44711538461538464 0.042067307692307696 0.05048076923076923
1 0.6069711538461539 0.4362980769230769 0.020432692307692308 0.025240384615384616
1 0.6213942307692307 0.43990384615384615 0.025240384615384616 0.025240384615384616
1 0.6466346153846154 0.44350961538461536 0.037259615384615384 0.038461538461538464
1 0.6875 0.4495192307692308 0.05048076923076923 0.046875
3 0.7764423076923077 0.43509615384615385 0.009615384615384616 0.038461538461538464
3 0.7872596153846154 0.4387019230769231 0.007211538461538462 0.037259615384615384
1 0.8677884615384616 0.4362980769230769 0.09735576923076923 0.040865384615384616
1 0.6983173076923077 0.41947115384615385 0.03125 0.019230769230769232
1 0.7247596153846154 0.41586538461538464 0.025240384615384616 0.019230769230769232
1 0.7548076923076923 0.41466346153846156 0.021634615384615384 0.018028846153846152
1 0.78125 0.41346153846153844 0.021634615384615384 0.018028846153846152
1 0.8088942307692307 0.4170673076923077 0.019230769230769232 0.013221153846153846