1 0.16346153846153846 0.45552884615384615 0.042067307692307696 0.03365384615384615
1 0.265625 0.4495192307692308 0.03485576923076923 0.03485576923076923
1 0.33052884615384615 0.4423076923076923 0.036057692307692304 0.028846153846153848
1 0.35096153846153844 0.4387019230769231 0.015625 0.025240384615384616
1 0.36899038461538464 0.4362980769230769 0.026442307692307692 0.025240384615384616
1 0.38822115384615385 0.43509615384615385 0.02403846153846154 0.027644230769230768
1 0.4098557692307692 0.4338942307692308 0.019230769230769232 0.02403846153846154
1 0.5072115384615384 0.4579326923076923 0.06610576923076923 0.07211538461538461
1 0.5300480769230769 0.4375 0.027644230769230768 0.038461538461538464
1 0.5564903846153846 0.4338942307692308 0.02403846153846154 0.03485576923076923
1 0.5829326923076923 0.4483173076923077 0.04326923076923077 0.056490384615384616
1 0.6213942307692307 0.43509615384615385 0.025240384615384616 0.028846153846153848
1 0.6466346153846154 0.43990384615384615 0.03245192307692308 0.03485576923076923
1 0.6838942307692307 0.44471153846153844 0.046875 0.05048076923076923
3 0.8737980769230769 0.43509615384615385 0.021634615384615384 0.0625
1 0.7668269230769231 0.4326923076923077 0.06850961538461539 0.03365384615384615
4 0.43028846153846156 0.4206730769230769 0.025240384615384616 0.03365384615384615
3 0.7115384615384616 0.43028846153846156 0.006009615384615385 0.028846153846153848
3 0.7175480769230769 0.4326923076923077 0.006009615384615385 0.028846153846153848
1 0.6706730769230769 0.4182692307692308 0.02403846153846154 0.02403846153846154
1 0.6935096153846154 0.41586538461538464 0.020432692307692308 0.019230769230769232
1 0.7163461538461539 0.41466346153846156 0.016826923076923076 0.018028846153846152
1 0.7403846153846154 0.41466346153846156 0.020432692307692308 0.021634615384615384