1 0.20673076923076922 0.45552884615384615 0.03485576923076923 0.03485576923076923
1 0.3137019230769231 0.44350961538461536 0.025240384615384616 0.027644230769230768
1 0.3557692307692308 0.4362980769230769 0.015625 0.021634615384615384
1 0.3954326923076923 0.4375 0.027644230769230768 0.027644230769230768
1 0.5036057692307693 0.46153846153846156 0.0673076923076923 0.06971153846153846
1 0.5564903846153846 0.4375 0.027644230769230768 0.03485576923076923
1 0.5817307692307693 0.44711538461538464 0.046875 0.05889423076923077
1 0.6153846153846154 0.43509615384615385 0.02403846153846154 0.02403846153846154
1 0.6394230769230769 0.43990384615384615 0.03485576923076923 0.037259615384615384
1 0.6814903846153846 0.44711538461538464 0.04567307692307692 0.046875
1 0.7367788461538461 0.43028846153846156 0.06971153846153846 0.03125
3 0.8052884615384616 0.4326923076923077 0.014423076923076924 0.04447115384615385
4 0.4362980769230769 0.4182692307692308 0.02403846153846154 0.03485576923076923
1 0.6538461538461539 0.41947115384615385 0.02403846153846154 0.019230769230769232
1 0.6778846153846154 0.4182692307692308 0.02403846153846154 0.019230769230769232
1 0.6971153846153846 0.41346153846153844 0.014423076923076924 0.015625
1 0.7175480769230769 0.41346153846153844 0.015625 0.015625