1 0.23918269230769232 0.45072115384615385 0.03125 0.03125
1 0.3473557692307692 0.4411057692307692 0.021634615384615384 0.027644230769230768
1 0.3786057692307692 0.4387019230769231 0.015625 0.025240384615384616
1 0.3954326923076923 0.4387019230769231 0.019230769230769232 0.021634615384615384
1 0.5012019230769231 0.46274038461538464 0.06370192307692307 0.06971153846153846
1 0.5576923076923077 0.4375 0.03125 0.03485576923076923
1 0.5853365384615384 0.45072115384615385 0.04807692307692308 0.052884615384615384
1 0.6129807692307693 0.43990384615384615 0.021634615384615384 0.027644230769230768
1 0.6382211538461539 0.44471153846153844 0.036057692307692304 0.037259615384615384
1 0.6814903846153846 0.4483173076923077 0.04326923076923077 0.04447115384615385
3 0.7596153846153846 0.4338942307692308 0.015625 0.04326923076923077
1 0.41225961538461536 0.43509615384615385 0.015625 0.021634615384615384
4 0.44350961538461536 0.421875 0.021634615384615384 0.027644230769230768
1 0.6442307692307693 0.4206730769230769 0.015625 0.018028846153846152
1 0.6634615384615384 0.41947115384615385 0.016826923076923076 0.019230769230769232
1 0.6826923076923077 0.4182692307692308 0.01201923076923077 0.015625