1 0.05048076923076923 0.47836538461538464 0.04807692307692308 0.05048076923076923
1 0.09014423076923077 0.4723557692307692 0.057692307692307696 0.055288461538461536
1 0.15745192307692307 0.46634615384615385 0.042067307692307696 0.04927884615384615
1 0.19110576923076922 0.4651442307692308 0.056490384615384616 0.05048076923076923
1 0.24759615384615385 0.46274038461538464 0.055288461538461536 0.055288461538461536
1 0.2920673076923077 0.4567307692307692 0.03125 0.03485576923076923
1 0.328125 0.4519230769230769 0.040865384615384616 0.03365384615384615
0 0.3629807692307692 0.4423076923076923 0.025240384615384616 0.03365384615384615
1 0.38822115384615385 0.4362980769230769 0.02403846153846154 0.025240384615384616
1 0.5036057692307693 0.46153846153846156 0.06129807692307692 0.056490384615384616
1 0.5625 0.44350961538461536 0.027644230769230768 0.03485576923076923
1 0.5925480769230769 0.4519230769230769 0.04567307692307692 0.052884615384615384
1 0.6418269230769231 0.44471153846153844 0.03245192307692308 0.03125
1 0.6730769230769231 0.4483173076923077 0.042067307692307696 0.04447115384615385
1 0.71875 0.4519230769230769 0.046875 0.04927884615384615
1 0.7487980769230769 0.46033653846153844 0.06610576923076923 0.06009615384615385
1 0.4170673076923077 0.43990384615384615 0.019230769230769232 0.019230769230769232
4 0.42908653846153844 0.4326923076923077 0.02403846153846154 0.028846153846153848
1 0.4651442307692308 0.4411057692307692 0.020432692307692308 0.019230769230769232