1 0.2283653846153846 0.4519230769230769 0.030048076923076924 0.03365384615384615
1 0.2536057692307692 0.4579326923076923 0.04807692307692308 0.037259615384615384
1 0.3269230769230769 0.45072115384615385 0.037259615384615384 0.03125
1 0.35336538461538464 0.45072115384615385 0.026442307692307692 0.025240384615384616
1 0.38221153846153844 0.4483173076923077 0.025240384615384616 0.025240384615384616
4 0.3954326923076923 0.4362980769230769 0.027644230769230768 0.03365384615384615
0 0.1875 0.46153846153846156 0.07211538461538461 0.07572115384615384
1 0.08533653846153846 0.47115384615384615 0.09254807692307693 0.078125
1 0.46875 0.44471153846153844 0.027644230769230768 0.027644230769230768
1 0.5060096153846154 0.4651442307692308 0.0625 0.06610576923076923
1 0.5612980769230769 0.44471153846153844 0.027644230769230768 0.037259615384615384
1 0.5901442307692307 0.4495192307692308 0.04807692307692308 0.05048076923076923
1 0.6586538461538461 0.4423076923076923 0.03245192307692308 0.03365384615384615
1 0.7091346153846154 0.45072115384615385 0.05048076923076923 0.05048076923076923
1 0.8245192307692307 0.453125 0.052884615384615384 0.0625
1 0.8725961538461539 0.46153846153846156 0.07692307692307693 0.07572115384615384
1 0.41466346153846156 0.43990384615384615 0.016826923076923076 0.021634615384615384
1 0.44350961538461536 0.44471153846153844 0.019230769230769232 0.02403846153846154