1 0.15625 0.46274038461538464 0.046875 0.046875
1 0.2247596153846154 0.46153846153846156 0.04807692307692308 0.046875
1 0.2860576923076923 0.4639423076923077 0.0625 0.06490384615384616
1 0.38822115384615385 0.43990384615384615 0.014423076923076924 0.018028846153846152
1 0.43028846153846156 0.43509615384615385 0.026442307692307692 0.02403846153846154
1 0.5168269230769231 0.46153846153846156 0.0673076923076923 0.07211538461538461
1 0.5877403846153846 0.4495192307692308 0.04326923076923077 0.046875
1 0.7487980769230769 0.4519230769230769 0.052884615384615384 0.052884615384615384
3 0.7848557692307693 0.43509615384615385 0.014423076923076924 0.03485576923076923
1 0.8497596153846154 0.4795673076923077 0.125 0.11538461538461539
1 0.5456730769230769 0.4387019230769231 0.019230769230769232 0.025240384615384616