1 0.04326923076923077 0.47475961538461536 0.08653846153846154 0.07451923076923077
1 0.11538461538461539 0.46634615384615385 0.04807692307692308 0.04447115384615385
1 0.20432692307692307 0.46153846153846156 0.04326923076923077 0.037259615384615384
1 0.5108173076923077 0.45552884615384615 0.052884615384615384 0.056490384615384616
1 0.5408653846153846 0.44471153846153844 0.026442307692307692 0.037259615384615384
1 0.5625 0.4423076923076923 0.025240384615384616 0.028846153846153848
1 0.6129807692307693 0.44350961538461536 0.03125 0.038461538461538464
1 0.6971153846153846 0.4579326923076923 0.0673076923076923 0.06490384615384616
1 0.8269230769230769 0.4567307692307692 0.0733173076923077 0.07451923076923077
1 0.9002403846153846 0.5697115384615384 0.19471153846153846 0.3473557692307692
3 0.36177884615384615 0.44471153846153844 0.007211538461538462 0.018028846153846152
4 0.38100961538461536 0.43990384615384615 0.014423076923076924 0.018028846153846152