1 0.14423076923076922 0.45072115384615385 0.051682692307692304 0.037259615384615384
1 0.2247596153846154 0.44711538461538464 0.052884615384615384 0.03485576923076923
1 0.3269230769230769 0.4375 0.016826923076923076 0.015625
1 0.3389423076923077 0.4362980769230769 0.01201923076923077 0.013221153846153846
0 0.3557692307692308 0.42788461538461536 0.027644230769230768 0.03125
1 0.3713942307692308 0.4326923076923077 0.006009615384615385 0.009615384615384616
1 0.38221153846153844 0.43509615384615385 0.01201923076923077 0.013221153846153846
1 0.3942307692307692 0.4326923076923077 0.010817307692307692 0.013221153846153846
1 0.4098557692307692 0.43028846153846156 0.01201923076923077 0.013221153846153846
1 0.48677884615384615 0.47596153846153844 0.12980769230769232 0.13822115384615385
1 0.5456730769230769 0.4326923076923077 0.020432692307692308 0.025240384615384616
1 0.5637019230769231 0.43509615384615385 0.030048076923076924 0.04447115384615385
1 0.5877403846153846 0.43990384615384615 0.04807692307692308 0.05048076923076923
1 0.6334134615384616 0.44471153846153844 0.057692307692307696 0.05889423076923077
1 0.6911057692307693 0.4387019230769231 0.04567307692307692 0.052884615384615384
1 0.7608173076923077 0.4519230769230769 0.07451923076923077 0.07211538461538461
1 0.9651442307692307 0.4735576923076923 0.0673076923076923 0.1502403846153846