1 0.9519230769230769 0.484375 0.08774038461538461 0.14903846153846154
3 0.8137019230769231 0.43509615384615385 0.014423076923076924 0.04326923076923077
1 0.6766826923076923 0.4423076923076923 0.04326923076923077 0.04927884615384615
1 0.7043269230769231 0.45552884615384615 0.05889423076923077 0.0625
1 0.6334134615384616 0.43990384615384615 0.02403846153846154 0.03125
1 0.6081730769230769 0.44591346153846156 0.042067307692307696 0.04927884615384615
1 0.5721153846153846 0.43990384615384615 0.03245192307692308 0.040865384615384616
1 0.5456730769230769 0.4411057692307692 0.025240384615384616 0.038461538461538464
1 0.4951923076923077 0.4723557692307692 0.09975961538461539 0.109375
1 0.28125 0.44471153846153844 0.025240384615384616 0.027644230769230768
1 0.3401442307692308 0.4411057692307692 0.030048076923076924 0.02403846153846154
1 0.3557692307692308 0.4411057692307692 0.009615384615384616 0.01201923076923077
1 0.36538461538461536 0.44350961538461536 0.01201923076923077 0.015625
0 0.3786057692307692 0.43149038461538464 0.02403846153846154 0.027644230769230768
1 0.3918269230769231 0.4375 0.007211538461538462 0.01201923076923077
1 0.4014423076923077 0.4387019230769231 0.009615384615384616 0.013221153846153846