1 0.8605769230769231 0.4579326923076923 0.07451923076923077 0.06850961538461539
1 0.7668269230769231 0.47115384615384615 0.10817307692307693 0.09375
1 0.6778846153846154 0.45552884615384615 0.07692307692307693 0.078125
1 0.6334134615384616 0.44471153846153844 0.04807692307692308 0.06490384615384616
1 0.5192307692307693 0.5384615384615384 0.23918269230769232 0.26322115384615385
1 0.3245192307692308 0.44711538461538464 0.016826923076923076 0.019230769230769232
1 0.33653846153846156 0.44591346153846156 0.007211538461538462 0.013221153846153846
1 0.34375 0.44591346153846156 0.006009615384615385 0.018028846153846152
0 0.359375 0.4326923076923077 0.03485576923076923 0.040865384615384616
1 0.38100961538461536 0.4423076923076923 0.009615384615384616 0.013221153846153846
1 0.39302884615384615 0.43990384615384615 0.016826923076923076 0.018028846153846152
1 0.40625 0.43990384615384615 0.01201923076923077 0.013221153846153846
1 0.4254807692307692 0.4387019230769231 0.019230769230769232 0.018028846153846152