1 0.9495192307692307 0.5336538461538461 0.0985576923076923 0.20552884615384615
1 0.8293269230769231 0.4699519230769231 0.09975961538461539 0.08774038461538461
1 0.78125 0.45072115384615385 0.04326923076923077 0.055288461538461536
1 0.7560096153846154 0.44350961538461536 0.03125 0.055288461538461536
1 0.7259615384615384 0.44711538461538464 0.04567307692307692 0.0625
1 0.6802884615384616 0.45913461538461536 0.08653846153846154 0.09014423076923077
1 0.5276442307692307 0.5673076923076923 0.296875 0.33052884615384615
1 0.28125 0.44591346153846156 0.025240384615384616 0.021634615384615384
1 0.2956730769230769 0.44711538461538464 0.010817307692307692 0.015625
0 0.31850961538461536 0.43028846153846156 0.040865384615384616 0.040865384615384616
1 0.3425480769230769 0.4411057692307692 0.01201923076923077 0.015625
1 0.3557692307692308 0.4387019230769231 0.019230769230769232 0.018028846153846152
1 0.36538461538461536 0.43509615384615385 0.016826923076923076 0.015625
1 0.3786057692307692 0.43509615384615385 0.01201923076923077 0.013221153846153846
1 0.3942307692307692 0.4375 0.021634615384615384 0.015625
1 0.40384615384615385 0.4338942307692308 0.010817307692307692 0.01201923076923077
1 0.09014423076923077 0.43509615384615385 0.030048076923076924 0.019230769230769232
1 0.11298076923076923 0.43990384615384615 0.027644230769230768 0.02403846153846154