1 0.3317307692307692 0.4423076923076923 0.02403846153846154 0.018028846153846152
1 0.34615384615384615 0.44471153846153844 0.010817307692307692 0.018028846153846152
0 0.36899038461538464 0.42788461538461536 0.037259615384615384 0.04326923076923077
1 0.3918269230769231 0.4375 0.007211538461538462 0.015625
1 0.4050480769230769 0.4362980769230769 0.019230769230769232 0.018028846153846152
1 0.4170673076923077 0.43149038461538464 0.019230769230769232 0.015625
1 0.4375 0.43509615384615385 0.019230769230769232 0.019230769230769232
1 0.45072115384615385 0.4326923076923077 0.010817307692307692 0.013221153846153846
1 0.9711538461538461 0.45072115384615385 0.055288461538461536 0.06971153846153846
1 0.8401442307692307 0.4723557692307692 0.10336538461538461 0.10096153846153846
1 0.7860576923076923 0.44350961538461536 0.037259615384615384 0.05048076923076923
1 0.7584134615384616 0.4483173076923077 0.036057692307692304 0.06009615384615385
1 0.7163461538461539 0.45552884615384615 0.07932692307692307 0.08413461538461539
1 0.6730769230769231 0.44350961538461536 0.051682692307692304 0.0625
1 0.5625 0.5480769230769231 0.265625 0.29447115384615385