1 0.17908653846153846 0.46033653846153844 0.042067307692307696 0.03365384615384615
1 0.22115384615384615 0.45552884615384615 0.03245192307692308 0.025240384615384616
1 0.2536057692307692 0.453125 0.025240384615384616 0.019230769230769232
1 0.2824519230769231 0.4483173076923077 0.03245192307692308 0.025240384615384616
0 0.29927884615384615 0.4338942307692308 0.04567307692307692 0.04326923076923077
1 0.31971153846153844 0.44591346153846156 0.025240384615384616 0.018028846153846152
1 0.7415865384615384 0.47716346153846156 0.10096153846153846 0.1310096153846154
1 0.8185096153846154 0.5048076923076923 0.12620192307692307 0.1622596153846154
1 0.9098557692307693 0.5552884615384616 0.1778846153846154 0.32211538461538464
1 0.5456730769230769 0.6442307692307693 0.453125 0.4963942307692308
1 0.34975961538461536 0.43990384615384615 0.027644230769230768 0.025240384615384616
2 0.07091346153846154 0.46875 0.020432692307692308 0.038461538461538464
2 0.15144230769230768 0.46033653846153844 0.01201923076923077 0.037259615384615384