2 0.20432692307692307 0.4567307692307692 0.01201923076923077 0.03485576923076923
1 0.24158653846153846 0.4567307692307692 0.026442307692307692 0.03125
1 0.2704326923076923 0.45552884615384615 0.021634615384615384 0.025240384615384616
0 0.29447115384615385 0.4375 0.042067307692307696 0.046875
1 0.3233173076923077 0.44711538461538464 0.019230769230769232 0.02403846153846154
1 0.3401442307692308 0.44711538461538464 0.019230769230769232 0.019230769230769232
1 0.3629807692307692 0.44350961538461536 0.020432692307692308 0.019230769230769232
1 0.39302884615384615 0.46153846153846156 0.04807692307692308 0.06490384615384616
1 0.5168269230769231 0.5721153846153846 0.2980769230769231 0.3317307692307692
1 0.8665865384615384 0.5252403846153846 0.2644230769230769 0.24278846153846154
1 0.7451923076923077 0.4951923076923077 0.09014423076923077 0.1310096153846154
1 0.6899038461538461 0.47475961538461536 0.10817307692307693 0.109375
1 0.6430288461538461 0.45913461538461536 0.06370192307692307 0.08173076923076923