1 0.8737980769230769 0.5300480769230769 0.25 0.25961538461538464
1 0.7632211538461539 0.49399038461538464 0.1045673076923077 0.13701923076923078
1 0.7043269230769231 0.47596153846153844 0.11538461538461539 0.11298076923076923
1 0.5228365384615384 0.5841346153846154 0.3233173076923077 0.3557692307692308
3 0.21033653846153846 0.45552884615384615 0.007211538461538462 0.028846153846153848
1 0.23557692307692307 0.4579326923076923 0.027644230769230768 0.025240384615384616
1 0.25240384615384615 0.4567307692307692 0.010817307692307692 0.02403846153846154
1 0.2704326923076923 0.45552884615384615 0.021634615384615384 0.021634615384615384
0 0.2980769230769231 0.4387019230769231 0.04326923076923077 0.04447115384615385
1 0.32211538461538464 0.44711538461538464 0.020432692307692308 0.019230769230769232
1 0.34134615384615385 0.4495192307692308 0.020432692307692308 0.019230769230769232
1 0.3605769230769231 0.44711538461538464 0.021634615384615384 0.019230769230769232
1 0.3762019230769231 0.44471153846153844 0.010817307692307692 0.015625
1 0.3870192307692308 0.44471153846153844 0.01201923076923077 0.015625
1 0.6550480769230769 0.46033653846153844 0.06129807692307692 0.08052884615384616