0 0.18870192307692307 0.4387019230769231 0.0889423076923077 0.08052884615384616
1 0.10817307692307693 0.4651442307692308 0.08774038461538461 0.046875
1 0.3088942307692308 0.4495192307692308 0.03125 0.02403846153846154
1 0.34375 0.44471153846153844 0.03125 0.019230769230769232
1 0.36899038461538464 0.44471153846153844 0.019230769230769232 0.013221153846153846
1 0.3858173076923077 0.44350961538461536 0.015625 0.015625
1 0.02403846153846154 0.47716346153846156 0.04807692307692308 0.052884615384615384
1 0.8509615384615384 0.4675480769230769 0.09254807692307693 0.09134615384615384
1 0.9026442307692307 0.5228365384615384 0.18629807692307693 0.18509615384615385
1 0.5877403846153846 0.6850961538461539 0.5432692307692307 0.5901442307692307
1 0.2439903846153846 0.4543269230769231 0.038461538461538464 0.025240384615384616