1 0.1201923076923077 0.4795673076923077 0.052884615384615384 0.040865384615384616
1 0.18028846153846154 0.4675480769230769 0.057692307692307696 0.052884615384615384
1 0.21875 0.4699519230769231 0.025240384615384616 0.028846153846153848
1 0.24278846153846154 0.4639423076923077 0.026442307692307692 0.03365384615384615
1 0.27163461538461536 0.4675480769230769 0.025240384615384616 0.03365384615384615
1 0.3858173076923077 0.4519230769230769 0.03125 0.028846153846153848
1 0.31850961538461536 0.4411057692307692 0.026442307692307692 0.015625
1 0.29927884615384615 0.44471153846153844 0.026442307692307692 0.015625
1 0.9014423076923077 0.5228365384615384 0.1935096153846154 0.2091346153846154
1 0.7752403846153846 0.49278846153846156 0.09495192307692307 0.10576923076923077
1 0.59375 0.6009615384615384 0.33774038461538464 0.36899038461538464
1 0.3112980769230769 0.46153846153846156 0.040865384615384616 0.028846153846153848
1 0.46274038461538464 0.46153846153846156 0.036057692307692304 0.040865384615384616