1 0.07211538461538461 0.5228365384615384 0.13942307692307693 0.16947115384615385
1 0.171875 0.47596153846153844 0.06610576923076923 0.04927884615384615
1 0.21634615384615385 0.46634615384615385 0.036057692307692304 0.040865384615384616
4 0.30528846153846156 0.4495192307692308 0.08173076923076923 0.09014423076923077
1 0.5036057692307693 0.515625 0.1622596153846154 0.171875
1 0.8978365384615384 0.4675480769230769 0.07932692307692307 0.056490384615384616
1 0.7848557692307693 0.5072115384615384 0.18028846153846154 0.15985576923076922
1 0.6081730769230769 0.46634615384615385 0.051682692307692304 0.06610576923076923
1 0.6802884615384616 0.4855769230769231 0.07692307692307693 0.08052884615384616
1 0.25600961538461536 0.4651442307692308 0.015625 0.038461538461538464
1 0.3557692307692308 0.4579326923076923 0.020432692307692308 0.04927884615384615
1 0.3942307692307692 0.4495192307692308 0.01201923076923077 0.019230769230769232
1 0.3798076923076923 0.45072115384615385 0.01201923076923077 0.02403846153846154
1 0.36899038461538464 0.45913461538461536 0.015625 0.038461538461538464