1 0.9423076923076923 0.53125 0.11298076923076923 0.2536057692307692
1 0.7536057692307693 0.47716346153846156 0.10096153846153846 0.09134615384615384
1 0.6790865384615384 0.4543269230769231 0.03245192307692308 0.037259615384615384
1 0.6418269230769231 0.46274038461538464 0.06129807692307692 0.05889423076923077
1 0.6153846153846154 0.45552884615384615 0.03125 0.056490384615384616
1 0.5853365384615384 0.453125 0.030048076923076924 0.038461538461538464
1 0.5324519230769231 0.45913461538461536 0.038461538461538464 0.05048076923076923
1 0.4735576923076923 0.4963942307692308 0.12860576923076922 0.140625
1 0.3954326923076923 0.44711538461538464 0.03125 0.03125
1 0.36658653846153844 0.45552884615384615 0.020432692307692308 0.027644230769230768
1 0.3269230769230769 0.4579326923076923 0.027644230769230768 0.040865384615384616
1 0.28725961538461536 0.45552884615384615 0.06610576923076923 0.05048076923076923
1 0.24158653846153846 0.4675480769230769 0.051682692307692304 0.04927884615384615
1 0.17668269230769232 0.46153846153846156 0.08413461538461539 0.07572115384615384
1 0.11778846153846154 0.4795673076923077 0.06971153846153846 0.06850961538461539
0 0.04567307692307692 0.45072115384615385 0.09014423076923077 0.25721153846153844