1 0.05889423076923077 0.5036057692307693 0.11778846153846154 0.12259615384615384
1 0.23197115384615385 0.453125 0.038461538461538464 0.03125
1 0.265625 0.453125 0.037259615384615384 0.019230769230769232
1 0.38461538461538464 0.48197115384615385 0.10817307692307693 0.11778846153846154
1 0.4387019230769231 0.45552884615384615 0.03245192307692308 0.052884615384615384
1 0.4699519230769231 0.44350961538461536 0.021634615384615384 0.03125
1 0.4987980769230769 0.4519230769230769 0.042067307692307696 0.04927884615384615
1 0.5228365384615384 0.45072115384615385 0.026442307692307692 0.038461538461538464
1 0.5697115384615384 0.4567307692307692 0.06610576923076923 0.06610576923076923
1 0.6045673076923077 0.45072115384615385 0.03485576923076923 0.05889423076923077
1 0.6346153846153846 0.45072115384615385 0.040865384615384616 0.040865384615384616
1 0.6598557692307693 0.44591346153846156 0.026442307692307692 0.037259615384615384
1 0.7199519230769231 0.47596153846153844 0.10817307692307693 0.09375
1 0.7740384615384616 0.46153846153846156 0.056490384615384616 0.07211538461538461
1 0.9254807692307693 0.53125 0.14543269230769232 0.25721153846153844