1 0.9206730769230769 0.5228365384615384 0.15504807692307693 0.24759615384615385
1 0.7644230769230769 0.45552884615384615 0.04807692307692308 0.0625
1 0.7175480769230769 0.47115384615384615 0.10096153846153846 0.08774038461538461
1 0.6598557692307693 0.4411057692307692 0.021634615384615384 0.03485576923076923
1 0.6418269230769231 0.44471153846153844 0.030048076923076924 0.038461538461538464
1 0.6081730769230769 0.45072115384615385 0.06129807692307692 0.0625
1 0.546875 0.4411057692307692 0.027644230769230768 0.03125
1 0.5024038461538461 0.4495192307692308 0.042067307692307696 0.046875
1 0.4675480769230769 0.4411057692307692 0.02403846153846154 0.027644230769230768
1 0.3894230769230769 0.484375 0.11538461538461539 0.125
1 0.3269230769230769 0.4483173076923077 0.036057692307692304 0.03365384615384615
1 0.2692307692307692 0.44591346153846156 0.06129807692307692 0.04447115384615385
1 0.21754807692307693 0.4567307692307692 0.06129807692307692 0.046875
1 0.17067307692307693 0.46274038461538464 0.0733173076923077 0.05048076923076923
1 0.08413461538461539 0.46033653846153844 0.11899038461538461 0.06850961538461539
1 0.021634615384615384 0.47475961538461536 0.04326923076923077 0.06971153846153846
1 0.5805288461538461 0.4411057692307692 0.030048076923076924 0.03485576923076923