1 0.9411057692307693 0.53125 0.1141826923076923 0.25
1 0.7403846153846154 0.4795673076923077 0.1045673076923077 0.09134615384615384
1 0.6634615384615384 0.45552884615384615 0.03485576923076923 0.038461538461538464
1 0.6310096153846154 0.4651442307692308 0.057692307692307696 0.0625
1 0.5697115384615384 0.45072115384615385 0.03245192307692308 0.03485576923076923
1 0.5144230769230769 0.45913461538461536 0.042067307692307696 0.05048076923076923
1 0.43990384615384615 0.4963942307692308 0.11778846153846154 0.13701923076923078
1 0.3629807692307692 0.45072115384615385 0.03485576923076923 0.03365384615384615
1 0.32091346153846156 0.4579326923076923 0.026442307692307692 0.028846153846153848
1 0.2860576923076923 0.4567307692307692 0.05048076923076923 0.046875
1 0.25600961538461536 0.4639423076923077 0.040865384615384616 0.04447115384615385
1 0.20192307692307693 0.46634615384615385 0.09014423076923077 0.07572115384615384
1 0.11899038461538461 0.4807692307692308 0.08173076923076923 0.06610576923076923
1 0.038461538461538464 0.47836538461538464 0.07692307692307693 0.1201923076923077