1 0.9699519230769231 0.47716346153846156 0.056490384615384616 0.11177884615384616
1 0.7439903846153846 0.4831730769230769 0.12980769230769232 0.11899038461538461
1 0.6983173076923077 0.4675480769230769 0.07451923076923077 0.08052884615384616
1 0.6538461538461539 0.4483173076923077 0.04807692307692308 0.04927884615384615
1 0.5564903846153846 0.46153846153846156 0.07451923076923077 0.08052884615384616
1 0.5264423076923077 0.4543269230769231 0.040865384615384616 0.06850961538461539
1 0.4879807692307692 0.4483173076923077 0.055288461538461536 0.04927884615384615
1 0.453125 0.43990384615384615 0.021634615384615384 0.03365384615384615
1 0.4206730769230769 0.45072115384615385 0.03485576923076923 0.04447115384615385
1 0.3762019230769231 0.4675480769230769 0.07451923076923077 0.08413461538461539
1 0.33653846153846156 0.44591346153846156 0.020432692307692308 0.021634615384615384
4 0.2848557692307692 0.4423076923076923 0.026442307692307692 0.040865384615384616
1 0.24639423076923078 0.44591346153846156 0.021634615384615384 0.021634615384615384
1 0.265625 0.44591346153846156 0.015625 0.018028846153846152
1 0.3161057692307692 0.44471153846153844 0.020432692307692308 0.015625
2 0.6033653846153846 0.4362980769230769 0.009615384615384616 0.021634615384615384
2 0.6346153846153846 0.4362980769230769 0.01201923076923077 0.021634615384615384