1 0.9459134615384616 0.5372596153846154 0.1045673076923077 0.2692307692307692
1 0.7716346153846154 0.46634615384615385 0.0625 0.08052884615384616
1 0.7091346153846154 0.47836538461538464 0.10576923076923077 0.09735576923076923
1 0.6622596153846154 0.45072115384615385 0.037259615384615384 0.040865384615384616
1 0.6213942307692307 0.4519230769230769 0.027644230769230768 0.040865384615384616
1 0.5925480769230769 0.453125 0.04567307692307692 0.0625
1 0.546875 0.46153846153846156 0.056490384615384616 0.06610576923076923
1 0.5024038461538461 0.453125 0.038461538461538464 0.046875
1 0.47475961538461536 0.44591346153846156 0.026442307692307692 0.028846153846153848
1 0.4387019230769231 0.45552884615384615 0.037259615384615384 0.05048076923076923
1 0.390625 0.48197115384615385 0.09975961538461539 0.10336538461538461
1 0.18870192307692307 0.45552884615384615 0.051682692307692304 0.03125
1 0.23557692307692307 0.45552884615384615 0.042067307692307696 0.02403846153846154
1 0.35096153846153844 0.4483173076923077 0.020432692307692308 0.028846153846153848