1 0.9423076923076923 0.4675480769230769 0.11298076923076923 0.11177884615384616
1 0.9591346153846154 0.5348557692307693 0.07932692307692307 0.19471153846153846
1 0.7091346153846154 0.4795673076923077 0.16105769230769232 0.1622596153846154
1 0.5288461538461539 0.4639423076923077 0.1045673076923077 0.12259615384615384
1 0.5853365384615384 0.44471153846153844 0.026442307692307692 0.05048076923076923
1 0.4699519230769231 0.453125 0.055288461538461536 0.07451923076923077
1 0.4338942307692308 0.4362980769230769 0.019230769230769232 0.025240384615384616
1 0.41466346153846156 0.43990384615384615 0.03245192307692308 0.04447115384615385
1 0.3701923076923077 0.45072115384615385 0.0625 0.06610576923076923
1 0.3161057692307692 0.43990384615384615 0.014423076923076924 0.013221153846153846
1 0.3004807692307692 0.43990384615384615 0.019230769230769232 0.019230769230769232
1 0.2668269230769231 0.4423076923076923 0.038461538461538464 0.037259615384615384
1 0.22355769230769232 0.45072115384615385 0.03485576923076923 0.03365384615384615
1 0.15745192307692307 0.45072115384615385 0.037259615384615384 0.03125
1 0.12620192307692307 0.4483173076923077 0.03245192307692308 0.037259615384615384