1 0.9086538461538461 0.5120192307692307 0.18028846153846154 0.18389423076923078
1 0.7427884615384616 0.46634615384615385 0.09975961538461539 0.10096153846153846
1 0.6466346153846154 0.46875 0.11298076923076923 0.125
1 0.5552884615384616 0.4579326923076923 0.08173076923076923 0.10336538461538461
1 0.4987980769230769 0.4495192307692308 0.052884615384615384 0.06971153846153846
1 0.4651442307692308 0.43509615384615385 0.020432692307692308 0.03365384615384615
1 0.4411057692307692 0.4411057692307692 0.038461538461538464 0.046875
1 0.3870192307692308 0.4567307692307692 0.06971153846153846 0.078125
1 0.3269230769230769 0.43990384615384615 0.026442307692307692 0.019230769230769232
1 0.22115384615384615 0.44711538461538464 0.03245192307692308 0.03125
1 0.19951923076923078 0.44471153846153844 0.030048076923076924 0.027644230769230768
1 0.3557692307692308 0.4362980769230769 0.02403846153846154 0.025240384615384616