1 0.8918269230769231 0.47115384615384615 0.11538461538461539 0.09375
1 0.7632211538461539 0.49038461538461536 0.16105769230769232 0.15985576923076922
1 0.6838942307692307 0.47475961538461536 0.07451923076923077 0.09735576923076923
1 0.5973557692307693 0.45552884615384615 0.036057692307692304 0.055288461538461536
1 0.5432692307692307 0.47716346153846156 0.10336538461538461 0.1310096153846154
1 0.48197115384615385 0.46153846153846156 0.051682692307692304 0.07211538461538461
1 0.3942307692307692 0.45913461538461536 0.055288461538461536 0.06610576923076923
1 0.43149038461538464 0.4519230769230769 0.03485576923076923 0.04447115384615385
1 0.4519230769230769 0.44350961538461536 0.021634615384615384 0.03125
1 0.3449519230769231 0.44711538461538464 0.020432692307692308 0.019230769230769232
1 0.30288461538461536 0.453125 0.026442307692307692 0.02403846153846154
1 0.27524038461538464 0.4519230769230769 0.027644230769230768 0.025240384615384616
1 0.1310096153846154 0.46274038461538464 0.036057692307692304 0.03125
1 0.06850961538461539 0.4699519230769231 0.09495192307692307 0.06490384615384616
4 0.3629807692307692 0.4338942307692308 0.021634615384615384 0.02403846153846154