1 0.8269230769230769 0.46634615384615385 0.06370192307692307 0.07572115384615384
1 0.7512019230769231 0.4855769230769231 0.14423076923076922 0.13822115384615385
1 0.6730769230769231 0.46875 0.07692307692307693 0.09014423076923077
1 0.6057692307692307 0.4543269230769231 0.04567307692307692 0.056490384615384616
1 0.546875 0.47475961538461536 0.09975961538461539 0.125
1 0.49158653846153844 0.45913461538461536 0.038461538461538464 0.0625
1 0.4254807692307692 0.45552884615384615 0.046875 0.056490384615384616
1 0.45072115384615385 0.4543269230769231 0.02403846153846154 0.037259615384615384
1 0.4639423076923077 0.4483173076923077 0.025240384615384616 0.03365384615384615
1 0.23317307692307693 0.5084134615384616 0.17548076923076922 0.1466346153846154
1 0.33774038461538464 0.43149038461538464 0.03245192307692308 0.046875
1 0.36658653846153844 0.4362980769230769 0.030048076923076924 0.03365384615384615
1 0.15504807692307693 0.46274038461538464 0.04807692307692308 0.038461538461538464
1 0.055288461538461536 0.46875 0.05048076923076923 0.038461538461538464
1 0.021634615384615384 0.46033653846153844 0.038461538461538464 0.037259615384615384