1 0.8713942307692307 0.46875 0.09014423076923077 0.09735576923076923
1 0.7680288461538461 0.4807692307692308 0.16105769230769232 0.14903846153846154
1 0.6838942307692307 0.4699519230769231 0.07932692307692307 0.09134615384615384
1 0.6057692307692307 0.4483173076923077 0.036057692307692304 0.04927884615384615
1 0.5432692307692307 0.4699519230769231 0.11778846153846154 0.1310096153846154
1 0.49158653846153844 0.45552884615384615 0.04807692307692308 0.07211538461538461
1 0.4098557692307692 0.453125 0.052884615384615384 0.05889423076923077
1 0.4423076923076923 0.44711538461538464 0.03125 0.04326923076923077
1 0.46153846153846156 0.43990384615384615 0.019230769230769232 0.027644230769230768
1 0.33413461538461536 0.4423076923076923 0.027644230769230768 0.028846153846153848
4 0.35096153846153844 0.4326923076923077 0.026442307692307692 0.037259615384615384
4 0.3713942307692308 0.4326923076923077 0.026442307692307692 0.037259615384615384
1 0.29086538461538464 0.45072115384615385 0.027644230769230768 0.027644230769230768
1 0.2512019230769231 0.45072115384615385 0.025240384615384616 0.025240384615384616
1 0.1141826923076923 0.45552884615384615 0.040865384615384616 0.028846153846153848
1 0.08052884615384616 0.453125 0.03245192307692308 0.03125
1 0.07211538461538461 0.5889423076923077 0.14423076923076922 0.29086538461538464