1 0.8185096153846154 0.4651442307692308 0.05889423076923077 0.078125
1 0.7463942307692307 0.484375 0.13221153846153846 0.12860576923076922
1 0.671875 0.4735576923076923 0.07451923076923077 0.08774038461538461
1 0.6069711538461539 0.45552884615384615 0.04567307692307692 0.055288461538461536
1 0.5420673076923077 0.47596153846153844 0.10576923076923077 0.125
1 0.49278846153846156 0.4639423076923077 0.042067307692307696 0.06850961538461539
1 0.42788461538461536 0.4579326923076923 0.046875 0.052884615384615384
1 0.4519230769230769 0.4519230769230769 0.021634615384615384 0.037259615384615384
1 0.46274038461538464 0.45072115384615385 0.021634615384615384 0.028846153846153848
1 0.2860576923076923 0.49759615384615385 0.140625 0.12139423076923077
4 0.3269230769230769 0.43509615384615385 0.04567307692307692 0.04326923076923077
4 0.3629807692307692 0.43509615384615385 0.03245192307692308 0.04447115384615385
1 0.22355769230769232 0.46033653846153844 0.046875 0.040865384615384616
1 0.1814903846153846 0.46634615384615385 0.04326923076923077 0.03365384615384615
1 0.057692307692307696 0.4723557692307692 0.05889423076923077 0.05048076923076923
1 0.018028846153846152 0.47596153846153844 0.036057692307692304 0.05048076923076923