1 0.7620192307692307 0.47716346153846156 0.15504807692307693 0.1502403846153846
1 0.6658653846153846 0.4639423076923077 0.08653846153846154 0.09134615384615384
1 0.6153846153846154 0.4519230769230769 0.056490384615384616 0.06490384615384616
1 0.5192307692307693 0.48197115384615385 0.13581730769230768 0.1622596153846154
1 0.453125 0.46634615384615385 0.052884615384615384 0.09975961538461539
1 0.41225961538461536 0.44711538461538464 0.05048076923076923 0.05889423076923077
1 0.3245192307692308 0.4699519230769231 0.09735576923076923 0.08774038461538461
1 0.3713942307692308 0.43149038461538464 0.02403846153846154 0.02403846153846154
4 0.3076923076923077 0.4170673076923077 0.03485576923076923 0.03365384615384615
4 0.3293269230769231 0.4182692307692308 0.020432692307692308 0.027644230769230768
4 0.34375 0.42427884615384615 0.015625 0.019230769230769232
2 0.2439903846153846 0.4483173076923077 0.010817307692307692 0.025240384615384616
2 0.25721153846153844 0.44711538461538464 0.007211538461538462 0.019230769230769232
4 0.1310096153846154 0.43028846153846156 0.11899038461538461 0.09735576923076923
1 0.27884615384615385 0.43990384615384615 0.02403846153846154 0.028846153846153848