1 0.06971153846153846 0.46634615384615385 0.036057692307692304 0.038461538461538464
1 0.11298076923076923 0.46274038461538464 0.07451923076923077 0.0625
1 0.3112980769230769 0.48677884615384615 0.12379807692307693 0.11298076923076923
4 0.30649038461538464 0.42427884615384615 0.0673076923076923 0.046875
4 0.3545673076923077 0.43028846153846156 0.03485576923076923 0.03485576923076923
1 0.4206730769230769 0.4519230769230769 0.046875 0.04927884615384615
1 0.45552884615384615 0.43990384615384615 0.020432692307692308 0.028846153846153848
1 0.4879807692307692 0.45913461538461536 0.04807692307692308 0.06610576923076923
1 0.5348557692307693 0.47115384615384615 0.1045673076923077 0.12139423076923077
1 0.6045673076923077 0.45072115384615385 0.052884615384615384 0.055288461538461536
1 0.6634615384615384 0.4675480769230769 0.07692307692307693 0.08774038461538461
1 0.7415865384615384 0.48197115384615385 0.12980769230769232 0.1310096153846154
1 0.8088942307692307 0.46033653846153844 0.046875 0.07572115384615384