1 0.09134615384615384 0.44711538461538464 0.042067307692307696 0.027644230769230768
2 0.171875 0.45552884615384615 0.01201923076923077 0.03125
1 0.20552884615384615 0.44471153846153844 0.038461538461538464 0.038461538461538464
2 0.23197115384615385 0.4483173076923077 0.007211538461538462 0.025240384615384616
1 0.2848557692307692 0.44471153846153844 0.037259615384615384 0.03125
4 0.2956730769230769 0.41947115384615385 0.04326923076923077 0.04927884615384615
4 0.328125 0.4206730769230769 0.027644230769230768 0.037259615384615384
4 0.3473557692307692 0.421875 0.016826923076923076 0.027644230769230768
1 0.3317307692307692 0.4423076923076923 0.021634615384615384 0.021634615384615384
1 0.3713942307692308 0.4651442307692308 0.07211538461538461 0.07451923076923077
1 0.4206730769230769 0.4387019230769231 0.027644230769230768 0.037259615384615384
1 0.4387019230769231 0.49158653846153844 0.0673076923076923 0.1622596153846154
1 0.5564903846153846 0.5288461538461539 0.25600961538461536 0.30528846153846156
1 0.6983173076923077 0.46634615384615385 0.07211538461538461 0.09615384615384616
1 0.7932692307692307 0.48197115384615385 0.171875 0.16346153846153846