2 0.11899038461538461 0.46634615384615385 0.015625 0.038461538461538464
2 0.07211538461538461 0.4723557692307692 0.019230769230769232 0.04326923076923077
2 0.021634615384615384 0.47475961538461536 0.025240384615384616 0.05048076923076923
1 0.08413461538461539 0.45552884615384615 0.051682692307692304 0.03365384615384615
1 0.17067307692307693 0.46274038461538464 0.07211538461538461 0.05889423076923077
4 0.30528846153846156 0.38822115384615385 0.20432692307692307 0.31850961538461536
1 0.4230769230769231 0.46033653846153844 0.038461538461538464 0.056490384615384616
1 0.4411057692307692 0.5144230769230769 0.06129807692307692 0.1622596153846154
1 0.5925480769230769 0.5709134615384616 0.3125 0.38461538461538464
1 0.7596153846153846 0.4795673076923077 0.09375 0.12259615384615384
1 0.8317307692307693 0.46153846153846156 0.05889423076923077 0.07572115384615384
1 0.9098557692307693 0.5192307692307693 0.171875 0.19471153846153846