1 0.9050480769230769 0.5384615384615384 0.18629807692307693 0.1971153846153846
1 0.42788461538461536 0.49399038461538464 0.12139423076923077 0.125
1 0.35096153846153844 0.4807692307692308 0.08173076923076923 0.08173076923076923
1 0.28846153846153844 0.46153846153846156 0.046875 0.052884615384615384
1 0.2620192307692308 0.45552884615384615 0.025240384615384616 0.03125
1 0.25 0.45072115384615385 0.025240384615384616 0.03125
1 0.21514423076923078 0.4675480769230769 0.052884615384615384 0.06009615384615385
1 0.1814903846153846 0.45552884615384615 0.02403846153846154 0.027644230769230768
1 0.10697115384615384 0.4723557692307692 0.042067307692307696 0.06971153846153846
1 0.1310096153846154 0.46634615384615385 0.027644230769230768 0.052884615384615384
4 0.04326923076923077 0.4074519230769231 0.08653846153846154 0.28365384615384615
1 0.14423076923076922 0.46274038461538464 0.037259615384615384 0.05048076923076923