3 0.8930288461538461 0.44591346153846156 0.016826923076923076 0.052884615384615384
1 0.8173076923076923 0.46634615384615385 0.09735576923076923 0.09615384615384616
1 0.6670673076923077 0.4723557692307692 0.08413461538461539 0.09014423076923077
1 0.6153846153846154 0.4639423076923077 0.04567307692307692 0.06490384615384616
1 0.5817307692307693 0.453125 0.040865384615384616 0.038461538461538464
1 0.5516826923076923 0.4483173076923077 0.027644230769230768 0.028846153846153848
1 0.5276442307692307 0.44471153846153844 0.019230769230769232 0.021634615384615384
1 0.4987980769230769 0.4543269230769231 0.036057692307692304 0.04447115384615385
1 0.4639423076923077 0.44591346153846156 0.025240384615384616 0.03365384615384615
1 0.12379807692307693 0.47596153846153844 0.07692307692307693 0.06610576923076923
1 0.18389423076923078 0.4651442307692308 0.04326923076923077 0.04326923076923077
1 0.22956730769230768 0.4579326923076923 0.03485576923076923 0.037259615384615384
4 0.3137019230769231 0.4387019230769231 0.0673076923076923 0.07572115384615384
1 0.38822115384615385 0.44350961538461536 0.016826923076923076 0.02403846153846154
4 0.41225961538461536 0.43028846153846156 0.037259615384615384 0.038461538461538464
1 0.2764423076923077 0.4579326923076923 0.01201923076923077 0.028846153846153848
1 0.06850961538461539 0.47596153846153844 0.03245192307692308 0.04927884615384615