1 0.8245192307692307 0.4338942307692308 0.052884615384615384 0.03125
1 0.7836538461538461 0.44471153846153844 0.036057692307692304 0.03485576923076923
1 0.7139423076923077 0.4807692307692308 0.109375 0.11778846153846154
1 0.6274038461538461 0.4639423076923077 0.0733173076923077 0.06850961538461539
1 0.5757211538461539 0.4519230769230769 0.038461538461538464 0.040865384615384616
1 0.5432692307692307 0.4495192307692308 0.030048076923076924 0.027644230769230768
1 0.5252403846153846 0.44350961538461536 0.020432692307692308 0.027644230769230768
1 0.4855769230769231 0.453125 0.04567307692307692 0.05048076923076923
1 0.4543269230769231 0.4423076923076923 0.01201923076923077 0.018028846153846152
4 0.2920673076923077 0.4411057692307692 0.040865384615384616 0.046875
4 0.3557692307692308 0.4326923076923077 0.025240384615384616 0.037259615384615384
1 0.33774038461538464 0.4483173076923077 0.015625 0.018028846153846152
1 0.38822115384615385 0.44350961538461536 0.016826923076923076 0.015625
3 0.11298076923076923 0.4579326923076923 0.014423076923076924 0.037259615384615384
4 0.042067307692307696 0.4026442307692308 0.08413461538461539 0.21153846153846154