1 0.7824519230769231 0.46153846153846156 0.078125 0.07451923076923077
1 0.7151442307692307 0.47716346153846156 0.09735576923076923 0.10336538461538461
1 0.6466346153846154 0.4651442307692308 0.06370192307692307 0.06610576923076923
1 0.5949519230769231 0.45072115384615385 0.040865384615384616 0.040865384615384616
1 0.5673076923076923 0.4495192307692308 0.03125 0.03125
1 0.5108173076923077 0.45072115384615385 0.040865384615384616 0.046875
4 0.4074519230769231 0.43990384615384615 0.020432692307692308 0.02403846153846154
1 0.3954326923076923 0.44591346153846156 0.009615384615384616 0.013221153846153846
1 0.3870192307692308 0.44471153846153844 0.014423076923076924 0.019230769230769232
4 0.33774038461538464 0.4254807692307692 0.0625 0.08173076923076923
4 0.3713942307692308 0.4423076923076923 0.021634615384615384 0.03365384615384615
1 0.22716346153846154 0.4651442307692308 0.036057692307692304 0.03125
1 0.12860576923076922 0.47475961538461536 0.051682692307692304 0.04326923076923077