1 0.96875 0.45913461538461536 0.05889423076923077 0.078125
3 0.8509615384615384 0.42908653846153844 0.019230769230769232 0.04927884615384615
1 0.7043269230769231 0.44711538461538464 0.056490384615384616 0.06610576923076923
1 0.6610576923076923 0.46875 0.09014423076923077 0.08653846153846154
1 0.6105769230769231 0.44350961538461536 0.03485576923076923 0.04326923076923077
1 0.5793269230769231 0.44591346153846156 0.037259615384615384 0.04447115384615385
1 0.47596153846153844 0.45072115384615385 0.036057692307692304 0.05889423076923077
1 0.5216346153846154 0.4807692307692308 0.1045673076923077 0.11298076923076923
4 0.038461538461538464 0.4362980769230769 0.07692307692307693 0.12259615384615384
1 0.23317307692307693 0.45552884615384615 0.056490384615384616 0.037259615384615384
4 0.2692307692307692 0.421875 0.10576923076923077 0.078125