1 0.203125 0.44591346153846156 0.025240384615384616 0.013221153846153846
4 0.30288461538461536 0.4326923076923077 0.040865384615384616 0.04927884615384615
1 0.3762019230769231 0.43990384615384615 0.009615384615384616 0.015625
1 0.38461538461538464 0.4411057692307692 0.006009615384615385 0.01201923076923077
1 0.3954326923076923 0.4387019230769231 0.009615384615384616 0.013221153846153846
1 0.4050480769230769 0.4375 0.009615384615384616 0.01201923076923077
1 0.41466346153846156 0.43509615384615385 0.014423076923076924 0.01201923076923077
1 0.4338942307692308 0.43509615384615385 0.009615384615384616 0.009615384615384616
1 0.484375 0.44711538461538464 0.03125 0.04326923076923077
1 0.53125 0.45913461538461536 0.06610576923076923 0.08653846153846154
1 0.5685096153846154 0.44350961538461536 0.019230769230769232 0.03125
1 0.5901442307692307 0.43990384615384615 0.025240384615384616 0.028846153846153848
1 0.6418269230769231 0.46033653846153844 0.0673076923076923 0.07211538461538461
1 0.6766826923076923 0.4423076923076923 0.021634615384615384 0.028846153846153848
1 0.7872596153846154 0.48677884615384615 0.14423076923076922 0.12139423076923077
2 0.1466346153846154 0.45552884615384615 0.036057692307692304 0.05048076923076923