1 0.15745192307692307 0.44471153846153844 0.03125 0.015625
1 0.12860576923076922 0.44350961538461536 0.027644230769230768 0.015625
1 0.23798076923076922 0.4362980769230769 0.020432692307692308 0.013221153846153846
4 0.2776442307692308 0.43149038461538464 0.04807692307692308 0.055288461538461536
1 0.3858173076923077 0.4387019230769231 0.01201923076923077 0.013221153846153846
1 0.3942307692307692 0.43509615384615385 0.010817307692307692 0.013221153846153846
1 0.40625 0.43509615384615385 0.01201923076923077 0.013221153846153846
1 0.4483173076923077 0.43509615384615385 0.025240384615384616 0.015625
1 0.47836538461538464 0.44591346153846156 0.030048076923076924 0.040865384615384616
1 0.5300480769230769 0.46153846153846156 0.0829326923076923 0.09735576923076923
1 0.5841346153846154 0.4543269230769231 0.042067307692307696 0.06009615384615385
1 0.6177884615384616 0.4411057692307692 0.03245192307692308 0.038461538461538464
1 0.6899038461538461 0.44591346153846156 0.04807692307692308 0.037259615384615384
1 0.765625 0.48677884615384615 0.14423076923076922 0.12259615384615384
1 0.36538461538461536 0.4362980769230769 0.014423076923076924 0.018028846153846152
1 0.3762019230769231 0.4375 0.010817307692307692 0.01201923076923077
2 0.19471153846153846 0.4519230769230769 0.010817307692307692 0.028846153846153848