1 0.22115384615384615 0.43028846153846156 0.06370192307692307 0.06610576923076923
2 0.3125 0.4411057692307692 0.009615384615384616 0.019230769230769232
1 0.25841346153846156 0.44471153846153844 0.016826923076923076 0.021634615384615384
1 0.3473557692307692 0.4387019230769231 0.014423076923076924 0.018028846153846152
1 0.359375 0.4375 0.01201923076923077 0.015625
1 0.37259615384615385 0.4362980769230769 0.016826923076923076 0.018028846153846152
1 0.38461538461538464 0.4326923076923077 0.01201923076923077 0.013221153846153846
1 0.39903846153846156 0.43028846153846156 0.021634615384615384 0.018028846153846152
1 0.4206730769230769 0.4326923076923077 0.025240384615384616 0.018028846153846152
1 0.4495192307692308 0.43509615384615385 0.027644230769230768 0.018028846153846152
1 0.5300480769230769 0.47475961538461536 0.12980769230769232 0.14903846153846154
1 0.6105769230769231 0.4387019230769231 0.038461538461538464 0.040865384615384616
1 0.7079326923076923 0.4723557692307692 0.11899038461538461 0.10096153846153846
1 0.04807692307692308 0.4495192307692308 0.040865384615384616 0.019230769230769232