4 0.13581730769230768 0.4254807692307692 0.10336538461538461 0.09375
1 0.21153846153846154 0.44350961538461536 0.037259615384615384 0.03125
1 0.2620192307692308 0.44591346153846156 0.04326923076923077 0.037259615384615384
1 0.2956730769230769 0.4411057692307692 0.025240384615384616 0.027644230769230768
1 0.3245192307692308 0.43509615384615385 0.014423076923076924 0.015625
1 0.34615384615384615 0.4362980769230769 0.026442307692307692 0.028846153846153848
1 0.3954326923076923 0.42788461538461536 0.015625 0.019230769230769232
1 0.37259615384615385 0.43149038461538464 0.020432692307692308 0.019230769230769232
1 0.4387019230769231 0.43028846153846156 0.014423076923076924 0.015625
1 0.41225961538461536 0.43028846153846156 0.014423076923076924 0.013221153846153846
1 0.5408653846153846 0.49158653846153844 0.18269230769230768 0.20072115384615385
1 0.6550480769230769 0.4567307692307692 0.0673076923076923 0.08173076923076923
1 0.6947115384615384 0.44350961538461536 0.03485576923076923 0.046875