1 0.11057692307692307 0.5480769230769231 0.21754807692307693 0.30649038461538464
1 0.18990384615384615 0.46033653846153844 0.038461538461538464 0.04927884615384615
1 0.23076923076923078 0.46033653846153844 0.03485576923076923 0.03365384615384615
1 0.31490384615384615 0.4879807692307692 0.1045673076923077 0.09735576923076923
1 0.3762019230769231 0.46875 0.046875 0.0625
1 0.3942307692307692 0.46153846153846156 0.036057692307692304 0.05048076923076923
1 0.4182692307692308 0.45552884615384615 0.030048076923076924 0.04326923076923077
1 0.4495192307692308 0.44591346153846156 0.020432692307692308 0.025240384615384616
1 0.49278846153846156 0.46153846153846156 0.04807692307692308 0.06009615384615385
1 0.5528846153846154 0.4519230769230769 0.037259615384615384 0.04447115384615385
1 0.6213942307692307 0.46634615384615385 0.06610576923076923 0.0625
1 0.7367788461538461 0.43990384615384615 0.010817307692307692 0.03125
1 0.8197115384615384 0.4519230769230769 0.016826923076923076 0.06009615384615385
1 0.9783653846153846 0.46153846153846156 0.025240384615384616 0.08173076923076923
1 0.2668269230769231 0.46033653846153844 0.020432692307692308 0.03365384615384615