1 0.025240384615384616 0.6322115384615384 0.05048076923076923 0.25600961538461536
1 0.025240384615384616 0.4855769230769231 0.05048076923076923 0.07692307692307693
1 0.08533653846153846 0.48197115384615385 0.06971153846153846 0.06971153846153846
1 0.14783653846153846 0.47475961538461536 0.06370192307692307 0.0625
1 0.20192307692307693 0.47475961538461536 0.055288461538461536 0.055288461538461536
1 0.2980769230769231 0.5024038461538461 0.11899038461538461 0.11538461538461539
1 0.38341346153846156 0.4795673076923077 0.055288461538461536 0.06490384615384616
1 0.43028846153846156 0.46153846153846156 0.038461538461538464 0.04326923076923077
1 0.48677884615384615 0.46634615384615385 0.04567307692307692 0.052884615384615384
1 0.5721153846153846 0.46274038461538464 0.04326923076923077 0.05048076923076923
2 0.7211538461538461 0.46274038461538464 0.02403846153846154 0.05889423076923077
1 0.5372596153846154 0.45552884615384615 0.016826923076923076 0.027644230769230768