1 0.21754807692307693 0.5012019230769231 0.18629807692307693 0.16947115384615385
1 0.4074519230769231 0.47115384615384615 0.07211538461538461 0.07211538461538461
1 0.4675480769230769 0.453125 0.026442307692307692 0.04326923076923077
1 0.515625 0.4579326923076923 0.04326923076923077 0.052884615384615384
1 0.5480769230769231 0.4543269230769231 0.021634615384615384 0.037259615384615384
1 0.5793269230769231 0.453125 0.019230769230769232 0.019230769230769232
1 0.6322115384615384 0.45552884615384615 0.05889423076923077 0.06009615384615385
1 0.5625 0.45552884615384615 0.015625 0.019230769230769232
1 0.4879807692307692 0.453125 0.01201923076923077 0.02403846153846154
1 0.44711538461538464 0.4543269230769231 0.016826923076923076 0.03365384615384615
2 0.7548076923076923 0.4579326923076923 0.04326923076923077 0.06490384615384616