1 0.12379807692307693 0.46274038461538464 0.056490384615384616 0.02403846153846154
1 0.36538461538461536 0.48677884615384615 0.1466346153846154 0.14302884615384615
1 0.49158653846153844 0.4651442307692308 0.06971153846153846 0.07451923076923077
4 0.5348557692307693 0.4483173076923077 0.027644230769230768 0.04447115384615385
1 0.578125 0.45552884615384615 0.04326923076923077 0.05889423076923077
1 0.6129807692307693 0.4543269230769231 0.027644230769230768 0.037259615384615384
1 0.6346153846153846 0.45552884615384615 0.015625 0.018028846153846152
1 0.7175480769230769 0.46153846153846156 0.05889423076923077 0.06610576923076923
1 0.6862980769230769 0.45552884615384615 0.019230769230769232 0.04326923076923077
2 0.9278846153846154 0.4651442307692308 0.057692307692307696 0.08173076923076923
1 0.7475961538461539 0.4543269230769231 0.016826923076923076 0.037259615384615384