3 0.49278846153846156 0.4735576923076923 0.0829326923076923 0.09134615384615384
1 0.5516826923076923 0.4579326923076923 0.04326923076923077 0.04927884615384615
1 0.5817307692307693 0.44711538461538464 0.03245192307692308 0.046875
1 0.7115384615384616 0.4519230769230769 0.057692307692307696 0.06850961538461539
1 0.9543269230769231 0.46153846153846156 0.0829326923076923 0.08413461538461539
3 0.17668269230769232 0.453125 0.01201923076923077 0.027644230769230768
1 0.21754807692307693 0.4543269230769231 0.04807692307692308 0.021634615384615384
1 0.07211538461538461 0.4519230769230769 0.046875 0.018028846153846152
1 0.3112980769230769 0.4495192307692308 0.026442307692307692 0.019230769230769232
1 0.3449519230769231 0.4423076923076923 0.021634615384615384 0.018028846153846152
1 0.3942307692307692 0.42788461538461536 0.01201923076923077 0.019230769230769232
1 0.5084134615384616 0.41947115384615385 0.007211538461538462 0.007211538461538462
1 0.5240384615384616 0.4206730769230769 0.009615384615384616 0.009615384615384616
1 0.5384615384615384 0.41947115384615385 0.01201923076923077 0.013221153846153846
1 0.47115384615384615 0.4014423076923077 0.007211538461538462 0.009615384615384616