1 0.4879807692307692 0.47115384615384615 0.08653846153846154 0.09975961538461539
1 0.5432692307692307 0.453125 0.04567307692307692 0.05048076923076923
1 0.5769230769230769 0.44350961538461536 0.03125 0.046875
1 0.6911057692307693 0.45072115384615385 0.06129807692307692 0.07572115384615384
1 0.8185096153846154 0.4519230769230769 0.0673076923076923 0.06850961538461539
1 0.15504807692307693 0.45552884615384615 0.052884615384615384 0.028846153846153848
1 0.27524038461538464 0.44471153846153844 0.03125 0.021634615384615384
3 0.20072115384615385 0.4483173076923077 0.010817307692307692 0.028846153846153848
1 0.10096153846153846 0.4483173076923077 0.051682692307692304 0.018028846153846152
1 0.33653846153846156 0.4411057692307692 0.021634615384615384 0.015625
1 0.37259615384615385 0.43509615384615385 0.016826923076923076 0.015625
0 0.39663461538461536 0.4266826923076923 0.014423076923076924 0.021634615384615384
4 0.35697115384615385 0.4338942307692308 0.016826923076923076 0.027644230769230768