1 0.03485576923076923 0.4639423076923077 0.06129807692307692 0.056490384615384616
1 0.13581730769230768 0.47836538461538464 0.09735576923076923 0.078125
1 0.20673076923076922 0.4567307692307692 0.052884615384615384 0.03125
4 0.2091346153846154 0.42908653846153844 0.0625 0.056490384615384616
1 0.27524038461538464 0.4567307692307692 0.055288461538461536 0.055288461538461536
1 0.3317307692307692 0.4483173076923077 0.037259615384615384 0.04927884615384615
1 0.46274038461538464 0.4362980769230769 0.021634615384615384 0.03365384615384615
1 0.5264423076923077 0.46153846153846156 0.05889423076923077 0.07572115384615384
1 0.5997596153846154 0.4495192307692308 0.042067307692307696 0.046875
1 0.6526442307692307 0.43990384615384615 0.038461538461538464 0.04927884615384615
3 0.7019230769230769 0.4387019230769231 0.01201923076923077 0.03365384615384615