1 0.08173076923076923 0.49278846153846156 0.10576923076923077 0.10096153846153846
1 0.16826923076923078 0.4699519230769231 0.06610576923076923 0.04447115384615385
1 0.23798076923076922 0.46033653846153844 0.04807692307692308 0.07211538461538461
1 0.15865384615384615 0.4254807692307692 0.11057692307692307 0.08173076923076923
1 0.45552884615384615 0.44350961538461536 0.030048076923076924 0.03485576923076923
1 0.5252403846153846 0.46634615384615385 0.06610576923076923 0.08052884615384616
1 0.6033653846153846 0.4543269230769231 0.04326923076923077 0.04447115384615385
1 0.6466346153846154 0.44591346153846156 0.037259615384615384 0.04927884615384615
1 0.5793269230769231 0.44471153846153844 0.019230769230769232 0.04326923076923077
1 0.2848557692307692 0.45072115384615385 0.03485576923076923 0.025240384615384616
4 0.28125 0.43028846153846156 0.046875 0.04927884615384615
1 0.7752403846153846 0.45072115384615385 0.014423076923076924 0.046875
1 0.7067307692307693 0.4411057692307692 0.01201923076923077 0.03485576923076923
1 0.33052884615384615 0.4423076923076923 0.036057692307692304 0.021634615384615384
0 0.44591346153846156 0.39302884615384615 0.010817307692307692 0.019230769230769232
1 0.4963942307692308 0.40865384615384615 0.01201923076923077 0.013221153846153846
1 0.5084134615384616 0.41466346153846156 0.014423076923076924 0.013221153846153846
1 0.4951923076923077 0.42788461538461536 0.01201923076923077 0.015625
1 0.5552884615384616 0.40865384615384615 0.009615384615384616 0.015625
1 0.5661057692307693 0.4170673076923077 0.015625 0.018028846153846152
1 0.36778846153846156 0.4483173076923077 0.030048076923076924 0.03365384615384615
1 0.43149038461538464 0.40625 0.009615384615384616 0.007211538461538462
1 0.53125 0.4074519230769231 0.009615384615384616 0.013221153846153846
1 0.5384615384615384 0.41346153846153844 0.010817307692307692 0.009615384615384616
1 0.5408653846153846 0.39903846153846156 0.010817307692307692 0.01201923076923077
1 0.40865384615384615 0.41346153846153844 0.007211538461538462 0.01201923076923077
1 0.49399038461538464 0.3954326923076923 0.007211538461538462 0.009615384615384616
1 0.020432692307692308 0.4699519230769231 0.040865384615384616 0.040865384615384616