1 0.06971153846153846 0.47115384615384615 0.051682692307692304 0.038461538461538464
1 0.1971153846153846 0.43990384615384615 0.037259615384615384 0.06490384615384616
1 0.24278846153846154 0.46274038461538464 0.057692307692307696 0.05889423076923077
1 0.5012019230769231 0.47115384615384615 0.06850961538461539 0.07451923076923077
1 0.5420673076923077 0.4567307692307692 0.03485576923076923 0.05048076923076923
1 0.5709134615384616 0.4495192307692308 0.030048076923076924 0.04326923076923077
1 0.6935096153846154 0.45552884615384615 0.052884615384615384 0.05889423076923077
1 0.3161057692307692 0.46153846153846156 0.038461538461538464 0.037259615384615384
1 0.28725961538461536 0.45072115384615385 0.020432692307692308 0.025240384615384616
4 0.328125 0.43028846153846156 0.027644230769230768 0.02403846153846154
4 0.3858173076923077 0.42788461538461536 0.019230769230769232 0.038461538461538464
1 0.4026442307692308 0.42908653846153844 0.015625 0.021634615384615384
0 0.5396634615384616 0.41947115384615385 0.010817307692307692 0.015625
1 0.5240384615384616 0.41947115384615385 0.010817307692307692 0.01201923076923077
0 0.5324519230769231 0.4074519230769231 0.006009615384615385 0.009615384615384616
1 0.49399038461538464 0.41586538461538464 0.007211538461538462 0.01201923076923077
1 0.46274038461538464 0.4026442307692308 0.007211538461538462 0.01201923076923077