1 0.030048076923076924 0.4699519230769231 0.06009615384615385 0.040865384615384616
1 0.08413461538461539 0.46634615384615385 0.055288461538461536 0.037259615384615384
1 0.1658653846153846 0.4567307692307692 0.030048076923076924 0.038461538461538464
1 0.2127403846153846 0.4543269230769231 0.05048076923076923 0.037259615384615384
1 0.40024038461538464 0.45552884615384615 0.05889423076923077 0.056490384615384616
1 0.5264423076923077 0.46153846153846156 0.0625 0.08173076923076923
1 0.5973557692307693 0.44711538461538464 0.038461538461538464 0.055288461538461536
1 0.5649038461538461 0.43509615384615385 0.026442307692307692 0.03125
1 0.3449519230769231 0.421875 0.02403846153846154 0.02403846153846154
1 0.3942307692307692 0.40384615384615385 0.016826923076923076 0.025240384615384616
1 0.6213942307692307 0.42788461538461536 0.021634615384615384 0.038461538461538464
3 0.8100961538461539 0.4338942307692308 0.014423076923076924 0.04326923076923077
1 0.5024038461538461 0.43028846153846156 0.026442307692307692 0.03485576923076923
1 0.41586538461538464 0.39302884615384615 0.009615384615384616 0.015625
1 0.43149038461538464 0.38822115384615385 0.016826923076923076 0.028846153846153848
1 0.4543269230769231 0.3918269230769231 0.009615384615384616 0.009615384615384616
1 0.4879807692307692 0.4050480769230769 0.014423076923076924 0.018028846153846152
1 0.49278846153846156 0.39302884615384615 0.007211538461538462 0.01201923076923077
1 0.5096153846153846 0.39903846153846156 0.010817307692307692 0.018028846153846152
1 0.5697115384615384 0.40024038461538464 0.016826923076923076 0.015625
1 0.5348557692307693 0.39783653846153844 0.009615384615384616 0.013221153846153846
1 0.5552884615384616 0.3942307692307692 0.010817307692307692 0.01201923076923077
1 0.5456730769230769 0.4170673076923077 0.026442307692307692 0.028846153846153848
1 0.7451923076923077 0.4098557692307692 0.05048076923076923 0.046875