1 0.2620192307692308 0.49158653846153844 0.13221153846153846 0.12740384615384615
1 0.3125 0.47115384615384615 0.09014423076923077 0.10336538461538461
1 0.3545673076923077 0.41225961538461536 0.021634615384615384 0.019230769230769232
1 0.5228365384615384 0.45552884615384615 0.06971153846153846 0.07572115384615384
1 0.59375 0.4411057692307692 0.046875 0.05048076923076923
1 0.49038461538461536 0.42788461538461536 0.020432692307692308 0.04326923076923077
1 0.48197115384615385 0.4014423076923077 0.014423076923076924 0.018028846153846152
3 0.8942307692307693 0.44471153846153844 0.025240384615384616 0.06610576923076923
1 0.5685096153846154 0.4014423076923077 0.01201923076923077 0.021634615384615384
1 0.5612980769230769 0.4338942307692308 0.03125 0.038461538461538464
4 0.8173076923076923 0.4170673076923077 0.07451923076923077 0.052884615384615384
4 0.4074519230769231 0.3954326923076923 0.019230769230769232 0.037259615384615384
1 0.3954326923076923 0.39903846153846156 0.01201923076923077 0.013221153846153846
1 0.43990384615384615 0.39783653846153844 0.014423076923076924 0.013221153846153846
1 0.4987980769230769 0.40865384615384615 0.020432692307692308 0.021634615384615384
1 0.5504807692307693 0.3918269230769231 0.010817307692307692 0.013221153846153846
1 0.453125 0.3942307692307692 0.009615384615384616 0.01201923076923077
1 0.46274038461538464 0.3918269230769231 0.009615384615384616 0.013221153846153846
1 0.5901442307692307 0.41225961538461536 0.025240384615384616 0.01201923076923077