1 0.09014423076923077 0.46153846153846156 0.0673076923076923 0.06009615384615385
1 0.2283653846153846 0.45072115384615385 0.055288461538461536 0.04927884615384615
1 0.3269230769230769 0.421875 0.020432692307692308 0.02403846153846154
4 0.3629807692307692 0.40384615384615385 0.036057692307692304 0.055288461538461536
1 0.4050480769230769 0.4182692307692308 0.016826923076923076 0.019230769230769232
1 0.43149038461538464 0.41346153846153844 0.014423076923076924 0.015625
1 0.5240384615384616 0.45552884615384615 0.06971153846153846 0.07451923076923077
1 0.6105769230769231 0.44350961538461536 0.051682692307692304 0.05048076923076923
1 0.49399038461538464 0.42427884615384615 0.025240384615384616 0.037259615384615384
1 0.5600961538461539 0.41346153846153844 0.02403846153846154 0.021634615384615384
1 0.59375 0.43028846153846156 0.03125 0.037259615384615384
3 0.1310096153846154 0.44471153846153844 0.01201923076923077 0.03365384615384615