1 0.5168269230769231 0.4519230769230769 0.07211538461538461 0.07572115384615384
1 0.609375 0.43990384615384615 0.05048076923076923 0.04927884615384615
1 0.48677884615384615 0.42427884615384615 0.02403846153846154 0.038461538461538464
1 0.5552884615384616 0.41586538461538464 0.02403846153846154 0.019230769230769232
1 0.28725961538461536 0.42788461538461536 0.025240384615384616 0.02403846153846154
4 0.33052884615384615 0.4074519230769231 0.04807692307692308 0.06009615384615385
1 0.3798076923076923 0.421875 0.021634615384615384 0.02403846153846154
1 0.41586538461538464 0.41586538461538464 0.015625 0.015625
1 0.5949519230769231 0.4266826923076923 0.03125 0.037259615384615384
1 0.6550480769230769 0.40625 0.015625 0.02403846153846154
3 0.036057692307692304 0.45552884615384615 0.01201923076923077 0.04326923076923077