3 0.17548076923076922 0.4567307692307692 0.01201923076923077 0.03485576923076923
1 0.2824519230769231 0.4543269230769231 0.025240384615384616 0.025240384615384616
1 0.31490384615384615 0.45913461538461536 0.042067307692307696 0.04326923076923077
1 0.40024038461538464 0.44350961538461536 0.02403846153846154 0.019230769230769232
0 0.4014423076923077 0.4230769230769231 0.019230769230769232 0.018028846153846152
1 0.43149038461538464 0.43990384615384615 0.014423076923076924 0.019230769230769232
1 0.44471153846153844 0.4362980769230769 0.01201923076923077 0.021634615384615384
1 0.5024038461538461 0.4483173076923077 0.030048076923076924 0.04927884615384615
1 0.5877403846153846 0.45072115384615385 0.05048076923076923 0.05048076923076923
1 0.5528846153846154 0.44350961538461536 0.016826923076923076 0.03125
1 0.6382211538461539 0.44471153846153844 0.03245192307692308 0.040865384615384616
1 0.6911057692307693 0.453125 0.052884615384615384 0.055288461538461536
1 0.7644230769230769 0.4495192307692308 0.05048076923076923 0.046875
3 0.9002403846153846 0.4266826923076923 0.016826923076923076 0.056490384615384616