1 0.04807692307692308 0.4963942307692308 0.09615384615384616 0.11778846153846154
1 0.14182692307692307 0.4723557692307692 0.057692307692307696 0.05048076923076923
1 0.19471153846153846 0.4675480769230769 0.040865384615384616 0.037259615384615384
1 0.23317307692307693 0.45913461538461536 0.03485576923076923 0.03485576923076923
1 0.2932692307692308 0.46153846153846156 0.04567307692307692 0.04447115384615385
4 0.40024038461538464 0.421875 0.08653846153846154 0.08173076923076923
1 0.5072115384615384 0.4543269230769231 0.04567307692307692 0.06490384615384616
1 0.6382211538461539 0.4639423076923077 0.0733173076923077 0.07211538461538461
1 0.6730769230769231 0.45072115384615385 0.025240384615384616 0.04447115384615385
1 0.7127403846153846 0.45552884615384615 0.04807692307692308 0.052884615384615384
1 0.7439903846153846 0.4495192307692308 0.027644230769230768 0.04326923076923077
1 0.8533653846153846 0.47115384615384615 0.11057692307692307 0.08774038461538461
1 0.9675480769230769 0.47475961538461536 0.06129807692307692 0.08653846153846154
1 0.9338942307692307 0.4375 0.055288461538461536 0.03125
1 0.6009615384615384 0.45072115384615385 0.026442307692307692 0.046875
1 0.5552884615384616 0.44350961538461536 0.02403846153846154 0.027644230769230768
1 0.5793269230769231 0.44591346153846156 0.020432692307692308 0.03365384615384615
1 0.47475961538461536 0.44711538461538464 0.026442307692307692 0.03485576923076923