1 0.14423076923076922 0.46875 0.06850961538461539 0.055288461538461536
1 0.25600961538461536 0.45552884615384615 0.057692307692307696 0.06971153846153846
1 0.31971153846153844 0.4483173076923077 0.021634615384615384 0.028846153846153848
1 0.3473557692307692 0.44711538461538464 0.03245192307692308 0.03125
0 0.328125 0.4170673076923077 0.040865384615384616 0.037259615384615384
1 0.3918269230769231 0.4362980769230769 0.03245192307692308 0.040865384615384616
1 0.4182692307692308 0.4362980769230769 0.02403846153846154 0.021634615384615384
1 0.5012019230769231 0.44471153846153844 0.038461538461538464 0.0625
1 0.6081730769230769 0.453125 0.07451923076923077 0.07451923076923077
1 0.5661057692307693 0.4375 0.021634615384615384 0.03125
1 0.6622596153846154 0.44350961538461536 0.042067307692307696 0.04326923076923077
1 0.7548076923076923 0.4543269230769231 0.07451923076923077 0.06009615384615385
1 0.8377403846153846 0.45072115384615385 0.07211538461538461 0.05889423076923077
1 0.7980769230769231 0.4362980769230769 0.03125 0.04927884615384615
3 0.7259615384615384 0.4411057692307692 0.03485576923076923 0.046875