1 0.1875 0.47475961538461536 0.08173076923076923 0.06971153846153846
1 0.1346153846153846 0.45552884615384615 0.01201923076923077 0.03485576923076923
1 0.27283653846153844 0.453125 0.036057692307692304 0.03485576923076923
1 0.3425480769230769 0.4543269230769231 0.057692307692307696 0.040865384615384616
1 0.3713942307692308 0.44471153846153844 0.020432692307692308 0.027644230769230768
1 0.38822115384615385 0.44350961538461536 0.020432692307692308 0.019230769230769232
0 0.3942307692307692 0.42908653846153844 0.027644230769230768 0.040865384615384616
1 0.4206730769230769 0.43509615384615385 0.015625 0.02403846153846154
1 0.4387019230769231 0.4338942307692308 0.019230769230769232 0.02403846153846154
1 0.5072115384615384 0.4411057692307692 0.03125 0.046875
1 0.5480769230769231 0.4387019230769231 0.010817307692307692 0.021634615384615384
1 0.5384615384615384 0.4326923076923077 0.015625 0.018028846153846152
1 0.5612980769230769 0.43990384615384615 0.02403846153846154 0.03125
1 0.5949519230769231 0.45072115384615385 0.056490384615384616 0.056490384615384616
1 0.6358173076923077 0.43990384615384615 0.025240384615384616 0.028846153846153848
1 0.6658653846153846 0.4423076923076923 0.03125 0.040865384615384616
1 0.7091346153846154 0.4495192307692308 0.056490384615384616 0.05889423076923077
1 0.7800480769230769 0.44711538461538464 0.056490384615384616 0.05048076923076923
1 0.9879807692307693 0.43509615384615385 0.016826923076923076 0.052884615384615384