1 0.018028846153846152 0.46634615384615385 0.036057692307692304 0.06971153846153846
1 0.05048076923076923 0.4579326923076923 0.03485576923076923 0.03365384615384615
1 0.07692307692307693 0.45552884615384615 0.03125 0.028846153846153848
1 0.41466346153846156 0.46274038461538464 0.0889423076923077 0.140625
1 0.36177884615384615 0.4543269230769231 0.026442307692307692 0.07572115384615384
1 0.5240384615384616 0.45552884615384615 0.07932692307692307 0.08653846153846154
1 0.4807692307692308 0.4579326923076923 0.025240384615384616 0.056490384615384616
1 0.6057692307692307 0.4411057692307692 0.04567307692307692 0.05048076923076923
1 0.6550480769230769 0.4375 0.036057692307692304 0.038461538461538464
1 0.7403846153846154 0.45072115384615385 0.06971153846153846 0.0625
1 0.6923076923076923 0.43028846153846156 0.03125 0.03365384615384615