4 0.09975961538461539 0.44471153846153844 0.11538461538461539 0.10697115384615384
4 0.23317307692307693 0.41586538461538464 0.12620192307692307 0.15985576923076922
1 0.4735576923076923 0.453125 0.056490384615384616 0.08173076923076923
1 0.5096153846153846 0.44350961538461536 0.030048076923076924 0.046875
1 0.4362980769230769 0.44471153846153844 0.021634615384615384 0.04927884615384615
1 0.6274038461538461 0.45913461538461536 0.06129807692307692 0.07451923076923077
1 0.8449519230769231 0.47115384615384615 0.10336538461538461 0.09014423076923077
1 0.7283653846153846 0.4495192307692308 0.056490384615384616 0.05889423076923077
1 0.6706730769230769 0.44350961538461536 0.03485576923076923 0.05048076923076923
1 0.5973557692307693 0.44471153846153844 0.038461538461538464 0.04326923076923077
1 0.5697115384615384 0.43509615384615385 0.019230769230769232 0.038461538461538464
1 0.4230769230769231 0.44711538461538464 0.021634615384615384 0.038461538461538464