1 0.44711538461538464 0.4567307692307692 0.0733173076923077 0.109375
1 0.515625 0.44471153846153844 0.0625 0.06610576923076923
1 0.40625 0.4543269230769231 0.019230769230769232 0.056490384615384616
1 0.39903846153846156 0.44591346153846156 0.03125 0.06009615384615385
1 0.6165865384615384 0.44350961538461536 0.051682692307692304 0.055288461538461536
1 0.6622596153846154 0.4375 0.037259615384615384 0.038461538461538464
1 0.5721153846153846 0.43028846153846156 0.025240384615384616 0.03125
1 0.7896634615384616 0.45552884615384615 0.0829326923076923 0.07451923076923077
1 0.7367788461538461 0.4423076923076923 0.04567307692307692 0.04447115384615385
1 0.7091346153846154 0.43028846153846156 0.026442307692307692 0.025240384615384616
1 0.09735576923076923 0.4639423076923077 0.040865384615384616 0.040865384615384616
1 0.025240384615384616 0.4543269230769231 0.03125 0.03365384615384615
1 0.06009615384615385 0.453125 0.036057692307692304 0.04326923076923077
1 0.11899038461538461 0.45072115384615385 0.02403846153846154 0.025240384615384616