1 0.06129807692307692 0.4735576923076923 0.06370192307692307 0.052884615384615384
4 0.19471153846153846 0.43990384615384615 0.07932692307692307 0.08173076923076923
4 0.3076923076923077 0.4170673076923077 0.08413461538461539 0.11538461538461539
4 0.23798076923076922 0.43509615384615385 0.037259615384615384 0.06009615384615385
1 0.48677884615384615 0.4483173076923077 0.051682692307692304 0.08774038461538461
1 0.6334134615384616 0.453125 0.06971153846153846 0.06971153846153846
1 0.5997596153846154 0.44471153846153844 0.026442307692307692 0.05048076923076923
1 0.5769230769230769 0.4387019230769231 0.02403846153846154 0.037259615384615384
1 0.7235576923076923 0.4495192307692308 0.052884615384615384 0.05048076923076923
1 0.6778846153846154 0.44350961538461536 0.036057692307692304 0.04326923076923077
1 0.859375 0.4675480769230769 0.109375 0.09134615384615384
1 0.5192307692307693 0.44350961538461536 0.014423076923076924 0.03485576923076923
1 0.5432692307692307 0.43509615384615385 0.019230769230769232 0.027644230769230768
1 0.453125 0.4411057692307692 0.027644230769230768 0.038461538461538464
1 0.4326923076923077 0.4411057692307692 0.019230769230769232 0.038461538461538464