1 0.042067307692307696 0.47836538461538464 0.056490384615384616 0.055288461538461536
1 0.0889423076923077 0.47716346153846156 0.05048076923076923 0.040865384615384616
1 0.13341346153846154 0.47596153846153844 0.042067307692307696 0.040865384615384616
1 0.3245192307692308 0.47475961538461536 0.052884615384615384 0.06610576923076923
1 0.5324519230769231 0.5084134615384616 0.14903846153846154 0.21634615384615385
1 0.6009615384615384 0.47596153846153844 0.03125 0.09014423076923077
1 0.6754807692307693 0.46634615384615385 0.06850961538461539 0.06009615384615385
1 0.6262019230769231 0.46634615384615385 0.037259615384615384 0.05048076923076923
1 0.7235576923076923 0.46634615384615385 0.040865384615384616 0.04447115384615385
1 0.7752403846153846 0.4735576923076923 0.07932692307692307 0.056490384615384616
1 0.8209134615384616 0.453125 0.02403846153846154 0.027644230769230768
1 0.8713942307692307 0.4519230769230769 0.02403846153846154 0.037259615384615384
1 0.9158653846153846 0.4651442307692308 0.04567307692307692 0.038461538461538464