1 0.037259615384615384 0.4723557692307692 0.04567307692307692 0.055288461538461536
1 0.07932692307692307 0.46875 0.05048076923076923 0.05048076923076923
1 0.12139423076923077 0.46875 0.051682692307692304 0.04326923076923077
1 0.16105769230769232 0.4651442307692308 0.040865384615384616 0.038461538461538464
1 0.5252403846153846 0.5168269230769231 0.203125 0.31009615384615385
1 0.7127403846153846 0.47115384615384615 0.12620192307692307 0.125
1 0.6346153846153846 0.46153846153846156 0.0673076923076923 0.078125
1 0.7752403846153846 0.43990384615384615 0.02403846153846154 0.03125
1 0.7932692307692307 0.4375 0.020432692307692308 0.02403846153846154
1 0.8149038461538461 0.4338942307692308 0.014423076923076924 0.02403846153846154
1 0.8509615384615384 0.43509615384615385 0.027644230769230768 0.03485576923076923
1 0.9206730769230769 0.4387019230769231 0.037259615384615384 0.04447115384615385