1 0.016826923076923076 0.48197115384615385 0.03245192307692308 0.056490384615384616
1 0.056490384615384616 0.4807692307692308 0.055288461538461536 0.046875
1 0.09495192307692307 0.4699519230769231 0.038461538461538464 0.04927884615384615
1 0.21754807692307693 0.47596153846153844 0.0625 0.046875
1 0.28846153846153844 0.4735576923076923 0.056490384615384616 0.06490384615384616
1 0.33533653846153844 0.49038461538461536 0.06129807692307692 0.07451923076923077
1 0.41225961538461536 0.4951923076923077 0.09375 0.14302884615384615
1 0.5096153846153846 0.45913461538461536 0.03125 0.03485576923076923
1 0.5552884615384616 0.45552884615384615 0.040865384615384616 0.037259615384615384
0 0.7067307692307693 0.4338942307692308 0.13581730769230768 0.16826923076923078
1 0.6286057692307693 0.4735576923076923 0.026442307692307692 0.052884615384615384
1 0.609375 0.4651442307692308 0.025240384615384616 0.046875
0 0.6081730769230769 0.44471153846153844 0.051682692307692304 0.06971153846153846
1 0.8822115384615384 0.5012019230769231 0.17307692307692307 0.11538461538461539
1 0.7980769230769231 0.4735576923076923 0.038461538461538464 0.06009615384615385
1 0.9555288461538461 0.4951923076923077 0.08653846153846154 0.09134615384615384