1 0.5961538461538461 0.5829326923076923 0.3701923076923077 0.5649038461538461
1 0.039663461538461536 0.4699519230769231 0.07932692307692307 0.10336538461538461
1 0.10096153846153846 0.4675480769230769 0.05048076923076923 0.056490384615384616
1 0.1778846153846154 0.4651442307692308 0.052884615384615384 0.055288461538461536
1 0.13701923076923078 0.4579326923076923 0.030048076923076924 0.04927884615384615
1 0.2403846153846154 0.46153846153846156 0.06850961538461539 0.06490384615384616
1 0.2824519230769231 0.45552884615384615 0.04326923076923077 0.05889423076923077
1 0.3137019230769231 0.45072115384615385 0.03125 0.046875
4 0.2920673076923077 0.39903846153846156 0.07211538461538461 0.056490384615384616
1 0.33653846153846156 0.44471153846153844 0.020432692307692308 0.03485576923076923
1 0.36899038461538464 0.4411057692307692 0.027644230769230768 0.03485576923076923