1 0.8209134615384616 0.5612980769230769 0.3137019230769231 0.44350961538461536
1 0.36899038461538464 0.47596153846153844 0.06610576923076923 0.0625
1 0.04567307692307692 0.5108173076923077 0.09014423076923077 0.09615384615384616
1 0.1310096153846154 0.5072115384615384 0.1346153846153846 0.09134615384615384
1 0.24639423076923078 0.49278846153846156 0.0985576923076923 0.07572115384615384
1 0.3125 0.48677884615384615 0.06610576923076923 0.06850961538461539
1 0.5204326923076923 0.45913461538461536 0.025240384615384616 0.02403846153846154
1 0.6153846153846154 0.43990384615384615 0.01201923076923077 0.013221153846153846
1 0.6310096153846154 0.43990384615384615 0.009615384615384616 0.013221153846153846
1 0.6442307692307693 0.43990384615384615 0.010817307692307692 0.01201923076923077
1 0.6778846153846154 0.4411057692307692 0.015625 0.015625
1 0.6971153846153846 0.4326923076923077 0.010817307692307692 0.013221153846153846