3 0.25600961538461536 0.43149038461538464 0.009615384615384616 0.015625
1 0.28966346153846156 0.4495192307692308 0.038461538461538464 0.038461538461538464
3 0.32572115384615385 0.4254807692307692 0.007211538461538462 0.007211538461538462
1 0.34975961538461536 0.43990384615384615 0.020432692307692308 0.02403846153846154
1 0.36899038461538464 0.43509615384615385 0.021634615384615384 0.021634615384615384
1 0.44711538461538464 0.4375 0.02403846153846154 0.02403846153846154
1 0.47475961538461536 0.43509615384615385 0.019230769230769232 0.021634615384615384
1 0.4987980769230769 0.45072115384615385 0.051682692307692304 0.05048076923076923
0 0.5228365384615384 0.42427884615384615 0.03245192307692308 0.046875
1 0.8413461538461539 0.5841346153846154 0.3137019230769231 0.4723557692307692
1 0.3870192307692308 0.42427884615384615 0.01201923076923077 0.018028846153846152
1 0.4014423076923077 0.4266826923076923 0.01201923076923077 0.013221153846153846
1 0.4182692307692308 0.41947115384615385 0.010817307692307692 0.01201923076923077
1 0.44350961538461536 0.421875 0.01201923076923077 0.01201923076923077
1 0.4639423076923077 0.421875 0.009615384615384616 0.01201923076923077
1 0.4723557692307692 0.41586538461538464 0.004807692307692308 0.01201923076923077
1 0.47836538461538464 0.4170673076923077 0.007211538461538462 0.009615384615384616