3 0.042067307692307696 0.4483173076923077 0.015625 0.013221153846153846
1 0.04567307692307692 0.4855769230769231 0.09134615384615384 0.07211538461538461
1 0.20072115384615385 0.46634615384615385 0.06971153846153846 0.05048076923076923
1 0.30528846153846156 0.4651442307692308 0.06370192307692307 0.055288461538461536
1 0.35096153846153844 0.44711538461538464 0.03245192307692308 0.027644230769230768
1 0.38100961538461536 0.44711538461538464 0.02403846153846154 0.02403846153846154
1 0.5060096153846154 0.5060096153846154 0.203125 0.21514423076923078
0 0.6971153846153846 0.43028846153846156 0.18389423076923078 0.19951923076923078
1 0.875 0.43149038461538464 0.05048076923076923 0.038461538461538464
1 0.4026442307692308 0.4423076923076923 0.016826923076923076 0.021634615384615384
1 0.41586538461538464 0.4411057692307692 0.014423076923076924 0.015625