1 0.21153846153846154 0.4699519230769231 0.05048076923076923 0.04447115384615385
3 0.21634615384615385 0.4423076923076923 0.007211538461538462 0.013221153846153846
3 0.2980769230769231 0.43509615384615385 0.007211538461538462 0.009615384615384616
3 0.33413461538461536 0.43509615384615385 0.007211538461538462 0.019230769230769232
1 0.2956730769230769 0.4567307692307692 0.037259615384615384 0.03485576923076923
1 0.3762019230769231 0.4411057692307692 0.020432692307692308 0.02403846153846154
1 0.3894230769230769 0.43509615384615385 0.014423076923076924 0.025240384615384616
1 0.41466346153846156 0.43509615384615385 0.016826923076923076 0.021634615384615384
1 0.46634615384615385 0.4411057692307692 0.020432692307692308 0.02403846153846154
1 0.49158653846153844 0.45552884615384615 0.042067307692307696 0.046875
1 0.6670673076923077 0.5492788461538461 0.33774038461538464 0.35096153846153844
0 0.5432692307692307 0.43028846153846156 0.025240384615384616 0.06009615384615385
1 0.42908653846153844 0.4326923076923077 0.010817307692307692 0.018028846153846152
1 0.4375 0.42908653846153844 0.006009615384615385 0.013221153846153846
1 0.484375 0.4266826923076923 0.006009615384615385 0.009615384615384616
1 0.5012019230769231 0.42427884615384615 0.004807692307692308 0.007211538461538462
1 0.49399038461538464 0.4230769230769231 0.004807692307692308 0.006009615384615385