3 0.2403846153846154 0.42788461538461536 0.010817307692307692 0.015625
1 0.29927884615384615 0.43990384615384615 0.055288461538461536 0.05048076923076923
1 0.3329326923076923 0.4326923076923077 0.025240384615384616 0.040865384615384616
1 0.35096153846153844 0.43509615384615385 0.015625 0.025240384615384616
1 0.3786057692307692 0.4338942307692308 0.020432692307692308 0.02403846153846154
1 0.3942307692307692 0.43149038461538464 0.014423076923076924 0.019230769230769232
1 0.4807692307692308 0.4254807692307692 0.015625 0.019230769230769232
0 0.6153846153846154 0.38461538461538464 0.07211538461538461 0.03125
1 0.578125 0.5228365384615384 0.25961538461538464 0.27524038461538464
1 0.4182692307692308 0.42908653846153844 0.020432692307692308 0.018028846153846152
1 0.4495192307692308 0.421875 0.014423076923076924 0.015625
1 0.4651442307692308 0.4170673076923077 0.01201923076923077 0.013221153846153846