4 0.11298076923076923 0.45072115384615385 0.20793269230769232 0.18389423076923078
1 0.23076923076923078 0.49399038461538464 0.08653846153846154 0.07451923076923077
1 0.3894230769230769 0.47115384615384615 0.027644230769230768 0.028846153846153848
1 0.41947115384615385 0.47115384615384615 0.026442307692307692 0.02403846153846154
1 0.4495192307692308 0.46153846153846156 0.020432692307692308 0.02403846153846154
1 0.46153846153846156 0.453125 0.014423076923076924 0.019230769230769232
1 0.46875 0.44471153846153844 0.01201923076923077 0.018028846153846152
1 0.4855769230769231 0.4567307692307692 0.019230769230769232 0.02403846153846154
1 0.4855769230769231 0.43509615384615385 0.014423076923076924 0.018028846153846152
1 0.49399038461538464 0.4230769230769231 0.009615384615384616 0.013221153846153846
1 0.4987980769230769 0.41466346153846156 0.010817307692307692 0.013221153846153846
1 0.9122596153846154 0.49158653846153844 0.12620192307692307 0.09975961538461539
1 0.6742788461538461 0.4807692307692308 0.07932692307692307 0.10096153846153846
1 0.6262019230769231 0.4735576923076923 0.036057692307692304 0.04927884615384615
4 0.5841346153846154 0.4675480769230769 0.027644230769230768 0.040865384615384616
1 0.5997596153846154 0.4495192307692308 0.019230769230769232 0.02403846153846154
1 0.5673076923076923 0.44471153846153844 0.019230769230769232 0.021634615384615384
1 0.5769230769230769 0.41947115384615385 0.01201923076923077 0.01201923076923077
1 0.5649038461538461 0.40625 0.010817307692307692 0.01201923076923077
1 0.5540865384615384 0.4026442307692308 0.010817307692307692 0.01201923076923077