1 0.8473557692307693 0.4807692307692308 0.1141826923076923 0.09735576923076923
1 0.6213942307692307 0.46274038461538464 0.0625 0.08653846153846154
1 0.109375 0.4855769230769231 0.12860576923076922 0.10697115384615384
1 0.20432692307692307 0.47475961538461536 0.0625 0.0625
1 0.31850961538461536 0.46274038461538464 0.06610576923076923 0.05889423076923077
1 0.3605769230769231 0.45913461538461536 0.036057692307692304 0.03485576923076923
4 0.41225961538461536 0.453125 0.04807692307692308 0.05048076923076923
1 0.5204326923076923 0.4483173076923077 0.015625 0.018028846153846152
1 0.5300480769230769 0.421875 0.01201923076923077 0.015625
1 0.5228365384615384 0.4266826923076923 0.010817307692307692 0.013221153846153846
1 0.5180288461538461 0.43509615384615385 0.010817307692307692 0.013221153846153846
1 0.4987980769230769 0.4519230769230769 0.01201923076923077 0.013221153846153846
4 0.5877403846153846 0.46634615384615385 0.021634615384615384 0.037259615384615384
1 0.6574519230769231 0.4651442307692308 0.020432692307692308 0.038461538461538464
1 0.5877403846153846 0.4266826923076923 0.01201923076923077 0.013221153846153846
1 0.5745192307692307 0.41947115384615385 0.01201923076923077 0.013221153846153846
1 0.4675480769230769 0.45552884615384615 0.010817307692307692 0.01201923076923077
1 0.5036057692307693 0.43990384615384615 0.010817307692307692 0.015625