1 0.31490384615384615 0.4579326923076923 0.051682692307692304 0.04927884615384615
1 0.38461538461538464 0.4579326923076923 0.05048076923076923 0.04447115384615385
1 0.37259615384615385 0.44471153846153844 0.03245192307692308 0.03125
1 0.3629807692307692 0.4338942307692308 0.03125 0.03485576923076923
1 0.4387019230769231 0.4170673076923077 0.021634615384615384 0.021634615384615384
1 0.4423076923076923 0.40625 0.019230769230769232 0.019230769230769232
1 0.46274038461538464 0.3954326923076923 0.015625 0.018028846153846152
4 0.4735576923076923 0.38221153846153844 0.015625 0.019230769230769232
1 0.9134615384615384 0.484375 0.1310096153846154 0.10096153846153846
1 0.7103365384615384 0.47716346153846156 0.1141826923076923 0.1310096153846154
1 0.6394230769230769 0.43509615384615385 0.040865384615384616 0.040865384615384616
1 0.6213942307692307 0.4206730769230769 0.025240384615384616 0.03365384615384615
4 0.5769230769230769 0.42908653846153844 0.03245192307692308 0.037259615384615384
1 0.5697115384615384 0.40384615384615385 0.019230769230769232 0.021634615384615384
1 0.5865384615384616 0.3954326923076923 0.019230769230769232 0.021634615384615384
1 0.5576923076923077 0.39302884615384615 0.019230769230769232 0.021634615384615384
1 0.5612980769230769 0.3737980769230769 0.010817307692307692 0.013221153846153846
1 0.5516826923076923 0.35697115384615385 0.009615384615384616 0.01201923076923077
1 0.5432692307692307 0.3605769230769231 0.009615384615384616 0.009615384615384616
1 0.5408653846153846 0.35216346153846156 0.009615384615384616 0.009615384615384616
1 0.4963942307692308 0.34975961538461536 0.007211538461538462 0.01201923076923077
1 0.5024038461538461 0.34134615384615385 0.007211538461538462 0.009615384615384616