1 0.3137019230769231 0.48677884615384615 0.052884615384615384 0.055288461538461536
1 0.3942307692307692 0.47836538461538464 0.036057692307692304 0.03125
1 0.5108173076923077 0.4699519230769231 0.015625 0.013221153846153846
1 0.49038461538461536 0.47115384615384615 0.01201923076923077 0.013221153846153846
1 0.5060096153846154 0.4567307692307692 0.009615384615384616 0.01201923076923077
1 0.5120192307692307 0.45072115384615385 0.007211538461538462 0.01201923076923077
1 0.5168269230769231 0.44591346153846156 0.01201923076923077 0.013221153846153846
1 0.5889423076923077 0.47836538461538464 0.05889423076923077 0.078125
1 0.6237980769230769 0.47596153846153844 0.027644230769230768 0.052884615384615384
1 0.6418269230769231 0.4795673076923077 0.019230769230769232 0.037259615384615384
1 0.8004807692307693 0.49278846153846156 0.1045673076923077 0.09375