1 0.21995192307692307 0.48197115384615385 0.040865384615384616 0.056490384615384616
1 0.2620192307692308 0.484375 0.0673076923076923 0.0625
1 0.38100961538461536 0.46153846153846156 0.03485576923076923 0.03485576923076923
1 0.4362980769230769 0.4567307692307692 0.03125 0.03125
1 0.4098557692307692 0.45072115384615385 0.02403846153846154 0.025240384615384616
1 0.453125 0.42908653846153844 0.019230769230769232 0.018028846153846152
1 0.47115384615384615 0.4098557692307692 0.014423076923076924 0.015625
4 0.47836538461538464 0.39783653846153844 0.014423076923076924 0.018028846153846152
1 0.9134615384615384 0.49399038461538464 0.13221153846153846 0.10096153846153846
1 0.6935096153846154 0.484375 0.10336538461538461 0.11778846153846154
1 0.6322115384615384 0.45552884615384615 0.037259615384615384 0.040865384615384616
4 0.5757211538461539 0.4519230769230769 0.030048076923076924 0.037259615384615384
1 0.5697115384615384 0.42427884615384615 0.019230769230769232 0.021634615384615384
1 0.5853365384615384 0.41947115384615385 0.020432692307692308 0.02403846153846154
1 0.5564903846153846 0.41466346153846156 0.019230769230769232 0.021634615384615384
1 0.5637019230769231 0.39302884615384615 0.010817307692307692 0.01201923076923077
1 0.5528846153846154 0.3786057692307692 0.009615384615384616 0.01201923076923077
1 0.5432692307692307 0.3786057692307692 0.009615384615384616 0.01201923076923077
1 0.5384615384615384 0.3713942307692308 0.009615384615384616 0.007211538461538462
1 0.4963942307692308 0.36538461538461536 0.007211538461538462 0.007211538461538462
1 0.5024038461538461 0.35697115384615385 0.007211538461538462 0.007211538461538462