1 0.3245192307692308 0.49278846153846156 0.06971153846153846 0.052884615384615384
1 0.3798076923076923 0.49038461538461536 0.040865384615384616 0.03485576923076923
1 0.4362980769230769 0.48197115384615385 0.02403846153846154 0.019230769230769232
1 0.46153846153846156 0.48197115384615385 0.015625 0.018028846153846152
1 0.4807692307692308 0.47596153846153844 0.016826923076923076 0.018028846153846152
1 0.49038461538461536 0.4675480769230769 0.01201923076923077 0.018028846153846152
1 0.4963942307692308 0.4579326923076923 0.01201923076923077 0.018028846153846152
1 0.5120192307692307 0.46875 0.015625 0.019230769230769232
1 0.5096153846153846 0.45072115384615385 0.010817307692307692 0.013221153846153846
1 0.5168269230769231 0.4411057692307692 0.010817307692307692 0.01201923076923077
1 0.5240384615384616 0.43509615384615385 0.009615384615384616 0.013221153846153846
4 0.3016826923076923 0.47115384615384615 0.09975961538461539 0.10576923076923077
1 0.9110576923076923 0.5024038461538461 0.125 0.09975961538461539
1 0.671875 0.49038461538461536 0.07451923076923077 0.09735576923076923
4 0.6009615384615384 0.48677884615384615 0.027644230769230768 0.037259615384615384
1 0.5841346153846154 0.4675480769230769 0.019230769230769232 0.021634615384615384
1 0.6189903846153846 0.47115384615384615 0.015625 0.021634615384615384
1 0.6358173076923077 0.4831730769230769 0.027644230769230768 0.04447115384615385
1 0.5949519230769231 0.4411057692307692 0.014423076923076924 0.015625
1 0.5841346153846154 0.43028846153846156 0.009615384615384616 0.015625
1 0.5745192307692307 0.4254807692307692 0.01201923076923077 0.01201923076923077
1 0.5372596153846154 0.39663461538461536 0.007211538461538462 0.01201923076923077