4 0.5949519230769231 0.43509615384615385 0.03245192307692308 0.040865384615384616
1 0.6550480769230769 0.4338942307692308 0.038461538461538464 0.04326923076923077
1 0.625 0.42908653846153844 0.027644230769230768 0.03365384615384615
4 0.5588942307692307 0.42788461538461536 0.021634615384615384 0.02403846153846154
1 0.46033653846153844 0.4182692307692308 0.010817307692307692 0.015625
1 0.49278846153846156 0.40865384615384615 0.010817307692307692 0.013221153846153846
1 0.4963942307692308 0.3954326923076923 0.007211538461538462 0.009615384615384616
1 0.5060096153846154 0.3954326923076923 0.006009615384615385 0.009615384615384616
1 0.5168269230769231 0.3954326923076923 0.007211538461538462 0.009615384615384616
1 0.546875 0.4026442307692308 0.009615384615384616 0.01201923076923077
1 0.5697115384615384 0.40865384615384615 0.010817307692307692 0.01201923076923077
1 0.5396634615384616 0.39302884615384615 0.007211538461538462 0.009615384615384616
1 0.5552884615384616 0.3954326923076923 0.010817307692307692 0.013221153846153846