1 0.9627403846153846 0.5625 0.06971153846153846 0.25721153846153844
1 0.9543269230769231 0.4795673076923077 0.08774038461538461 0.10697115384615384
4 0.5769230769230769 0.43990384615384615 0.03125 0.040865384615384616
4 0.5444711538461539 0.43149038461538464 0.016826923076923076 0.02403846153846154
1 0.6045673076923077 0.4338942307692308 0.025240384615384616 0.03485576923076923
1 0.6394230769230769 0.43990384615384615 0.037259615384615384 0.040865384615384616
1 0.4362980769230769 0.4254807692307692 0.015625 0.019230769230769232
1 0.4735576923076923 0.41586538461538464 0.01201923076923077 0.019230769230769232
1 0.47836538461538464 0.40024038461538464 0.010817307692307692 0.01201923076923077
1 0.4963942307692308 0.40024038461538464 0.009615384615384616 0.01201923076923077
1 0.5528846153846154 0.41225961538461536 0.009615384615384616 0.01201923076923077
1 0.53125 0.4074519230769231 0.009615384615384616 0.009615384615384616
1 0.5408653846153846 0.4026442307692308 0.009615384615384616 0.01201923076923077
1 0.5240384615384616 0.39663461538461536 0.010817307692307692 0.01201923076923077