3 0.38461538461538464 0.4098557692307692 0.009615384615384616 0.019230769230769232
4 0.44591346153846156 0.40625 0.014423076923076924 0.027644230769230768
1 0.45913461538461536 0.4110576923076923 0.01201923076923077 0.018028846153846152
1 0.4723557692307692 0.4098557692307692 0.01201923076923077 0.019230769230769232
1 0.49158653846153844 0.4050480769230769 0.010817307692307692 0.013221153846153846
1 0.5192307692307693 0.40384615384615385 0.007211538461538462 0.013221153846153846
1 0.5805288461538461 0.4699519230769231 0.09495192307692307 0.11538461538461539
1 0.6466346153846154 0.43990384615384615 0.040865384615384616 0.04927884615384615
1 0.5456730769230769 0.4050480769230769 0.015625 0.013221153846153846
4 0.5552884615384616 0.39663461538461536 0.015625 0.02403846153846154
1 0.5432692307692307 0.4254807692307692 0.02403846153846154 0.027644230769230768
1 0.5012019230769231 0.40384615384615385 0.010817307692307692 0.015625