3 0.1201923076923077 0.46153846153846156 0.01201923076923077 0.04927884615384615
1 0.2800480769230769 0.45913461538461536 0.03485576923076923 0.03125
1 0.3137019230769231 0.4543269230769231 0.027644230769230768 0.028846153846153848
1 0.40024038461538464 0.44591346153846156 0.020432692307692308 0.018028846153846152
1 0.4182692307692308 0.44471153846153844 0.014423076923076924 0.015625
1 0.4338942307692308 0.4411057692307692 0.019230769230769232 0.019230769230769232
1 0.8677884615384616 0.5204326923076923 0.19831730769230768 0.1658653846153846
1 0.6334134615384616 0.4579326923076923 0.06129807692307692 0.07211538461538461
1 0.59375 0.45072115384615385 0.03125 0.03365384615384615
1 0.5625 0.44350961538461536 0.025240384615384616 0.027644230769230768
1 0.5252403846153846 0.44591346153846156 0.020432692307692308 0.028846153846153848
4 0.5372596153846154 0.43028846153846156 0.015625 0.025240384615384616