1 0.09134615384615384 0.6490384615384616 0.18269230769230768 0.44711538461538464
1 0.9086538461538461 0.53125 0.18028846153846154 0.19110576923076922
1 0.6358173076923077 0.4579326923076923 0.05048076923076923 0.06009615384615385
1 0.5925480769230769 0.45072115384615385 0.026442307692307692 0.027644230769230768
1 0.5288461538461539 0.44711538461538464 0.020432692307692308 0.03125
1 0.5552884615384616 0.44471153846153844 0.021634615384615384 0.027644230769230768
1 0.5733173076923077 0.43990384615384615 0.015625 0.018028846153846152
4 0.5504807692307693 0.42427884615384615 0.016826923076923076 0.02403846153846154
1 0.5144230769230769 0.43990384615384615 0.014423076923076924 0.018028846153846152
1 0.45552884615384615 0.4423076923076923 0.016826923076923076 0.018028846153846152
1 0.47596153846153844 0.4387019230769231 0.01201923076923077 0.009615384615384616