1 0.9002403846153846 0.5300480769230769 0.1971153846153846 0.1814903846153846
1 0.6298076923076923 0.45552884615384615 0.05048076923076923 0.06009615384615385
1 0.5841346153846154 0.4495192307692308 0.030048076923076924 0.03125
1 0.5492788461538461 0.44471153846153844 0.02403846153846154 0.027644230769230768
1 0.5625 0.43509615384615385 0.015625 0.019230769230769232
1 0.5240384615384616 0.44591346153846156 0.025240384615384616 0.028846153846153848
1 0.5096153846153846 0.43990384615384615 0.015625 0.019230769230769232
4 0.5420673076923077 0.42427884615384615 0.015625 0.025240384615384616
1 0.45913461538461536 0.43990384615384615 0.014423076923076924 0.013221153846153846
1 0.47475961538461536 0.43509615384615385 0.01201923076923077 0.01201923076923077
1 0.49278846153846156 0.4362980769230769 0.01201923076923077 0.009615384615384616