1 0.4375 0.44471153846153844 0.015625 0.027644230769230768
1 0.45072115384615385 0.44471153846153844 0.010817307692307692 0.018028846153846152
1 0.46033653846153844 0.4423076923076923 0.010817307692307692 0.013221153846153846
1 0.41466346153846156 0.4423076923076923 0.020432692307692308 0.021634615384615384
1 0.3581730769230769 0.4483173076923077 0.027644230769230768 0.028846153846153848
1 0.37740384615384615 0.44711538461538464 0.020432692307692308 0.019230769230769232
1 0.3125 0.44711538461538464 0.03125 0.03125
1 0.0733173076923077 0.48197115384615385 0.09975961538461539 0.0625
1 0.5096153846153846 0.4831730769230769 0.09975961538461539 0.10697115384615384
1 0.5588942307692307 0.4411057692307692 0.027644230769230768 0.03125
4 0.5649038461538461 0.41947115384615385 0.026442307692307692 0.037259615384615384
1 0.6310096153846154 0.44711538461538464 0.038461538461538464 0.03485576923076923
1 0.6766826923076923 0.4543269230769231 0.0625 0.07572115384615384
1 0.9254807692307693 0.5516826923076923 0.14543269230769232 0.2247596153846154