1 0.040865384615384616 0.47475961538461536 0.08173076923076923 0.07451923076923077
1 0.14903846153846154 0.4699519230769231 0.07692307692307693 0.06490384615384616
1 0.27524038461538464 0.4519230769230769 0.042067307692307696 0.037259615384615384
1 0.35336538461538464 0.44471153846153844 0.03245192307692308 0.03125
1 0.38100961538461536 0.4483173076923077 0.020432692307692308 0.025240384615384616
1 0.40024038461538464 0.44711538461538464 0.019230769230769232 0.03125
1 0.421875 0.44711538461538464 0.025240384615384616 0.03125
1 0.44471153846153844 0.44471153846153844 0.016826923076923076 0.025240384615384616
1 0.45913461538461536 0.43990384615384615 0.015625 0.021634615384615384
1 0.53125 0.47115384615384615 0.08774038461538461 0.09975961538461539
4 0.5757211538461539 0.42788461538461536 0.03245192307692308 0.05889423076923077
1 0.7211538461538461 0.4519230769230769 0.0733173076923077 0.08413461538461539
1 0.7836538461538461 0.4495192307692308 0.0673076923076923 0.04326923076923077
1 0.890625 0.5360576923076923 0.21514423076923078 0.2127403846153846