1 0.2283653846153846 0.453125 0.05048076923076923 0.04326923076923077
1 0.2956730769230769 0.4543269230769231 0.04326923076923077 0.037259615384615384
1 0.33774038461538464 0.4495192307692308 0.03245192307692308 0.027644230769230768
1 0.3870192307692308 0.4423076923076923 0.02403846153846154 0.021634615384615384
1 0.43028846153846156 0.44471153846153844 0.02403846153846154 0.027644230769230768
1 0.453125 0.4411057692307692 0.015625 0.019230769230769232
1 0.5216346153846154 0.47596153846153844 0.09254807692307693 0.09735576923076923
1 0.5588942307692307 0.43990384615384615 0.02403846153846154 0.03485576923076923
4 0.5685096153846154 0.42427884615384615 0.025240384615384616 0.052884615384615384
1 0.4699519230769231 0.43509615384615385 0.010817307692307692 0.013221153846153846
1 0.6911057692307693 0.45072115384615385 0.0673076923076923 0.078125
1 0.9098557692307693 0.5456730769230769 0.1778846153846154 0.21634615384615385