1 0.14543269230769232 0.46274038461538464 0.09975961538461539 0.07451923076923077
1 0.27403846153846156 0.4579326923076923 0.07451923076923077 0.07211538461538461
1 0.3137019230769231 0.44711538461538464 0.037259615384615384 0.04326923076923077
1 0.3942307692307692 0.43028846153846156 0.019230769230769232 0.027644230769230768
1 0.41346153846153844 0.4338942307692308 0.02403846153846154 0.02403846153846154
1 0.4375 0.42788461538461536 0.025240384615384616 0.019230769230769232
1 0.45552884615384615 0.42427884615384615 0.016826923076923076 0.02403846153846154
1 0.5216346153846154 0.4495192307692308 0.07692307692307693 0.078125
1 0.5564903846153846 0.42908653846153844 0.025240384615384616 0.037259615384615384
4 0.5925480769230769 0.40865384615384615 0.038461538461538464 0.06971153846153846
1 0.7728365384615384 0.5012019230769231 0.18269230769230768 0.16947115384615385