1 0.3894230769230769 0.45552884615384615 0.026442307692307692 0.03125
1 0.4254807692307692 0.45913461538461536 0.030048076923076924 0.03125
1 0.44471153846153844 0.45552884615384615 0.019230769230769232 0.027644230769230768
1 0.4807692307692308 0.45552884615384615 0.030048076923076924 0.03125
1 0.5012019230769231 0.44591346153846156 0.015625 0.021634615384615384
1 0.5420673076923077 0.45552884615384615 0.040865384615384616 0.04927884615384615
1 0.5637019230769231 0.45552884615384615 0.015625 0.03125
1 0.6153846153846154 0.45552884615384615 0.03485576923076923 0.038461538461538464
1 0.6658653846153846 0.46274038461538464 0.0673076923076923 0.07451923076923077
1 0.7115384615384616 0.4543269230769231 0.037259615384615384 0.04927884615384615
1 0.5853365384615384 0.4483173076923077 0.02403846153846154 0.025240384615384616