1 0.3125 0.4567307692307692 0.040865384615384616 0.04326923076923077
1 0.3713942307692308 0.4579326923076923 0.042067307692307696 0.040865384615384616
1 0.40024038461538464 0.4519230769230769 0.030048076923076924 0.037259615384615384
1 0.44591346153846156 0.45552884615384615 0.042067307692307696 0.04326923076923077
1 0.48197115384615385 0.43990384615384615 0.020432692307692308 0.025240384615384616
1 0.5036057692307693 0.43990384615384615 0.01201923076923077 0.019230769230769232
1 0.5384615384615384 0.45072115384615385 0.04567307692307692 0.046875
1 0.5745192307692307 0.4411057692307692 0.021634615384615384 0.027644230769230768
1 0.5973557692307693 0.44471153846153844 0.026442307692307692 0.038461538461538464
1 0.6213942307692307 0.4519230769230769 0.042067307692307696 0.04447115384615385
1 0.7199519230769231 0.4699519230769231 0.11057692307692307 0.10697115384615384