1 0.05048076923076923 0.4699519230769231 0.09975961538461539 0.07211538461538461
1 0.37740384615384615 0.4423076923076923 0.026442307692307692 0.025240384615384616
1 0.4206730769230769 0.4387019230769231 0.02403846153846154 0.018028846153846152
1 0.4831730769230769 0.44350961538461536 0.026442307692307692 0.027644230769230768
1 0.5192307692307693 0.44471153846153844 0.03245192307692308 0.04447115384615385
1 0.5588942307692307 0.48197115384615385 0.09975961538461539 0.10576923076923077
1 0.6057692307692307 0.44471153846153844 0.03485576923076923 0.038461538461538464
1 0.7067307692307693 0.46153846153846156 0.09254807692307693 0.08774038461538461
4 0.4543269230769231 0.42788461538461536 0.02403846153846154 0.027644230769230768
1 0.49399038461538464 0.4110576923076923 0.006009615384615385 0.009615384615384616
1 0.5024038461538461 0.4110576923076923 0.007211538461538462 0.009615384615384616