1 0.22115384615384615 0.45072115384615385 0.0673076923076923 0.05048076923076923
1 0.3269230769230769 0.44471153846153844 0.05048076923076923 0.028846153846153848
4 0.43149038461538464 0.4266826923076923 0.027644230769230768 0.037259615384615384
1 0.46033653846153844 0.43028846153846156 0.010817307692307692 0.013221153846153846
1 0.47115384615384615 0.43028846153846156 0.007211538461538462 0.018028846153846152
1 0.49278846153846156 0.4375 0.026442307692307692 0.027644230769230768
1 0.5276442307692307 0.4326923076923077 0.03125 0.037259615384615384
1 0.5588942307692307 0.47836538461538464 0.09375 0.09735576923076923
1 0.6105769230769231 0.44471153846153844 0.03485576923076923 0.040865384615384616
1 0.7103365384615384 0.46033653846153844 0.0889423076923077 0.08774038461538461
1 0.5012019230769231 0.41586538461538464 0.007211538461538462 0.007211538461538462
1 0.5108173076923077 0.40865384615384615 0.006009615384615385 0.007211538461538462