4 0.11177884615384616 0.3954326923076923 0.22355769230769232 0.7367788461538461
4 0.3293269230769231 0.44350961538461536 0.027644230769230768 0.03485576923076923
1 0.4254807692307692 0.43509615384615385 0.025240384615384616 0.028846153846153848
1 0.45913461538461536 0.42908653846153844 0.01201923076923077 0.018028846153846152
1 0.4855769230769231 0.40865384615384615 0.01201923076923077 0.015625
1 0.47596153846153844 0.4411057692307692 0.02403846153846154 0.027644230769230768
1 0.5096153846153846 0.46634615384615385 0.06850961538461539 0.07211538461538461
1 0.5216346153846154 0.41586538461538464 0.010817307692307692 0.01201923076923077
1 0.5300480769230769 0.40865384615384615 0.009615384615384616 0.013221153846153846
1 0.5865384615384616 0.44471153846153844 0.038461538461538464 0.038461538461538464
1 0.6658653846153846 0.46153846153846156 0.07932692307692307 0.078125