4 0.4074519230769231 0.40384615384615385 0.1346153846153846 0.20552884615384615
1 0.4879807692307692 0.43028846153846156 0.03245192307692308 0.03365384615384615
1 0.5324519230769231 0.43990384615384615 0.042067307692307696 0.05889423076923077
1 0.5745192307692307 0.41947115384615385 0.021634615384615384 0.027644230769230768
1 0.6057692307692307 0.43509615384615385 0.036057692307692304 0.037259615384615384
1 0.6730769230769231 0.4495192307692308 0.06971153846153846 0.06971153846153846
1 0.5384615384615384 0.40024038461538464 0.01201923076923077 0.01201923076923077
1 0.5384615384615384 0.38822115384615385 0.010817307692307692 0.01201923076923077
1 0.4807692307692308 0.40384615384615385 0.01201923076923077 0.01201923076923077
1 0.4963942307692308 0.3786057692307692 0.010817307692307692 0.015625
1 0.5240384615384616 0.38822115384615385 0.01201923076923077 0.015625