1 0.22115384615384615 0.4639423076923077 0.057692307692307696 0.04447115384615385
4 0.3449519230769231 0.40865384615384615 0.19951923076923078 0.2776442307692308
1 0.46274038461538464 0.45552884615384615 0.040865384615384616 0.046875
1 0.4891826923076923 0.43990384615384615 0.025240384615384616 0.025240384615384616
1 0.5300480769230769 0.45072115384615385 0.036057692307692304 0.06009615384615385
1 0.5637019230769231 0.42788461538461536 0.021634615384615384 0.02403846153846154
1 0.5985576923076923 0.44711538461538464 0.037259615384615384 0.03485576923076923
1 0.6754807692307693 0.46153846153846156 0.07211538461538461 0.07211538461538461
1 0.48677884615384615 0.4074519230769231 0.010817307692307692 0.009615384615384616
1 0.5012019230769231 0.4074519230769231 0.01201923076923077 0.013221153846153846
1 0.5432692307692307 0.40865384615384615 0.01201923076923077 0.01201923076923077
1 0.5348557692307693 0.4014423076923077 0.009615384615384616 0.009615384615384616
1 0.5372596153846154 0.3870192307692308 0.010817307692307692 0.01201923076923077
1 0.5204326923076923 0.40384615384615385 0.009615384615384616 0.018028846153846152