4 0.27524038461538464 0.39302884615384615 0.2932692307692308 0.38461538461538464
1 0.4519230769230769 0.45552884615384615 0.046875 0.052884615384615384
1 0.49278846153846156 0.4411057692307692 0.025240384615384616 0.027644230769230768
1 0.5252403846153846 0.4495192307692308 0.038461538461538464 0.05889423076923077
1 0.5612980769230769 0.42788461538461536 0.021634615384615384 0.02403846153846154
1 0.5973557692307693 0.44711538461538464 0.038461538461538464 0.038461538461538464
1 0.6766826923076923 0.4567307692307692 0.07211538461538461 0.07451923076923077
1 0.49278846153846156 0.40625 0.009615384615384616 0.01201923076923077
1 0.5360576923076923 0.40625 0.009615384615384616 0.01201923076923077
1 0.5384615384615384 0.39302884615384615 0.009615384615384616 0.01201923076923077
1 0.5552884615384616 0.40865384615384615 0.014423076923076924 0.01201923076923077
1 0.5060096153846154 0.40384615384615385 0.01201923076923077 0.01201923076923077