1 0.078125 0.45552884615384615 0.09375 0.07211538461538461
1 0.15264423076923078 0.43509615384615385 0.06370192307692307 0.06610576923076923
1 0.22235576923076922 0.44711538461538464 0.09375 0.06971153846153846
1 0.22235576923076922 0.4026442307692308 0.04807692307692308 0.02403846153846154
4 0.30649038461538464 0.3942307692307692 0.12980769230769232 0.12860576923076922
4 0.42788461538461536 0.38341346153846156 0.09014423076923077 0.1622596153846154
1 0.5300480769230769 0.40625 0.037259615384615384 0.055288461538461536
1 0.5060096153846154 0.37259615384615385 0.010817307692307692 0.013221153846153846
1 0.5384615384615384 0.38221153846153844 0.021634615384615384 0.021634615384615384
1 0.5276442307692307 0.37259615384615385 0.019230769230769232 0.015625
3 0.5637019230769231 0.36778846153846156 0.010817307692307692 0.025240384615384616