4 0.5144230769230769 0.4014423076923077 0.13581730769230768 0.2439903846153846
4 0.42908653846153844 0.40024038461538464 0.038461538461538464 0.055288461538461536
1 0.4170673076923077 0.42427884615384615 0.027644230769230768 0.028846153846153848
1 0.36899038461538464 0.42908653846153844 0.027644230769230768 0.028846153846153848
1 0.4026442307692308 0.40865384615384615 0.021634615384615384 0.028846153846153848
1 0.17067307692307693 0.5228365384615384 0.20192307692307693 0.17427884615384615
1 0.6454326923076923 0.453125 0.0625 0.05889423076923077
1 0.6887019230769231 0.44471153846153844 0.05889423076923077 0.06009615384615385
1 0.7668269230769231 0.4699519230769231 0.11778846153846154 0.11538461538461539
1 0.38100961538461536 0.41947115384615385 0.021634615384615384 0.027644230769230768
1 0.39302884615384615 0.41346153846153844 0.020432692307692308 0.027644230769230768