4 0.5372596153846154 0.4074519230769231 0.13581730769230768 0.25961538461538464
4 0.44350961538461536 0.40865384615384615 0.037259615384615384 0.05048076923076923
1 0.43149038461538464 0.43028846153846156 0.025240384615384616 0.025240384615384616
1 0.3894230769230769 0.43149038461538464 0.020432692307692308 0.027644230769230768
1 0.41586538461538464 0.41346153846153844 0.016826923076923076 0.025240384615384616
1 0.3449519230769231 0.49278846153846156 0.11538461538461539 0.11298076923076923
1 0.6213942307692307 0.45913461538461536 0.046875 0.05048076923076923
1 0.6430288461538461 0.44591346153846156 0.04567307692307692 0.052884615384615384
1 0.7463942307692307 0.47596153846153844 0.11057692307692307 0.109375
3 0.9350961538461539 0.4579326923076923 0.030048076923076924 0.09134615384615384
1 0.39903846153846156 0.421875 0.02403846153846154 0.027644230769230768