1 0.8629807692307693 0.5084134615384616 0.15504807692307693 0.14302884615384615
1 0.9591346153846154 0.47836538461538464 0.078125 0.08173076923076923
4 0.46274038461538464 0.4338942307692308 0.109375 0.203125
1 0.5300480769230769 0.46634615384615385 0.037259615384615384 0.06610576923076923
1 0.5564903846153846 0.43149038461538464 0.021634615384615384 0.027644230769230768
1 0.5384615384615384 0.42427884615384615 0.025240384615384616 0.025240384615384616
1 0.5432692307692307 0.390625 0.01201923076923077 0.015625
1 0.5276442307692307 0.3918269230769231 0.015625 0.018028846153846152
1 0.4026442307692308 0.4519230769230769 0.025240384615384616 0.037259615384615384
1 0.3449519230769231 0.4579326923076923 0.038461538461538464 0.03365384615384615
1 0.36177884615384615 0.44471153846153844 0.026442307692307692 0.03485576923076923
1 0.3786057692307692 0.4375 0.026442307692307692 0.04326923076923077
1 0.3942307692307692 0.4230769230769231 0.021634615384615384 0.025240384615384616