1 0.43028846153846156 0.4326923076923077 0.016826923076923076 0.018028846153846152
1 0.4423076923076923 0.4326923076923077 0.01201923076923077 0.013221153846153846
1 0.44471153846153844 0.41947115384615385 0.020432692307692308 0.018028846153846152
1 0.47836538461538464 0.39903846153846156 0.009615384615384616 0.013221153846153846
1 0.4879807692307692 0.40384615384615385 0.010817307692307692 0.013221153846153846
1 0.5 0.3954326923076923 0.01201923076923077 0.018028846153846152
4 0.5240384615384616 0.390625 0.019230769230769232 0.03485576923076923
1 0.5132211538461539 0.43509615384615385 0.030048076923076924 0.03485576923076923
1 0.4963942307692308 0.42908653846153844 0.014423076923076924 0.021634615384615384
1 0.5528846153846154 0.4411057692307692 0.040865384615384616 0.06610576923076923
1 0.5432692307692307 0.3954326923076923 0.009615384615384616 0.018028846153846152