2 0.5552884615384616 0.44350961538461536 0.019230769230769232 0.04326923076923077
1 0.7620192307692307 0.41346153846153844 0.030048076923076924 0.03365384615384615
1 0.828125 0.40384615384615385 0.03125 0.03365384615384615
1 0.9278846153846154 0.40625 0.026442307692307692 0.03485576923076923
4 0.9435096153846154 0.35096153846153844 0.015625 0.019230769230769232
1 0.9855769230769231 0.3545673076923077 0.014423076923076924 0.018028846153846152
1 0.9855769230769231 0.33774038461538464 0.014423076923076924 0.015625
1 0.9627403846153846 0.34975961538461536 0.014423076923076924 0.015625
1 0.9723557692307693 0.37259615384615385 0.019230769230769232 0.021634615384615384
1 0.9675480769230769 0.3641826923076923 0.015625 0.018028846153846152
1 0.9639423076923077 0.32572115384615385 0.009615384615384616 0.009615384615384616