1 0.8076923076923077 0.4014423076923077 0.027644230769230768 0.03365384615384615
4 0.8076923076923077 0.35697115384615385 0.019230769230769232 0.019230769230769232
1 0.828125 0.35336538461538464 0.015625 0.015625
1 0.8389423076923077 0.35096153846153844 0.01201923076923077 0.015625
1 0.8509615384615384 0.36778846153846156 0.016826923076923076 0.021634615384615384
1 0.8557692307692307 0.36177884615384615 0.014423076923076924 0.019230769230769232
1 0.8653846153846154 0.35336538461538464 0.015625 0.019230769230769232
1 0.8581730769230769 0.3425480769230769 0.01201923076923077 0.013221153846153846
1 0.9050480769230769 0.3401442307692308 0.010817307692307692 0.015625
1 0.8689903846153846 0.33774038461538464 0.009615384615384616 0.01201923076923077
1 0.6286057692307693 0.41466346153846156 0.030048076923076924 0.03365384615384615
1 0.6887019230769231 0.4074519230769231 0.030048076923076924 0.03365384615384615
2 0.3894230769230769 0.44591346153846156 0.020432692307692308 0.04927884615384615
1 0.8689903846153846 0.3269230769230769 0.009615384615384616 0.009615384615384616
1 0.8930288461538461 0.34975961538461536 0.010817307692307692 0.015625
1 0.8990384615384616 0.33653846153846156 0.01201923076923077 0.01201923076923077
1 0.8401442307692307 0.33052884615384615 0.009615384615384616 0.009615384615384616