2 0.15985576923076922 0.47475961538461536 0.036057692307692304 0.078125
1 0.5793269230769231 0.42427884615384615 0.03245192307692308 0.03365384615384615
1 0.6310096153846154 0.4206730769230769 0.03485576923076923 0.037259615384615384
4 0.7127403846153846 0.37740384615384615 0.020432692307692308 0.025240384615384616
1 0.7355769230769231 0.3762019230769231 0.019230769230769232 0.021634615384615384
1 0.7512019230769231 0.37259615384615385 0.019230769230769232 0.019230769230769232
1 0.7956730769230769 0.359375 0.015625 0.015625
1 0.8004807692307693 0.34375 0.009615384615384616 0.01201923076923077
1 0.8112980769230769 0.34975961538461536 0.010817307692307692 0.01201923076923077
1 0.8293269230769231 0.35096153846153844 0.009615384615384616 0.01201923076923077
1 0.8317307692307693 0.33774038461538464 0.009615384615384616 0.01201923076923077
1 0.8629807692307693 0.35096153846153844 0.01201923076923077 0.018028846153846152
1 0.8377403846153846 0.3629807692307692 0.01201923076923077 0.019230769230769232
1 0.8028846153846154 0.38221153846153844 0.016826923076923076 0.02403846153846154
1 0.8088942307692307 0.33653846153846156 0.009615384615384616 0.009615384615384616