2 0.19951923076923078 0.47115384615384615 0.025240384615384616 0.06610576923076923
1 0.5793269230769231 0.42427884615384615 0.03485576923076923 0.03485576923076923
1 0.6322115384615384 0.421875 0.036057692307692304 0.038461538461538464
4 0.7271634615384616 0.3762019230769231 0.020432692307692308 0.025240384615384616
1 0.7463942307692307 0.37259615384615385 0.019230769230769232 0.019230769230769232
1 0.7632211538461539 0.36899038461538464 0.016826923076923076 0.019230769230769232
1 0.7956730769230769 0.3858173076923077 0.019230769230769232 0.025240384615384616
1 0.8028846153846154 0.3581730769230769 0.01201923076923077 0.013221153846153846
1 0.8112980769230769 0.3473557692307692 0.010817307692307692 0.01201923076923077
1 0.7980769230769231 0.34134615384615385 0.009615384615384616 0.01201923076923077
1 0.8293269230769231 0.35096153846153844 0.009615384615384616 0.01201923076923077
1 0.8317307692307693 0.36778846153846156 0.014423076923076924 0.018028846153846152
1 0.8377403846153846 0.3545673076923077 0.010817307692307692 0.009615384615384616
1 0.8629807692307693 0.34975961538461536 0.01201923076923077 0.01201923076923077
1 0.8521634615384616 0.36177884615384615 0.010817307692307692 0.01201923076923077
1 0.8365384615384616 0.33774038461538464 0.010817307692307692 0.01201923076923077
1 0.8161057692307693 0.33653846153846156 0.010817307692307692 0.009615384615384616