4 0.796875 0.33774038461538464 0.015625 0.019230769230769232
1 0.8653846153846154 0.3485576923076923 0.010817307692307692 0.013221153846153846
1 0.8185096153846154 0.33653846153846156 0.009615384615384616 0.009615384615384616
1 0.8257211538461539 0.33774038461538464 0.007211538461538462 0.01201923076923077
1 0.8353365384615384 0.34375 0.014423076923076924 0.01201923076923077
1 0.7992788461538461 0.36177884615384615 0.010817307692307692 0.013221153846153846
1 0.8137019230769231 0.35336538461538464 0.010817307692307692 0.01201923076923077
1 0.8100961538461539 0.34615384615384615 0.007211538461538462 0.009615384615384616
1 0.8209134615384616 0.34975961538461536 0.010817307692307692 0.01201923076923077
1 0.8293269230769231 0.35336538461538464 0.010817307692307692 0.01201923076923077
1 0.7463942307692307 0.37259615384615385 0.015625 0.018028846153846152
1 0.6850961538461539 0.38822115384615385 0.02403846153846154 0.025240384615384616
1 0.6310096153846154 0.4206730769230769 0.03125 0.037259615384615384
1 0.6466346153846154 0.41466346153846156 0.025240384615384616 0.03365384615384615
1 0.6189903846153846 0.41346153846153844 0.025240384615384616 0.03125
4 0.5925480769230769 0.41586538461538464 0.038461538461538464 0.03485576923076923
1 0.5793269230769231 0.42427884615384615 0.03245192307692308 0.03365384615384615