4 0.5901442307692307 0.4170673076923077 0.03485576923076923 0.037259615384615384
4 0.8040865384615384 0.3389423076923077 0.014423076923076924 0.021634615384615384
1 0.6754807692307693 0.3918269230769231 0.021634615384615384 0.025240384615384616
1 0.7379807692307693 0.3737980769230769 0.019230769230769232 0.018028846153846152
1 0.6322115384615384 0.421875 0.03245192307692308 0.038461538461538464
1 0.6418269230769231 0.4170673076923077 0.026442307692307692 0.03365384615384615
1 0.6117788461538461 0.41586538461538464 0.026442307692307692 0.03125
1 0.5793269230769231 0.42427884615384615 0.03125 0.03365384615384615
1 0.7932692307692307 0.3641826923076923 0.01201923076923077 0.013221153846153846
1 0.8112980769230769 0.3545673076923077 0.010817307692307692 0.009615384615384616
1 0.8245192307692307 0.35096153846153844 0.009615384615384616 0.01201923076923077
1 0.8149038461538461 0.3485576923076923 0.007211538461538462 0.009615384615384616
1 0.8365384615384616 0.3401442307692308 0.010817307692307692 0.01201923076923077
1 0.8185096153846154 0.3389423076923077 0.009615384615384616 0.009615384615384616
1 0.8641826923076923 0.34975961538461536 0.009615384615384616 0.01201923076923077
1 0.7800480769230769 0.33413461538461536 0.010817307692307692 0.01201923076923077