1 0.8605769230769231 0.34615384615384615 0.010817307692307692 0.013221153846153846
1 0.8112980769230769 0.3425480769230769 0.009615384615384616 0.009615384615384616
1 0.7932692307692307 0.34134615384615385 0.010817307692307692 0.009615384615384616
1 0.7980769230769231 0.359375 0.01201923076923077 0.015625
1 0.7848557692307693 0.36778846153846156 0.015625 0.018028846153846152
1 0.7596153846153846 0.3737980769230769 0.016826923076923076 0.018028846153846152
1 0.671875 0.3942307692307692 0.021634615384615384 0.02403846153846154
1 0.6105769230769231 0.41586538461538464 0.020432692307692308 0.027644230769230768
1 0.6262019230769231 0.40384615384615385 0.02403846153846154 0.021634615384615384
1 0.6322115384615384 0.421875 0.037259615384615384 0.038461538461538464
1 0.5793269230769231 0.42427884615384615 0.03245192307692308 0.03365384615384615
4 0.5901442307692307 0.41586538461538464 0.036057692307692304 0.038461538461538464
4 0.8245192307692307 0.34615384615384615 0.015625 0.021634615384615384