1 0.578125 0.42427884615384615 0.03125 0.03365384615384615
4 0.5913461538461539 0.41586538461538464 0.03245192307692308 0.038461538461538464
1 0.6105769230769231 0.41586538461538464 0.019230769230769232 0.027644230769230768
1 0.6310096153846154 0.4230769230769231 0.03485576923076923 0.037259615384615384
1 0.6550480769230769 0.39903846153846156 0.026442307692307692 0.027644230769230768
1 0.7163461538461539 0.38100961538461536 0.020432692307692308 0.019230769230769232
1 0.7800480769230769 0.36778846153846156 0.014423076923076924 0.013221153846153846
4 0.8125 0.34134615384615385 0.01201923076923077 0.019230769230769232
1 0.8269230769230769 0.35336538461538464 0.009615384615384616 0.01201923076923077
1 0.8100961538461539 0.35697115384615385 0.010817307692307692 0.009615384615384616
1 0.859375 0.34615384615384615 0.009615384615384616 0.01201923076923077
1 0.8641826923076923 0.35096153846153844 0.009615384615384616 0.01201923076923077
1 0.8245192307692307 0.3389423076923077 0.007211538461538462 0.009615384615384616
1 0.8004807692307693 0.33533653846153844 0.009615384615384616 0.013221153846153846