1 0.5793269230769231 0.42427884615384615 0.03245192307692308 0.03365384615384615
1 0.609375 0.41466346153846156 0.019230769230769232 0.028846153846153848
1 0.6322115384615384 0.4206730769230769 0.03245192307692308 0.037259615384615384
1 0.6502403846153846 0.40384615384615385 0.025240384615384616 0.025240384615384616
1 0.7560096153846154 0.3762019230769231 0.016826923076923076 0.021634615384615384
1 0.7728365384615384 0.3701923076923077 0.016826923076923076 0.018028846153846152
1 0.7896634615384616 0.36177884615384615 0.014423076923076924 0.015625
1 0.7932692307692307 0.33533653846153844 0.010817307692307692 0.013221153846153846
1 0.8004807692307693 0.3425480769230769 0.009615384615384616 0.009615384615384616
1 0.8557692307692307 0.34375 0.009615384615384616 0.01201923076923077
4 0.8269230769230769 0.3473557692307692 0.015625 0.02403846153846154
4 0.5901442307692307 0.41466346153846156 0.03485576923076923 0.037259615384615384
1 0.8040865384615384 0.36177884615384615 0.010817307692307692 0.01201923076923077