1 0.8173076923076923 0.35336538461538464 0.01201923076923077 0.01201923076923077
1 0.8052884615384616 0.33653846153846156 0.010817307692307692 0.01201923076923077
1 0.8221153846153846 0.33653846153846156 0.010817307692307692 0.01201923076923077
1 0.7548076923076923 0.37740384615384615 0.019230769230769232 0.018028846153846152
1 0.7824519230769231 0.40384615384615385 0.02403846153846154 0.028846153846153848
1 0.7439903846153846 0.37259615384615385 0.014423076923076924 0.018028846153846152
1 0.7295673076923077 0.37740384615384615 0.019230769230769232 0.019230769230769232
1 0.7247596153846154 0.38822115384615385 0.021634615384615384 0.021634615384615384
1 0.6322115384615384 0.41947115384615385 0.03245192307692308 0.03485576923076923
1 0.6225961538461539 0.40625 0.020432692307692308 0.02403846153846154
1 0.609375 0.41586538461538464 0.019230769230769232 0.027644230769230768
1 0.5793269230769231 0.42427884615384615 0.03245192307692308 0.03365384615384615
4 0.5913461538461539 0.41586538461538464 0.036057692307692304 0.03485576923076923
4 0.7872596153846154 0.3581730769230769 0.021634615384615384 0.03365384615384615
1 0.8076923076923077 0.36177884615384615 0.009615384615384616 0.01201923076923077
1 0.8545673076923077 0.3701923076923077 0.01201923076923077 0.018028846153846152
1 0.78125 0.33413461538461536 0.009615384615384616 0.01201923076923077