1 0.7980769230769231 0.3629807692307692 0.010817307692307692 0.01201923076923077
1 0.7848557692307693 0.36177884615384615 0.014423076923076924 0.015625
1 0.7692307692307693 0.37259615384615385 0.015625 0.018028846153846152
1 0.7596153846153846 0.375 0.021634615384615384 0.019230769230769232
1 0.9314903846153846 0.44711538461538464 0.08653846153846154 0.0625
1 0.6442307692307693 0.40384615384615385 0.020432692307692308 0.02403846153846154
1 0.6322115384615384 0.41947115384615385 0.03485576923076923 0.03485576923076923
1 0.609375 0.41586538461538464 0.019230769230769232 0.027644230769230768
1 0.5793269230769231 0.42427884615384615 0.03245192307692308 0.03365384615384615
4 0.5901442307692307 0.41586538461538464 0.03485576923076923 0.03485576923076923
4 0.8245192307692307 0.35096153846153844 0.016826923076923076 0.021634615384615384
1 0.8365384615384616 0.3401442307692308 0.009615384615384616 0.01201923076923077
1 0.8028846153846154 0.3449519230769231 0.009615384615384616 0.009615384615384616
1 0.7884615384615384 0.33413461538461536 0.009615384615384616 0.01201923076923077