1 0.6081730769230769 0.41586538461538464 0.016826923076923076 0.027644230769230768
1 0.6225961538461539 0.4074519230769231 0.016826923076923076 0.021634615384615384
1 0.6310096153846154 0.421875 0.03245192307692308 0.03485576923076923
1 0.5793269230769231 0.42427884615384615 0.03245192307692308 0.03365384615384615
4 0.5901442307692307 0.41586538461538464 0.036057692307692304 0.03485576923076923
4 0.7932692307692307 0.3581730769230769 0.019230769230769232 0.025240384615384616
1 0.7512019230769231 0.3701923076923077 0.014423076923076924 0.018028846153846152
1 0.7620192307692307 0.375 0.014423076923076924 0.015625
1 0.7403846153846154 0.3737980769230769 0.014423076923076924 0.018028846153846152
1 0.7307692307692307 0.38341346153846156 0.019230769230769232 0.021634615384615384
1 0.7740384615384616 0.40865384615384615 0.026442307692307692 0.028846153846153848
1 0.8377403846153846 0.3713942307692308 0.019230769230769232 0.019230769230769232
1 0.8269230769230769 0.33774038461538464 0.010817307692307692 0.01201923076923077
1 0.8088942307692307 0.33533653846153844 0.009615384615384616 0.009615384615384616
1 0.8197115384615384 0.35096153846153844 0.009615384615384616 0.01201923076923077
1 0.7824519230769231 0.3329326923076923 0.007211538461538462 0.009615384615384616