1 0.8149038461538461 0.3545673076923077 0.010817307692307692 0.013221153846153846
4 0.7776442307692307 0.3641826923076923 0.019230769230769232 0.028846153846153848
4 0.5901442307692307 0.41586538461538464 0.03125 0.038461538461538464
1 0.5793269230769231 0.42427884615384615 0.03245192307692308 0.03365384615384615
1 0.609375 0.41466346153846156 0.019230769230769232 0.028846153846153848
1 0.6225961538461539 0.40625 0.020432692307692308 0.02403846153846154
1 0.6322115384615384 0.4206730769230769 0.03245192307692308 0.037259615384615384
1 0.7175480769230769 0.3894230769230769 0.021634615384615384 0.021634615384615384
1 0.71875 0.3762019230769231 0.015625 0.013221153846153846
1 0.7379807692307693 0.3737980769230769 0.015625 0.018028846153846152
1 0.7463942307692307 0.3786057692307692 0.016826923076923076 0.019230769230769232
1 0.7884615384615384 0.39663461538461536 0.021634615384615384 0.02403846153846154
1 0.8161057692307693 0.33653846153846156 0.009615384615384616 0.01201923076923077
1 0.8028846153846154 0.33653846153846156 0.009615384615384616 0.01201923076923077
1 0.8016826923076923 0.36177884615384615 0.01201923076923077 0.01201923076923077
1 0.8557692307692307 0.3713942307692308 0.010817307692307692 0.019230769230769232
1 0.7824519230769231 0.33413461538461536 0.009615384615384616 0.01201923076923077