1 0.8064903846153846 0.38100961538461536 0.015625 0.019230769230769232
1 0.8040865384615384 0.3581730769230769 0.010817307692307692 0.013221153846153846
1 0.7788461538461539 0.36778846153846156 0.014423076923076924 0.018028846153846152
1 0.7223557692307693 0.3894230769230769 0.020432692307692308 0.021634615384615384
1 0.7151442307692307 0.3798076923076923 0.016826923076923076 0.021634615384615384
1 0.6959134615384616 0.39903846153846156 0.02403846153846154 0.027644230769230768
1 0.6911057692307693 0.38822115384615385 0.019230769230769232 0.019230769230769232
1 0.609375 0.41466346153846156 0.019230769230769232 0.028846153846153848
1 0.6225961538461539 0.40625 0.020432692307692308 0.02403846153846154
1 0.6310096153846154 0.41947115384615385 0.03485576923076923 0.038461538461538464
1 0.5793269230769231 0.42427884615384615 0.03245192307692308 0.03365384615384615
4 0.5901442307692307 0.4170673076923077 0.036057692307692304 0.037259615384615384
4 0.7596153846153846 0.36778846153846156 0.026442307692307692 0.038461538461538464
1 0.8557692307692307 0.3701923076923077 0.010817307692307692 0.018028846153846152
1 0.7824519230769231 0.3329326923076923 0.009615384615384616 0.009615384615384616
1 0.7956730769230769 0.33533653846153844 0.009615384615384616 0.009615384615384616
1 0.8052884615384616 0.33533653846153844 0.007211538461538462 0.009615384615384616