2 0.8209134615384616 0.4254807692307692 0.014423076923076924 0.03485576923076923
1 0.7463942307692307 0.37259615384615385 0.016826923076923076 0.019230769230769232
1 0.7175480769230769 0.3894230769230769 0.016826923076923076 0.021634615384615384
1 0.6754807692307693 0.4074519230769231 0.02403846153846154 0.028846153846153848
1 0.6598557692307693 0.3942307692307692 0.020432692307692308 0.02403846153846154
1 0.640625 0.4026442307692308 0.019230769230769232 0.019230769230769232
1 0.6213942307692307 0.4050480769230769 0.019230769230769232 0.021634615384615384
1 0.6574519230769231 0.41346153846153844 0.026442307692307692 0.027644230769230768
1 0.6310096153846154 0.4230769230769231 0.03485576923076923 0.037259615384615384
1 0.6105769230769231 0.4170673076923077 0.020432692307692308 0.028846153846153848
4 0.5901442307692307 0.41586538461538464 0.03245192307692308 0.03485576923076923
4 0.6995192307692307 0.38221153846153844 0.03245192307692308 0.05048076923076923
1 0.578125 0.42427884615384615 0.03125 0.03365384615384615
1 0.8605769230769231 0.35216346153846156 0.010817307692307692 0.013221153846153846
1 0.8533653846153846 0.3701923076923077 0.010817307692307692 0.018028846153846152
1 0.7824519230769231 0.33413461538461536 0.009615384615384616 0.01201923076923077
1 0.7908653846153846 0.33653846153846156 0.010817307692307692 0.01201923076923077