4 0.6814903846153846 0.38822115384615385 0.036057692307692304 0.056490384615384616
4 0.5901442307692307 0.41586538461538464 0.036057692307692304 0.03485576923076923
1 0.578125 0.42427884615384615 0.03125 0.03365384615384615
1 0.6105769230769231 0.41586538461538464 0.019230769230769232 0.027644230769230768
1 0.6298076923076923 0.421875 0.03125 0.03485576923076923
1 0.6225961538461539 0.40384615384615385 0.016826923076923076 0.018028846153846152
1 0.6550480769230769 0.39663461538461536 0.020432692307692308 0.019230769230769232
1 0.6394230769230769 0.40024038461538464 0.019230769230769232 0.015625
1 0.6514423076923077 0.41466346153846156 0.025240384615384616 0.028846153846153848
1 0.6646634615384616 0.4110576923076923 0.02403846153846154 0.028846153846153848
1 0.7019230769230769 0.39783653846153844 0.014423076923076924 0.025240384615384616
1 0.7151442307692307 0.38221153846153844 0.019230769230769232 0.021634615384615384
1 0.7716346153846154 0.42427884615384615 0.03485576923076923 0.038461538461538464
1 0.8605769230769231 0.3473557692307692 0.010817307692307692 0.01201923076923077
2 0.8149038461538461 0.41586538461538464 0.014423076923076924 0.03125
1 0.8533653846153846 0.36899038461538464 0.009615384615384616 0.015625
1 0.7824519230769231 0.3329326923076923 0.007211538461538462 0.009615384615384616
1 0.7908653846153846 0.33413461538461536 0.009615384615384616 0.01201923076923077