2 0.8125 0.41466346153846156 0.01201923076923077 0.03365384615384615
1 0.8581730769230769 0.3473557692307692 0.009615384615384616 0.01201923076923077
1 0.7644230769230769 0.4182692307692308 0.030048076923076924 0.03485576923076923
1 0.7079326923076923 0.38341346153846156 0.019230769230769232 0.021634615384615384
1 0.6971153846153846 0.39903846153846156 0.015625 0.021634615384615384
1 0.6538461538461539 0.3954326923076923 0.016826923076923076 0.018028846153846152
1 0.6394230769230769 0.4014423076923077 0.019230769230769232 0.013221153846153846
1 0.6225961538461539 0.4026442307692308 0.020432692307692308 0.019230769230769232
1 0.6117788461538461 0.41586538461538464 0.020432692307692308 0.027644230769230768
1 0.5793269230769231 0.42427884615384615 0.03125 0.03365384615384615
1 0.6310096153846154 0.42427884615384615 0.03245192307692308 0.03365384615384615
1 0.6502403846153846 0.4170673076923077 0.027644230769230768 0.028846153846153848
1 0.6634615384615384 0.41225961538461536 0.02403846153846154 0.027644230769230768
4 0.5889423076923077 0.4170673076923077 0.03485576923076923 0.037259615384615384
4 0.6766826923076923 0.38822115384615385 0.03485576923076923 0.055288461538461536
1 0.8545673076923077 0.36778846153846156 0.009615384615384616 0.015625
1 0.7824519230769231 0.33413461538461536 0.007211538461538462 0.01201923076923077
1 0.7920673076923077 0.33413461538461536 0.009615384615384616 0.01201923076923077