1 0.9507211538461539 0.4423076923076923 0.0889423076923077 0.06009615384615385
1 0.8629807692307693 0.35096153846153844 0.01201923076923077 0.015625
1 0.7379807692307693 0.3762019230769231 0.016826923076923076 0.018028846153846152
1 0.7151442307692307 0.39302884615384615 0.014423076923076924 0.02403846153846154
1 0.5793269230769231 0.42427884615384615 0.03125 0.03365384615384615
1 0.6081730769230769 0.41586538461538464 0.020432692307692308 0.027644230769230768
1 0.6237980769230769 0.4074519230769231 0.019230769230769232 0.021634615384615384
1 0.6598557692307693 0.39663461538461536 0.019230769230769232 0.019230769230769232
1 0.6430288461538461 0.4026442307692308 0.020432692307692308 0.019230769230769232
1 0.6322115384615384 0.42427884615384615 0.03485576923076923 0.03485576923076923
1 0.6526442307692307 0.41466346153846156 0.027644230769230768 0.028846153846153848
1 0.6706730769230769 0.40865384615384615 0.026442307692307692 0.028846153846153848
4 0.5901442307692307 0.41586538461538464 0.03245192307692308 0.03485576923076923
4 0.6947115384615384 0.38221153846153844 0.036057692307692304 0.05048076923076923
2 0.8209134615384616 0.42427884615384615 0.014423076923076924 0.03485576923076923
1 0.8533653846153846 0.3713942307692308 0.009615384615384616 0.015625
1 0.7824519230769231 0.33413461538461536 0.009615384615384616 0.01201923076923077
1 0.7908653846153846 0.33413461538461536 0.010817307692307692 0.01201923076923077