1 0.6117788461538461 0.41586538461538464 0.016826923076923076 0.027644230769230768
1 0.6213942307692307 0.40625 0.021634615384615384 0.02403846153846154
1 0.6310096153846154 0.421875 0.03485576923076923 0.03485576923076923
1 0.6490384615384616 0.41586538461538464 0.026442307692307692 0.03125
1 0.6634615384615384 0.41346153846153844 0.019230769230769232 0.027644230769230768
1 0.6850961538461539 0.40384615384615385 0.014423076923076924 0.02403846153846154
1 0.5793269230769231 0.42427884615384615 0.03245192307692308 0.03365384615384615
4 0.5901442307692307 0.4170673076923077 0.036057692307692304 0.037259615384615384
4 0.6658653846153846 0.390625 0.04326923076923077 0.05889423076923077
1 0.6394230769230769 0.40024038461538464 0.020432692307692308 0.015625
1 0.8786057692307693 0.34615384615384615 0.010817307692307692 0.013221153846153846
1 0.7944711538461539 0.43990384615384615 0.04807692307692308 0.04447115384615385
2 0.7127403846153846 0.3786057692307692 0.01201923076923077 0.015625
4 0.7560096153846154 0.4050480769230769 0.027644230769230768 0.04927884615384615
1 0.7848557692307693 0.33413461538461536 0.009615384615384616 0.01201923076923077