1 0.5709134615384616 0.42908653846153844 0.03245192307692308 0.03365384615384615
1 0.6057692307692307 0.41947115384615385 0.020432692307692308 0.027644230769230768
1 0.6165865384615384 0.4098557692307692 0.020432692307692308 0.02403846153846154
1 0.6334134615384616 0.40625 0.020432692307692308 0.019230769230769232
1 0.625 0.4254807692307692 0.03485576923076923 0.03485576923076923
1 0.6442307692307693 0.41947115384615385 0.025240384615384616 0.028846153846153848
1 0.6598557692307693 0.4182692307692308 0.019230769230769232 0.027644230769230768
1 0.6802884615384616 0.40865384615384615 0.014423076923076924 0.02403846153846154
1 0.7872596153846154 0.3786057692307692 0.016826923076923076 0.019230769230769232
1 0.7800480769230769 0.3954326923076923 0.019230769230769232 0.021634615384615384
1 0.7764423076923077 0.40625 0.025240384615384616 0.027644230769230768
4 0.8137019230769231 0.3701923076923077 0.015625 0.025240384615384616
4 0.6586538461538461 0.3942307692307692 0.04567307692307692 0.05889423076923077
4 0.5841346153846154 0.41947115384615385 0.036057692307692304 0.038461538461538464
2 0.5685096153846154 0.40865384615384615 0.010817307692307692 0.013221153846153846
1 0.8161057692307693 0.3485576923076923 0.010817307692307692 0.013221153846153846
1 0.8533653846153846 0.34375 0.007211538461538462 0.01201923076923077