4 0.8269230769230769 0.3641826923076923 0.016826923076923076 0.025240384615384616
4 0.65625 0.3942307692307692 0.04326923076923077 0.05889423076923077
4 0.5829326923076923 0.4182692307692308 0.03485576923076923 0.038461538461538464
2 0.5408653846153846 0.42427884615384615 0.019230769230769232 0.03125
1 0.5637019230769231 0.43028846153846156 0.03485576923076923 0.03485576923076923
1 0.6009615384615384 0.4182692307692308 0.021634615384615384 0.027644230769230768
1 0.6153846153846154 0.4266826923076923 0.036057692307692304 0.037259615384615384
1 0.640625 0.41947115384615385 0.025240384615384616 0.028846153846153848
1 0.6550480769230769 0.4170673076923077 0.020432692307692308 0.025240384615384616
1 0.6766826923076923 0.4074519230769231 0.015625 0.025240384615384616
1 0.8064903846153846 0.36899038461538464 0.015625 0.019230769230769232
1 0.7908653846153846 0.3870192307692308 0.020432692307692308 0.02403846153846154
1 0.6141826923076923 0.4074519230769231 0.021634615384615384 0.018028846153846152
1 0.6310096153846154 0.4026442307692308 0.016826923076923076 0.015625
1 0.8137019230769231 0.35216346153846156 0.01201923076923077 0.013221153846153846
1 0.7896634615384616 0.3449519230769231 0.010817307692307692 0.009615384615384616
1 0.7776442307692307 0.3389423076923077 0.009615384615384616 0.009615384615384616