2 0.5120192307692307 0.4266826923076923 0.019230769230769232 0.03365384615384615
1 0.5456730769230769 0.4338942307692308 0.036057692307692304 0.03485576923076923
1 0.5961538461538461 0.4326923076923077 0.038461538461538464 0.040865384615384616
1 0.6177884615384616 0.4254807692307692 0.026442307692307692 0.03485576923076923
1 0.6394230769230769 0.41947115384615385 0.026442307692307692 0.027644230769230768
1 0.6550480769230769 0.4170673076923077 0.020432692307692308 0.025240384615384616
1 0.6754807692307693 0.4074519230769231 0.014423076923076924 0.025240384615384616
4 0.5817307692307693 0.41947115384615385 0.03485576923076923 0.04326923076923077
4 0.6550480769230769 0.3942307692307692 0.040865384615384616 0.05889423076923077
4 0.8353365384615384 0.3605769230769231 0.016826923076923076 0.025240384615384616
1 0.7908653846153846 0.3425480769230769 0.007211538461538462 0.009615384615384616
1 0.8004807692307693 0.34975961538461536 0.009615384615384616 0.01201923076923077
1 0.8064903846153846 0.359375 0.010817307692307692 0.01201923076923077
1 0.8221153846153846 0.3641826923076923 0.014423076923076924 0.013221153846153846
1 0.8016826923076923 0.3762019230769231 0.01201923076923077 0.018028846153846152
1 0.8088942307692307 0.3798076923076923 0.020432692307692308 0.018028846153846152