1 0.8016826923076923 0.3449519230769231 0.009615384615384616 0.009615384615384616
1 0.7932692307692307 0.3485576923076923 0.009615384615384616 0.009615384615384616
1 0.7692307692307693 0.34134615384615385 0.007211538461538462 0.009615384615384616
1 0.7932692307692307 0.36177884615384615 0.01201923076923077 0.013221153846153846
1 0.8064903846153846 0.35336538461538464 0.009615384615384616 0.01201923076923077
1 0.8088942307692307 0.3713942307692308 0.010817307692307692 0.015625
1 0.8341346153846154 0.36177884615384615 0.01201923076923077 0.015625
1 0.8233173076923077 0.37259615384615385 0.015625 0.015625
1 0.6754807692307693 0.40865384615384615 0.015625 0.02403846153846154
1 0.6129807692307693 0.41225961538461536 0.020432692307692308 0.02403846153846154
1 0.5949519230769231 0.41466346153846156 0.021634615384615384 0.018028846153846152
1 0.6514423076923077 0.4170673076923077 0.025240384615384616 0.025240384615384616
1 0.6310096153846154 0.4230769230769231 0.030048076923076924 0.03365384615384615
1 0.5997596153846154 0.43028846153846156 0.038461538461538464 0.037259615384615384
1 0.5612980769230769 0.44471153846153844 0.04807692307692308 0.052884615384615384
1 0.5132211538461539 0.43990384615384615 0.042067307692307696 0.040865384615384616
2 0.47475961538461536 0.4338942307692308 0.025240384615384616 0.038461538461538464
4 0.5733173076923077 0.41586538461538464 0.040865384615384616 0.03125
4 0.6550480769230769 0.3942307692307692 0.04326923076923077 0.05889423076923077