4 0.8581730769230769 0.3485576923076923 0.009615384615384616 0.013221153846153846
4 0.6009615384615384 0.4110576923076923 0.05048076923076923 0.08413461538461539
4 0.16346153846153846 0.47475961538461536 0.1466346153846154 0.12860576923076922
1 0.35336538461538464 0.4675480769230769 0.078125 0.06009615384615385
1 0.48677884615384615 0.45072115384615385 0.051682692307692304 0.052884615384615384
1 0.5300480769230769 0.4387019230769231 0.038461538461538464 0.037259615384615384
1 0.5637019230769231 0.42908653846153844 0.03245192307692308 0.03365384615384615
1 0.6310096153846154 0.4170673076923077 0.021634615384615384 0.028846153846153848
1 0.6454326923076923 0.4543269230769231 0.06610576923076923 0.056490384615384616
1 0.6947115384615384 0.3942307692307692 0.021634615384615384 0.02403846153846154
1 0.8137019230769231 0.359375 0.01201923076923077 0.01201923076923077
1 0.8245192307692307 0.34615384615384615 0.010817307692307692 0.013221153846153846
1 0.8185096153846154 0.3389423076923077 0.009615384615384616 0.009615384615384616
1 0.7896634615384616 0.36177884615384615 0.010817307692307692 0.013221153846153846
1 0.7668269230769231 0.36899038461538464 0.014423076923076924 0.015625
1 0.7403846153846154 0.3762019230769231 0.016826923076923076 0.018028846153846152