4 0.8581730769230769 0.35096153846153844 0.010817307692307692 0.015625
1 0.8209134615384616 0.3401442307692308 0.007211538461538462 0.01201923076923077
1 0.828125 0.34615384615384615 0.009615384615384616 0.01201923076923077
1 0.7944711538461539 0.3605769230769231 0.010817307692307692 0.013221153846153846
1 0.8173076923076923 0.3581730769230769 0.009615384615384616 0.009615384615384616
1 0.7764423076923077 0.36778846153846156 0.01201923076923077 0.015625
1 0.7512019230769231 0.37259615384615385 0.014423076923076924 0.015625
1 0.7043269230769231 0.390625 0.020432692307692308 0.02403846153846154
1 0.8653846153846154 0.46033653846153844 0.11778846153846154 0.06850961538461539
1 0.6418269230769231 0.4206730769230769 0.016826923076923076 0.028846153846153848
1 0.5757211538461539 0.4254807692307692 0.030048076923076924 0.03125
1 0.5492788461538461 0.43509615384615385 0.036057692307692304 0.03365384615384615
1 0.6081730769230769 0.45072115384615385 0.052884615384615384 0.04927884615384615
1 0.5060096153846154 0.44471153846153844 0.04567307692307692 0.04927884615384615
1 0.40625 0.46033653846153844 0.06610576923076923 0.052884615384615384
4 0.2668269230769231 0.4651442307692308 0.11298076923076923 0.10576923076923077
4 0.6129807692307693 0.40625 0.052884615384615384 0.07451923076923077