4 0.9362980769230769 0.4182692307692308 0.125 0.12139423076923077
4 0.8569711538461539 0.34975961538461536 0.010817307692307692 0.015625
4 0.5985576923076923 0.41346153846153844 0.056490384615384616 0.09134615384615384
1 0.6286057692307693 0.4266826923076923 0.015625 0.028846153846153848
1 0.8185096153846154 0.3449519230769231 0.009615384615384616 0.009615384615384616
1 0.8137019230769231 0.33774038461538464 0.007211538461538462 0.007211538461538462
1 0.8088942307692307 0.3605769230769231 0.01201923076923077 0.013221153846153846
1 0.7824519230769231 0.3641826923076923 0.014423076923076924 0.013221153846153846
1 0.7548076923076923 0.37259615384615385 0.015625 0.018028846153846152
1 0.7271634615384616 0.3786057692307692 0.016826923076923076 0.019230769230769232
1 0.6850961538461539 0.39903846153846156 0.02403846153846154 0.027644230769230768
1 0.7283653846153846 0.45913461538461536 0.09495192307692307 0.06971153846153846
1 0.5456730769230769 0.4338942307692308 0.036057692307692304 0.03485576923076923
1 0.5060096153846154 0.44591346153846156 0.04326923076923077 0.040865384615384616
1 0.4579326923076923 0.4567307692307692 0.0625 0.0625
1 0.2776442307692308 0.47596153846153844 0.09495192307692307 0.07451923076923077
4 0.054086538461538464 0.4891826923076923 0.10817307692307693 0.16947115384615385