1 0.10576923076923077 0.5036057692307693 0.21153846153846154 0.17548076923076922
1 0.3701923076923077 0.4639423076923077 0.06850961538461539 0.06009615384615385
4 0.5120192307692307 0.4254807692307692 0.052884615384615384 0.038461538461538464
1 0.5084134615384616 0.45072115384615385 0.06129807692307692 0.05889423076923077
2 0.3317307692307692 0.45552884615384615 0.038461538461538464 0.06009615384615385
1 0.5649038461538461 0.42908653846153844 0.038461538461538464 0.037259615384615384
1 0.5913461538461539 0.4170673076923077 0.026442307692307692 0.028846153846153848
1 0.6105769230769231 0.4074519230769231 0.027644230769230768 0.025240384615384616
1 0.6658653846153846 0.4098557692307692 0.015625 0.027644230769230768
1 0.6045673076923077 0.43509615384615385 0.03485576923076923 0.037259615384615384
1 0.6286057692307693 0.4254807692307692 0.03125 0.03125
1 0.8245192307692307 0.36177884615384615 0.010817307692307692 0.013221153846153846
1 0.8317307692307693 0.3401442307692308 0.010817307692307692 0.01201923076923077
1 0.7980769230769231 0.3581730769230769 0.01201923076923077 0.013221153846153846
1 0.8064903846153846 0.35336538461538464 0.009615384615384616 0.01201923076923077
1 0.8137019230769231 0.34615384615384615 0.009615384615384616 0.009615384615384616
1 0.7956730769230769 0.34615384615384615 0.01201923076923077 0.01201923076923077
1 0.7536057692307693 0.3713942307692308 0.014423076923076924 0.015625
4 0.6418269230769231 0.39903846153846156 0.04567307692307692 0.06610576923076923
4 0.8521634615384616 0.35216346153846156 0.014423076923076924 0.021634615384615384