4 0.8581730769230769 0.35096153846153844 0.01201923076923077 0.018028846153846152
1 0.8269230769230769 0.3401442307692308 0.009615384615384616 0.01201923076923077
1 0.8341346153846154 0.34975961538461536 0.009615384615384616 0.01201923076923077
1 0.8197115384615384 0.35697115384615385 0.010817307692307692 0.013221153846153846
1 0.8028846153846154 0.35697115384615385 0.010817307692307692 0.013221153846153846
1 0.7920673076923077 0.36177884615384615 0.01201923076923077 0.013221153846153846
1 0.7716346153846154 0.36899038461538464 0.014423076923076924 0.015625
1 0.7199519230769231 0.38341346153846156 0.016826923076923076 0.021634615384615384
1 0.6911057692307693 0.45072115384615385 0.0625 0.055288461538461536
1 0.6514423076923077 0.4170673076923077 0.019230769230769232 0.028846153846153848
1 0.5973557692307693 0.41466346153846156 0.020432692307692308 0.021634615384615384
1 0.578125 0.42788461538461536 0.03125 0.03125
1 0.5925480769230769 0.43990384615384615 0.040865384615384616 0.040865384615384616
1 0.5348557692307693 0.43509615384615385 0.040865384615384616 0.04447115384615385
1 0.48677884615384615 0.44711538461538464 0.051682692307692304 0.04326923076923077
4 0.38822115384615385 0.4519230769230769 0.07692307692307693 0.07572115384615384
4 0.6262019230769231 0.4050480769230769 0.04807692307692308 0.07572115384615384