1 0.8365384615384616 0.36538461538461536 0.014423076923076924 0.015625
1 0.8341346153846154 0.34134615384615385 0.006009615384615385 0.009615384615384616
1 0.8137019230769231 0.34615384615384615 0.007211538461538462 0.009615384615384616
1 0.7920673076923077 0.34615384615384615 0.009615384615384616 0.01201923076923077
1 0.8040865384615384 0.35697115384615385 0.010817307692307692 0.01201923076923077
1 0.8064903846153846 0.35216346153846156 0.007211538461538462 0.009615384615384616
1 0.8221153846153846 0.3641826923076923 0.010817307692307692 0.013221153846153846
1 0.765625 0.3701923076923077 0.015625 0.018028846153846152
1 0.671875 0.4098557692307692 0.015625 0.027644230769230768
1 0.6370192307692307 0.42427884615384615 0.030048076923076924 0.03125
1 0.6213942307692307 0.41225961538461536 0.019230769230769232 0.019230769230769232
1 0.6033653846153846 0.41466346153846156 0.030048076923076924 0.028846153846153848
1 0.5769230769230769 0.4254807692307692 0.036057692307692304 0.03125
1 0.6081730769230769 0.43028846153846156 0.03485576923076923 0.03365384615384615
1 0.5432692307692307 0.44471153846153844 0.05048076923076923 0.04927884615384615
1 0.42908653846153844 0.45552884615384615 0.055288461538461536 0.05048076923076923
1 0.3605769230769231 0.47115384615384615 0.11298076923076923 0.09975961538461539
4 0.5360576923076923 0.43028846153846156 0.046875 0.046875
4 0.6478365384615384 0.39783653846153844 0.04567307692307692 0.06490384615384616
4 0.8521634615384616 0.35216346153846156 0.010817307692307692 0.013221153846153846