4 0.8317307692307693 0.3401442307692308 0.007211538461538462 0.015625
1 0.7824519230769231 0.33653846153846156 0.007211538461538462 0.009615384615384616
1 0.8052884615384616 0.3389423076923077 0.007211538461538462 0.009615384615384616
1 0.7319711538461539 0.38461538461538464 0.020432692307692308 0.019230769230769232
4 0.7848557692307693 0.38221153846153844 0.025240384615384616 0.038461538461538464
1 0.7596153846153846 0.33653846153846156 0.007211538461538462 0.007211538461538462
1 0.6346153846153846 0.421875 0.03485576923076923 0.03485576923076923
1 0.6105769230769231 0.41586538461538464 0.025240384615384616 0.027644230769230768
1 0.5504807692307693 0.43028846153846156 0.036057692307692304 0.03365384615384615
1 0.4831730769230769 0.4519230769230769 0.04807692307692308 0.04927884615384615
1 0.4182692307692308 0.46634615384615385 0.08413461538461539 0.07451923076923077
1 0.36177884615384615 0.4639423076923077 0.0673076923076923 0.06850961538461539