4 0.8509615384615384 0.3473557692307692 0.009615384615384616 0.015625
4 0.7475961538461539 0.41346153846153844 0.038461538461538464 0.06490384615384616
1 0.8257211538461539 0.34615384615384615 0.007211538461538462 0.01201923076923077
1 0.8004807692307693 0.3389423076923077 0.009615384615384616 0.009615384615384616
1 0.7860576923076923 0.36899038461538464 0.01201923076923077 0.01201923076923077
1 0.7451923076923077 0.375 0.015625 0.015625
1 0.7091346153846154 0.38461538461538464 0.019230769230769232 0.019230769230769232
1 0.5805288461538461 0.4254807692307692 0.030048076923076924 0.03125
1 0.5949519230769231 0.44471153846153844 0.030048076923076924 0.040865384615384616
1 0.5396634615384616 0.4326923076923077 0.038461538461538464 0.040865384615384616
1 0.31850961538461536 0.4795673076923077 0.0985576923076923 0.08413461538461539
1 0.4362980769230769 0.4567307692307692 0.057692307692307696 0.055288461538461536
4 0.6526442307692307 0.41466346153846156 0.1045673076923077 0.1310096153846154