1 0.7884615384615384 0.33653846153846156 0.007211538461538462 0.009615384615384616
1 0.8185096153846154 0.34134615384615385 0.009615384615384616 0.009615384615384616
1 0.8088942307692307 0.34134615384615385 0.007211538461538462 0.009615384615384616
1 0.7512019230769231 0.37740384615384615 0.015625 0.018028846153846152
4 0.7692307692307693 0.39302884615384615 0.030048076923076924 0.046875
1 0.7572115384615384 0.45913461538461536 0.09375 0.06610576923076923
1 0.6862980769230769 0.4014423076923077 0.025240384615384616 0.028846153846153848
1 0.6514423076923077 0.4026442307692308 0.025240384615384616 0.02403846153846154
1 0.6033653846153846 0.41586538461538464 0.027644230769230768 0.027644230769230768
1 0.5492788461538461 0.44471153846153844 0.04807692307692308 0.046875
1 0.5180288461538461 0.4411057692307692 0.036057692307692304 0.038461538461538464
1 0.44711538461538464 0.45072115384615385 0.055288461538461536 0.04927884615384615
1 0.7704326923076923 0.33653846153846156 0.006009615384615385 0.007211538461538462