1 0.8930288461538461 0.4639423076923077 0.12980769230769232 0.07572115384615384
1 0.8112980769230769 0.3389423076923077 0.009615384615384616 0.009615384615384616
1 0.8016826923076923 0.34134615384615385 0.009615384615384616 0.009615384615384616
1 0.7848557692307693 0.33774038461538464 0.009615384615384616 0.01201923076923077
1 0.7403846153846154 0.38100961538461536 0.019230769230769232 0.019230769230769232
4 0.7764423076923077 0.3870192307692308 0.025240384615384616 0.04326923076923077
1 0.6610576923076923 0.4110576923076923 0.027644230769230768 0.028846153846153848
1 0.6322115384615384 0.40865384615384615 0.027644230769230768 0.027644230769230768
1 0.578125 0.42427884615384615 0.03125 0.03125
1 0.4987980769230769 0.4543269230769231 0.0625 0.06009615384615385
1 0.4098557692307692 0.45552884615384615 0.0625 0.056490384615384616
1 0.7644230769230769 0.33653846153846156 0.007211538461538462 0.007211538461538462