1 0.040865384615384616 0.7728365384615384 0.08173076923076923 0.31490384615384615
1 0.11899038461538461 0.6947115384615384 0.09495192307692307 0.08653846153846154
1 0.21995192307692307 0.6899038461538461 0.13581730769230768 0.09735576923076923
1 0.2956730769230769 0.6706730769230769 0.056490384615384616 0.07211538461538461
1 0.3605769230769231 0.6670673076923077 0.09975961538461539 0.09615384615384616
0 0.4182692307692308 0.6526442307692307 0.037259615384615384 0.0625
1 0.44350961538461536 0.6442307692307693 0.02403846153846154 0.046875
1 0.49399038461538464 0.6358173076923077 0.036057692307692304 0.040865384615384616
3 0.24639423076923078 0.6322115384615384 0.01201923076923077 0.021634615384615384
3 0.13701923076923078 0.6454326923076923 0.015625 0.013221153846153846
3 0.07692307692307693 0.6538461538461539 0.014423076923076924 0.04326923076923077