1 0.042067307692307696 0.6442307692307693 0.08413461538461539 0.038461538461538464
1 0.11057692307692307 0.6418269230769231 0.056490384615384616 0.037259615384615384
1 0.1622596153846154 0.6382211538461539 0.042067307692307696 0.03125
3 0.234375 0.6334134615384616 0.019230769230769232 0.028846153846153848
1 0.3401442307692308 0.6538461538461539 0.08653846153846154 0.08052884615384616
3 0.9831730769230769 0.5805288461538461 0.007211538461538462 0.03365384615384615
3 0.9747596153846154 0.5853365384615384 0.010817307692307692 0.03365384615384615
1 0.8509615384615384 0.6033653846153846 0.08413461538461539 0.04326923076923077
1 0.7716346153846154 0.6069711538461539 0.07451923076923077 0.040865384615384616
1 0.44350961538461536 0.6274038461538461 0.036057692307692304 0.025240384615384616
1 0.5120192307692307 0.6177884615384616 0.09735576923076923 0.038461538461538464
3 0.2860576923076923 0.6298076923076923 0.009615384615384616 0.021634615384615384
0 0.3786057692307692 0.6177884615384616 0.030048076923076924 0.04447115384615385