2 0.12740384615384615 0.6622596153846154 0.02403846153846154 0.05048076923076923
2 0.06850961538461539 0.6670673076923077 0.025240384615384616 0.052884615384615384
2 0.18269230769230768 0.6610576923076923 0.021634615384615384 0.04927884615384615
1 0.3112980769230769 0.6538461538461539 0.04807692307692308 0.052884615384615384
1 0.38100961538461536 0.6526442307692307 0.04326923076923077 0.046875
3 0.35096153846153844 0.65625 0.010817307692307692 0.03485576923076923
1 0.6454326923076923 0.6322115384615384 0.18389423076923078 0.08774038461538461
0 0.6057692307692307 0.5961538461538461 0.4110576923076923 0.16346153846153846
3 0.8569711538461539 0.625 0.014423076923076924 0.055288461538461536
3 0.8701923076923077 0.625 0.01201923076923077 0.055288461538461536
3 0.9387019230769231 0.6177884615384616 0.016826923076923076 0.052884615384615384