1 0.15384615384615385 0.7367788461538461 0.24519230769230768 0.23076923076923078
3 0.35096153846153844 0.6334134615384616 0.014423076923076924 0.04447115384615385
0 0.40865384615384615 0.6009615384615384 0.04567307692307692 0.038461538461538464
1 0.31490384615384615 0.6394230769230769 0.042067307692307696 0.040865384615384616
1 0.4206730769230769 0.6346153846153846 0.12620192307692307 0.055288461538461536
1 0.6009615384615384 0.6177884615384616 0.1622596153846154 0.06971153846153846
2 0.6814903846153846 0.6454326923076923 0.09735576923076923 0.12740384615384615
3 0.7512019230769231 0.6117788461538461 0.01201923076923077 0.046875
3 0.7620192307692307 0.6117788461538461 0.010817307692307692 0.04927884615384615
1 0.8317307692307693 0.6105769230769231 0.12980769230769232 0.056490384615384616
1 0.9675480769230769 0.5961538461538461 0.06129807692307692 0.08052884615384616
1 0.06129807692307692 0.8197115384615384 0.12139423076923077 0.33052884615384615