1 0.24879807692307693 0.6971153846153846 0.1814903846153846 0.16346153846153846
1 0.3389423076923077 0.6682692307692307 0.08413461538461539 0.11778846153846154
1 0.3894230769230769 0.6177884615384616 0.10096153846153846 0.056490384615384616
1 0.46274038461538464 0.6225961538461539 0.0733173076923077 0.04447115384615385
1 0.5829326923076923 0.6117788461538461 0.11298076923076923 0.05889423076923077
3 0.6959134615384616 0.6081730769230769 0.016826923076923076 0.04447115384615385
1 0.8605769230769231 0.6009615384615384 0.16706730769230768 0.06850961538461539
1 0.7692307692307693 0.6009615384615384 0.06610576923076923 0.04326923076923077
1 0.9699519230769231 0.5913461538461539 0.056490384615384616 0.052884615384615384
1 0.08774038461538461 0.6382211538461539 0.12620192307692307 0.04927884615384615
0 0.42908653846153844 0.5949519230769231 0.038461538461538464 0.025240384615384616