2 0.06129807692307692 0.6694711538461539 0.026442307692307692 0.05048076923076923
2 0.12139423076923077 0.6634615384615384 0.025240384615384616 0.052884615384615384
3 0.35336538461538464 0.6586538461538461 0.014423076923076924 0.03365384615384615
3 0.18028846153846154 0.6430288461538461 0.009615384615384616 0.013221153846153846
1 0.2548076923076923 0.6658653846153846 0.17548076923076922 0.07451923076923077
1 0.46274038461538464 0.6550480769230769 0.1814903846153846 0.10336538461538461
1 0.38100961538461536 0.6586538461538461 0.038461538461538464 0.046875
0 0.4254807692307692 0.6153846153846154 0.056490384615384616 0.038461538461538464
2 0.6213942307692307 0.6490384615384616 0.042067307692307696 0.04927884615384615
3 0.6766826923076923 0.6286057692307693 0.01201923076923077 0.02403846153846154
1 0.7512019230769231 0.6370192307692307 0.171875 0.09375
3 0.8786057692307693 0.6346153846153846 0.014423076923076924 0.055288461538461536
3 0.890625 0.6334134615384616 0.01201923076923077 0.06009615384615385
3 0.9591346153846154 0.6225961538461539 0.019230769230769232 0.05889423076923077
2 0.8497596153846154 0.6322115384615384 0.021634615384615384 0.07211538461538461
1 0.3245192307692308 0.6538461538461539 0.057692307692307696 0.038461538461538464