2 0.07692307692307693 0.6742788461538461 0.0625 0.08774038461538461
2 0.12139423076923077 0.6646634615384616 0.015625 0.04927884615384615
2 0.18028846153846154 0.6610576923076923 0.019230769230769232 0.052884615384615384
3 0.2512019230769231 0.6526442307692307 0.010817307692307692 0.038461538461538464
3 0.26322115384615385 0.6538461538461539 0.010817307692307692 0.03365384615384615
1 0.3137019230769231 0.6586538461538461 0.051682692307692304 0.055288461538461536
1 0.3425480769230769 0.6574519230769231 0.014423076923076924 0.04447115384615385
1 0.38461538461538464 0.65625 0.042067307692307696 0.046875
1 0.41346153846153844 0.65625 0.016826923076923076 0.04326923076923077
1 0.4206730769230769 0.6526442307692307 0.019230769230769232 0.03485576923076923
1 0.42788461538461536 0.6502403846153846 0.015625 0.03125
0 0.42788461538461536 0.6298076923076923 0.055288461538461536 0.07211538461538461
1 0.515625 0.6454326923076923 0.025240384615384616 0.028846153846153848
1 0.5 0.640625 0.01201923076923077 0.015625
2 0.5685096153846154 0.6454326923076923 0.04567307692307692 0.08413461538461539
3 0.6057692307692307 0.6334134615384616 0.006009615384615385 0.021634615384615384
2 0.6971153846153846 0.6358173076923077 0.019230769230769232 0.037259615384615384
3 0.9615384615384616 0.6237980769230769 0.01201923076923077 0.056490384615384616
3 0.8786057692307693 0.6262019230769231 0.014423076923076924 0.06009615384615385
3 0.890625 0.6310096153846154 0.009615384615384616 0.05889423076923077
3 0.9002403846153846 0.6310096153846154 0.009615384615384616 0.05889423076923077
3 0.3545673076923077 0.6586538461538461 0.01201923076923077 0.037259615384615384