2 0.0889423076923077 0.6850961538461539 0.07211538461538461 0.125
1 0.11658653846153846 0.6634615384615384 0.17067307692307693 0.08413461538461539
1 0.23798076923076922 0.65625 0.010817307692307692 0.03485576923076923
1 0.25240384615384615 0.65625 0.010817307692307692 0.03485576923076923
1 0.3137019230769231 0.6610576923076923 0.04807692307692308 0.052884615384615384
1 0.39903846153846156 0.6586538461538461 0.1201923076923077 0.0625
1 0.46634615384615385 0.6550480769230769 0.051682692307692304 0.04927884615384615
0 0.42788461538461536 0.6117788461538461 0.055288461538461536 0.03365384615384615
1 0.5204326923076923 0.640625 0.015625 0.019230769230769232
3 0.5480769230769231 0.6466346153846154 0.01201923076923077 0.03485576923076923
3 0.6213942307692307 0.6418269230769231 0.007211538461538462 0.028846153846153848
3 0.6682692307692307 0.6466346153846154 0.016826923076923076 0.05048076923076923
3 0.9615384615384616 0.6237980769230769 0.015625 0.056490384615384616
3 0.8810096153846154 0.6310096153846154 0.014423076923076924 0.055288461538461536
3 0.890625 0.6310096153846154 0.015625 0.055288461538461536
3 0.8990384615384616 0.6334134615384616 0.01201923076923077 0.052884615384615384
1 0.5012019230769231 0.640625 0.015625 0.015625