1 0.08533653846153846 0.6670673076923077 0.17067307692307693 0.07572115384615384
2 0.18028846153846154 0.6622596153846154 0.015625 0.046875
3 0.24158653846153846 0.6538461538461539 0.014423076923076924 0.04326923076923077
3 0.25600961538461536 0.6550480769230769 0.01201923076923077 0.037259615384615384
2 0.31490384615384615 0.6586538461538461 0.051682692307692304 0.10336538461538461
1 0.3713942307692308 0.6586538461538461 0.08774038461538461 0.0625
1 0.4182692307692308 0.6526442307692307 0.019230769230769232 0.038461538461538464
1 0.43028846153846156 0.6502403846153846 0.015625 0.03485576923076923
0 0.42788461538461536 0.6286057692307693 0.057692307692307696 0.07451923076923077
1 0.515625 0.6394230769230769 0.019230769230769232 0.025240384615384616
2 0.5324519230769231 0.6526442307692307 0.015625 0.0625
2 0.5528846153846154 0.6454326923076923 0.015625 0.037259615384615384
3 0.5829326923076923 0.6454326923076923 0.015625 0.07211538461538461
3 0.5949519230769231 0.6490384615384616 0.007211538461538462 0.0625
3 0.6394230769230769 0.6382211538461539 0.016826923076923076 0.038461538461538464
3 0.9615384615384616 0.6225961538461539 0.014423076923076924 0.056490384615384616
3 0.8786057692307693 0.6262019230769231 0.014423076923076924 0.06490384615384616
3 0.890625 0.6310096153846154 0.01201923076923077 0.05889423076923077
3 0.8990384615384616 0.6322115384615384 0.010817307692307692 0.056490384615384616