2 0.0625 0.6742788461538461 0.027644230769230768 0.055288461538461536
2 0.11899038461538461 0.6682692307692307 0.02403846153846154 0.05889423076923077
2 0.1778846153846154 0.6658653846153846 0.020432692307692308 0.055288461538461536
3 0.2127403846153846 0.6610576923076923 0.01201923076923077 0.04447115384615385
3 0.2247596153846154 0.6610576923076923 0.010817307692307692 0.04447115384615385
1 0.3125 0.6634615384615384 0.052884615384615384 0.055288461538461536
1 0.3425480769230769 0.6586538461538461 0.016826923076923076 0.04447115384615385
1 0.3870192307692308 0.6586538461538461 0.052884615384615384 0.046875
1 0.4182692307692308 0.6550480769230769 0.03125 0.040865384615384616
0 0.42788461538461536 0.6346153846153846 0.055288461538461536 0.078125
2 0.49759615384615385 0.6538461538461539 0.036057692307692304 0.07211538461538461
1 0.5264423076923077 0.65625 0.037259615384615384 0.04326923076923077
3 0.5973557692307693 0.6358173076923077 0.007211538461538462 0.025240384615384616
1 0.4639423076923077 0.6430288461538461 0.015625 0.028846153846153848
3 0.8786057692307693 0.6298076923076923 0.014423076923076924 0.06009615384615385
3 0.8966346153846154 0.6322115384615384 0.015625 0.055288461538461536
3 0.8870192307692307 0.6346153846153846 0.009615384615384616 0.05048076923076923
3 0.9615384615384616 0.6274038461538461 0.015625 0.0625