2 0.0625 0.6742788461538461 0.027644230769230768 0.055288461538461536
2 0.11899038461538461 0.6682692307692307 0.02403846153846154 0.05889423076923077
2 0.1778846153846154 0.6658653846153846 0.020432692307692308 0.055288461538461536
3 0.22235576923076922 0.6610576923076923 0.014423076923076924 0.04447115384615385
3 0.23677884615384615 0.6610576923076923 0.010817307692307692 0.04447115384615385
1 0.31490384615384615 0.6610576923076923 0.057692307692307696 0.04927884615384615
1 0.3449519230769231 0.6586538461538461 0.025240384615384616 0.04447115384615385
1 0.38461538461538464 0.6574519230769231 0.046875 0.04447115384615385
1 0.4074519230769231 0.6574519230769231 0.019230769230769232 0.040865384615384616
1 0.421875 0.6550480769230769 0.021634615384615384 0.037259615384615384
0 0.4266826923076923 0.6334134615384616 0.05889423076923077 0.07572115384615384
1 0.5324519230769231 0.6574519230769231 0.055288461538461536 0.04927884615384615
1 0.5012019230769231 0.6574519230769231 0.02403846153846154 0.040865384615384616
1 0.4795673076923077 0.6538461538461539 0.019230769230769232 0.038461538461538464
3 0.5997596153846154 0.6370192307692307 0.007211538461538462 0.027644230769230768
3 0.9603365384615384 0.6262019230769231 0.016826923076923076 0.06490384615384616
3 0.8798076923076923 0.6322115384615384 0.01201923076923077 0.06490384615384616
3 0.8882211538461539 0.6370192307692307 0.007211538461538462 0.05889423076923077
3 0.8990384615384616 0.6334134615384616 0.015625 0.06009615384615385
3 0.6370192307692307 0.6430288461538461 0.014423076923076924 0.04447115384615385