2 0.0625 0.6742788461538461 0.027644230769230768 0.055288461538461536
2 0.11899038461538461 0.6682692307692307 0.02403846153846154 0.05889423076923077
2 0.1778846153846154 0.6658653846153846 0.020432692307692308 0.055288461538461536
3 0.1875 0.6634615384615384 0.015625 0.056490384615384616
3 0.20793269230769232 0.6610576923076923 0.01201923076923077 0.04927884615384615
3 0.25240384615384615 0.6610576923076923 0.014423076923076924 0.04927884615384615
3 0.3137019230769231 0.6610576923076923 0.056490384615384616 0.052884615384615384
3 0.3425480769230769 0.6574519230769231 0.025240384615384616 0.04447115384615385
1 0.38341346153846156 0.6586538461538461 0.04807692307692308 0.04927884615384615
1 0.40865384615384615 0.6586538461538461 0.016826923076923076 0.046875
1 0.421875 0.6538461538461539 0.027644230769230768 0.04326923076923077
0 0.4266826923076923 0.6346153846153846 0.056490384615384616 0.078125
1 0.5204326923076923 0.6466346153846154 0.027644230769230768 0.03125
1 0.5024038461538461 0.6430288461538461 0.016826923076923076 0.027644230769230768
3 0.7283653846153846 0.6382211538461539 0.016826923076923076 0.05048076923076923
3 0.9591346153846154 0.6262019230769231 0.016826923076923076 0.06009615384615385
3 0.8786057692307693 0.6322115384615384 0.016826923076923076 0.06009615384615385
3 0.9026442307692307 0.6334134615384616 0.010817307692307692 0.06490384615384616
3 0.8918269230769231 0.6346153846153846 0.01201923076923077 0.0625