2 0.05889423076923077 0.6742788461538461 0.025240384615384616 0.056490384615384616
1 0.16826923076923078 0.6694711538461539 0.1875 0.08653846153846154
1 0.31009615384615385 0.6610576923076923 0.057692307692307696 0.052884615384615384
1 0.3425480769230769 0.6586538461538461 0.02403846153846154 0.04447115384615385
1 0.38221153846153844 0.6586538461538461 0.04567307692307692 0.046875
1 0.4074519230769231 0.6586538461538461 0.014423076923076924 0.04447115384615385
1 0.4206730769230769 0.6550480769230769 0.020432692307692308 0.040865384615384616
0 0.4254807692307692 0.6382211538461539 0.057692307692307696 0.08653846153846154
1 0.5192307692307693 0.6430288461538461 0.021634615384615384 0.027644230769230768
1 0.5012019230769231 0.6430288461538461 0.015625 0.02403846153846154
3 0.6850961538461539 0.640625 0.016826923076923076 0.05048076923076923
3 0.8822115384615384 0.6298076923076923 0.015625 0.06009615384615385
3 0.9050480769230769 0.6322115384615384 0.009615384615384616 0.06009615384615385
3 0.9158653846153846 0.6322115384615384 0.014423076923076924 0.06490384615384616
3 0.9591346153846154 0.6274038461538461 0.016826923076923076 0.0625