1 0.06009615384615385 0.6754807692307693 0.026442307692307692 0.05889423076923077
2 0.09375 0.6706730769230769 0.021634615384615384 0.056490384615384616
3 0.13221153846153846 0.6634615384615384 0.015625 0.056490384615384616
3 0.1502403846153846 0.6634615384615384 0.014423076923076924 0.052884615384615384
3 0.17548076923076922 0.6658653846153846 0.01201923076923077 0.05048076923076923
2 0.23557692307692307 0.6598557692307693 0.016826923076923076 0.046875
1 0.2980769230769231 0.6586538461538461 0.057692307692307696 0.056490384615384616
1 0.33774038461538464 0.6586538461538461 0.036057692307692304 0.04927884615384615
1 0.38461538461538464 0.6610576923076923 0.04807692307692308 0.052884615384615384
1 0.5144230769230769 0.6550480769230769 0.06370192307692307 0.06009615384615385
3 0.6310096153846154 0.6430288461538461 0.014423076923076924 0.040865384615384616
0 0.42788461538461536 0.6322115384615384 0.057692307692307696 0.078125
1 0.421875 0.6538461538461539 0.03125 0.04326923076923077
3 0.890625 0.6346153846153846 0.021634615384615384 0.06610576923076923
3 0.9338942307692307 0.6298076923076923 0.010817307692307692 0.06850961538461539
3 0.9627403846153846 0.6262019230769231 0.015625 0.06850961538461539
3 0.9459134615384616 0.6286057692307693 0.020432692307692308 0.06610576923076923