3 0.8016826923076923 0.6129807692307693 0.019230769230769232 0.06971153846153846
2 0.6838942307692307 0.6105769230769231 0.016826923076923076 0.052884615384615384
1 0.49399038461538464 0.6286057692307693 0.03485576923076923 0.038461538461538464
1 0.5204326923076923 0.6189903846153846 0.021634615384615384 0.02403846153846154
1 0.43149038461538464 0.6262019230769231 0.027644230769230768 0.03365384615384615
0 0.3954326923076923 0.6334134615384616 0.03485576923076923 0.040865384615384616
1 0.3762019230769231 0.6394230769230769 0.030048076923076924 0.040865384615384616
1 0.34134615384615385 0.6454326923076923 0.051682692307692304 0.056490384615384616
1 0.3112980769230769 0.6490384615384616 0.03245192307692308 0.06850961538461539
1 0.27884615384615385 0.6502403846153846 0.0673076923076923 0.078125
1 0.23798076923076922 0.6670673076923077 0.08774038461538461 0.09134615384615384
1 0.140625 0.6899038461538461 0.140625 0.11177884615384616
1 0.08413461538461539 0.6670673076923077 0.10817307692307693 0.11538461538461539
1 0.030048076923076924 0.6995192307692307 0.06009615384615385 0.16826923076923078
0 0.32211538461538464 0.5961538461538461 0.07932692307692307 0.05889423076923077