0 0.2247596153846154 0.5913461538461539 0.13581730769230768 0.09615384615384616
1 0.05889423076923077 0.6899038461538461 0.11778846153846154 0.16346153846153846
1 0.1346153846153846 0.6814903846153846 0.09254807692307693 0.125
1 0.23076923076923078 0.671875 0.10096153846153846 0.09375
1 0.3112980769230769 0.6502403846153846 0.056490384615384616 0.05889423076923077
1 0.34975961538461536 0.6430288461538461 0.05048076923076923 0.056490384615384616
1 0.3918269230769231 0.6322115384615384 0.037259615384615384 0.040865384615384616
1 0.4855769230769231 0.6274038461538461 0.03485576923076923 0.037259615384615384
1 0.5192307692307693 0.6201923076923077 0.026442307692307692 0.03365384615384615
3 0.7235576923076923 0.6117788461538461 0.015625 0.05889423076923077
3 0.9795673076923077 0.6201923076923077 0.025240384615384616 0.10697115384615384