1 0.9471153846153846 0.6129807692307693 0.030048076923076924 0.10576923076923077
1 0.6923076923076923 0.6550480769230769 0.12139423076923077 0.14302884615384615
1 0.5685096153846154 0.6310096153846154 0.038461538461538464 0.046875
1 0.5168269230769231 0.6165865384615384 0.019230769230769232 0.025240384615384616
1 0.35096153846153844 0.6418269230769231 0.04807692307692308 0.06490384615384616
3 0.32211538461538464 0.6346153846153846 0.01201923076923077 0.05048076923076923
1 0.40865384615384615 0.6430288461538461 0.057692307692307696 0.05889423076923077
1 0.4483173076923077 0.6310096153846154 0.037259615384615384 0.04326923076923077
1 0.47596153846153844 0.6274038461538461 0.027644230769230768 0.03125
1 0.1622596153846154 0.6959134615384616 0.20673076923076922 0.18990384615384615
1 0.0673076923076923 0.6574519230769231 0.07451923076923077 0.06009615384615385