1 0.7019230769230769 0.6742788461538461 0.14182692307692307 0.13822115384615385
3 0.7560096153846154 0.6129807692307693 0.025240384615384616 0.046875
1 0.49278846153846156 0.6574519230769231 0.09495192307692307 0.10336538461538461
1 0.5973557692307693 0.6466346153846154 0.07211538461538461 0.08173076923076923
1 0.6358173076923077 0.6189903846153846 0.021634615384615384 0.055288461538461536
1 0.5480769230769231 0.6298076923076923 0.03485576923076923 0.04447115384615385
1 0.054086538461538464 0.8509615384615384 0.10817307692307693 0.2932692307692308
1 0.14783653846153846 0.7524038461538461 0.2800480769230769 0.25600961538461536
1 0.25961538461538464 0.6899038461538461 0.1622596153846154 0.1814903846153846
1 0.3401442307692308 0.6670673076923077 0.08413461538461539 0.1346153846153846
1 0.037259615384615384 0.6586538461538461 0.0733173076923077 0.08774038461538461