1 0.6189903846153846 0.6694711538461539 0.10096153846153846 0.10576923076923077
2 0.7271634615384616 0.6550480769230769 0.038461538461538464 0.09975961538461539
2 0.9230769230769231 0.6706730769230769 0.08173076923076923 0.15384615384615385
3 0.6935096153846154 0.6201923076923077 0.016826923076923076 0.04927884615384615
2 0.6694711538461539 0.6382211538461539 0.030048076923076924 0.06971153846153846
1 0.4831730769230769 0.6598557692307693 0.07451923076923077 0.08653846153846154
1 0.5456730769230769 0.6490384615384616 0.052884615384615384 0.06009615384615385
1 0.12259615384615384 0.7680288461538461 0.24519230769230768 0.3629807692307692
1 0.24759615384615385 0.7235576923076923 0.11057692307692307 0.1778846153846154
1 0.27884615384615385 0.6923076923076923 0.15504807692307693 0.1814903846153846
1 0.35336538461538464 0.6670673076923077 0.057692307692307696 0.11538461538461539
1 0.3870192307692308 0.6610576923076923 0.038461538461538464 0.08052884615384616
1 0.4170673076923077 0.6442307692307693 0.03485576923076923 0.04326923076923077