1 0.8725961538461539 0.6117788461538461 0.020432692307692308 0.06971153846153846
2 0.7584134615384616 0.6586538461538461 0.036057692307692304 0.10697115384615384
2 0.8137019230769231 0.6538461538461539 0.036057692307692304 0.10336538461538461
2 0.7860576923076923 0.6514423076923077 0.027644230769230768 0.08413461538461539
1 0.2956730769230769 0.7007211538461539 0.078125 0.14423076923076922
1 0.19951923076923078 0.7307692307692307 0.20793269230769232 0.22235576923076922
1 0.06971153846153846 0.7944711538461539 0.13942307692307693 0.40625
1 0.5949519230769231 0.6538461538461539 0.06850961538461539 0.07451923076923077
1 0.4891826923076923 0.6502403846153846 0.05889423076923077 0.0625
1 0.5504807692307693 0.640625 0.03485576923076923 0.04326923076923077
1 0.4495192307692308 0.6382211538461539 0.02403846153846154 0.03485576923076923