3 0.1141826923076923 0.6394230769230769 0.009615384615384616 0.04447115384615385
3 0.12139423076923077 0.6418269230769231 0.006009615384615385 0.040865384615384616
3 0.13942307692307693 0.6430288461538461 0.009615384615384616 0.037259615384615384
1 0.171875 0.6454326923076923 0.052884615384615384 0.04927884615384615
1 0.37740384615384615 0.6802884615384616 0.14903846153846154 0.13701923076923078
1 0.4387019230769231 0.6262019230769231 0.026442307692307692 0.03365384615384615
1 0.5060096153846154 0.6574519230769231 0.09975961538461539 0.11177884615384616
1 0.6911057692307693 0.6526442307692307 0.11899038461538461 0.09735576923076923
3 0.7223557692307693 0.5985576923076923 0.015625 0.028846153846153848
1 0.5805288461538461 0.6322115384615384 0.055288461538461536 0.05048076923076923
1 0.6177884615384616 0.6298076923076923 0.03125 0.06490384615384616
0 0.6526442307692307 0.5757211538461539 0.1045673076923077 0.05048076923076923