1 0.09735576923076923 0.6887019230769231 0.12379807692307693 0.10697115384615384
1 0.37740384615384615 0.6430288461538461 0.038461538461538464 0.04326923076923077
1 0.44591346153846156 0.6382211538461539 0.042067307692307696 0.03365384615384615
1 0.6177884615384616 0.6442307692307693 0.056490384615384616 0.0625
1 0.6466346153846154 0.6382211538461539 0.027644230769230768 0.052884615384615384
1 0.7860576923076923 0.6778846153846154 0.15264423076923078 0.140625
1 0.7355769230769231 0.6346153846153846 0.07932692307692307 0.12139423076923077
1 0.9495192307692307 0.6454326923076923 0.0985576923076923 0.1310096153846154
1 0.8978365384615384 0.6394230769230769 0.06370192307692307 0.10336538461538461
1 0.8629807692307693 0.6225961538461539 0.051682692307692304 0.04927884615384615
1 0.4230769230769231 0.6430288461538461 0.03245192307692308 0.03125