1 0.13701923076923078 0.6730769230769231 0.0985576923076923 0.08052884615384616
2 0.009615384615384616 0.6766826923076923 0.019230769230769232 0.06490384615384616
3 0.01201923076923077 0.6646634615384616 0.01201923076923077 0.056490384615384616
1 0.42788461538461536 0.6358173076923077 0.042067307692307696 0.040865384615384616
1 0.4639423076923077 0.6322115384615384 0.027644230769230768 0.03125
1 0.6310096153846154 0.6490384615384616 0.057692307692307696 0.0625
1 0.6610576923076923 0.6382211538461539 0.03125 0.05048076923076923
1 0.8016826923076923 0.6790865384615384 0.15985576923076922 0.1502403846153846
1 0.8894230769230769 0.6334134615384616 0.042067307692307696 0.09134615384615384
1 0.9411057692307693 0.6394230769230769 0.10576923076923077 0.12259615384615384
1 0.9807692307692307 0.6586538461538461 0.03245192307692308 0.14903846153846154