3 0.06610576923076923 0.6850961538461539 0.1310096153846154 0.10096153846153846
3 0.14903846153846154 0.6706730769230769 0.06850961538461539 0.08052884615384616
1 0.28846153846153844 0.6442307692307693 0.046875 0.046875
1 0.3425480769230769 0.640625 0.04807692307692308 0.038461538461538464
1 0.5240384615384616 0.625 0.030048076923076924 0.03485576923076923
1 0.5685096153846154 0.6298076923076923 0.04567307692307692 0.052884615384615384
1 0.6081730769230769 0.6225961538461539 0.020432692307692308 0.03485576923076923
1 0.6213942307692307 0.6237980769230769 0.015625 0.037259615384615384
1 0.6322115384615384 0.6286057692307693 0.026442307692307692 0.055288461538461536
1 0.7067307692307693 0.6538461538461539 0.12139423076923077 0.109375
1 0.6814903846153846 0.6225961538461539 0.0733173076923077 0.09735576923076923
0 0.859375 0.5913461538461539 0.19110576923076922 0.1622596153846154
1 0.8894230769230769 0.6346153846153846 0.10576923076923077 0.10576923076923077
1 0.9362980769230769 0.7055288461538461 0.125 0.2283653846153846