1 0.0985576923076923 0.6959134615384616 0.13701923076923078 0.09975961538461539
1 0.1814903846153846 0.671875 0.07692307692307693 0.078125
1 0.3088942307692308 0.6574519230769231 0.07451923076923077 0.07211538461538461
1 0.36538461538461536 0.6490384615384616 0.042067307692307696 0.040865384615384616
1 0.5961538461538461 0.6334134615384616 0.036057692307692304 0.040865384615384616
1 0.6298076923076923 0.6237980769230769 0.019230769230769232 0.03365384615384615
1 0.6526442307692307 0.6322115384615384 0.037259615384615384 0.04447115384615385
1 0.6730769230769231 0.6237980769230769 0.021634615384615384 0.03365384615384615
1 0.6911057692307693 0.6262019230769231 0.021634615384615384 0.037259615384615384
1 0.7103365384615384 0.6201923076923077 0.02403846153846154 0.03365384615384615
1 0.7524038461538461 0.6550480769230769 0.1141826923076923 0.09975961538461539
0 0.7259615384615384 0.5913461538461539 0.04807692307692308 0.03125
1 0.7620192307692307 0.6129807692307693 0.0625 0.05889423076923077
0 0.9122596153846154 0.5913461538461539 0.171875 0.15985576923076922
1 0.9411057692307693 0.6766826923076923 0.1141826923076923 0.1622596153846154