1 0.10817307692307693 0.7896634615384616 0.21634615384615385 0.3918269230769231
1 0.2439903846153846 0.7235576923076923 0.18269230769230768 0.18509615384615385
1 0.3137019230769231 0.6838942307692307 0.13221153846153846 0.14903846153846154
1 0.3894230769230769 0.6742788461538461 0.07211538461538461 0.10576923076923077
1 0.5024038461538461 0.6298076923076923 0.0889423076923077 0.04447115384615385
2 0.6574519230769231 0.6442307692307693 0.040865384615384616 0.09014423076923077
1 0.4723557692307692 0.6322115384615384 0.05889423076923077 0.040865384615384616
3 0.5528846153846154 0.6262019230769231 0.006009615384615385 0.03365384615384615
1 0.6911057692307693 0.6129807692307693 0.05889423076923077 0.03485576923076923
3 0.6322115384615384 0.6225961538461539 0.010817307692307692 0.03365384615384615
1 0.4206730769230769 0.6358173076923077 0.02403846153846154 0.028846153846153848
1 0.44350961538461536 0.6322115384615384 0.021634615384615384 0.02403846153846154