1 0.08774038461538461 0.7644230769230769 0.17548076923076922 0.34615384615384615
1 0.2091346153846154 0.7103365384615384 0.20192307692307693 0.1971153846153846
1 0.3016826923076923 0.6911057692307693 0.08413461538461539 0.13221153846153846
1 0.3401442307692308 0.6694711538461539 0.1045673076923077 0.12259615384615384
1 0.3894230769230769 0.6586538461538461 0.051682692307692304 0.09134615384615384
1 0.40024038461538464 0.6526442307692307 0.057692307692307696 0.08173076923076923
1 0.4326923076923077 0.6490384615384616 0.03485576923076923 0.0625
1 0.4651442307692308 0.6286057692307693 0.056490384615384616 0.03485576923076923
1 0.5564903846153846 0.6189903846153846 0.07211538461538461 0.04326923076923077
2 0.6033653846153846 0.6334134615384616 0.027644230769230768 0.06009615384615385
1 0.5036057692307693 0.6274038461538461 0.037259615384615384 0.02403846153846154
1 0.7283653846153846 0.6057692307692307 0.04807692307692308 0.03485576923076923