1 0.06971153846153846 0.8052884615384616 0.13942307692307693 0.34615384615384615
1 0.15384615384615385 0.7043269230769231 0.21153846153846154 0.2127403846153846
1 0.27163461538461536 0.6814903846153846 0.11538461538461539 0.14423076923076922
1 0.3425480769230769 0.6622596153846154 0.0889423076923077 0.109375
1 0.3870192307692308 0.6490384615384616 0.051682692307692304 0.08413461538461539
1 0.41466346153846156 0.6430288461538461 0.030048076923076924 0.06009615384615385
1 0.4567307692307692 0.6225961538461539 0.06971153846153846 0.03365384615384615
1 0.5144230769230769 0.6177884615384616 0.0673076923076923 0.03125
2 0.5480769230769231 0.6237980769230769 0.016826923076923076 0.04927884615384615
2 0.5685096153846154 0.6298076923076923 0.027644230769230768 0.056490384615384616
1 0.6129807692307693 0.6069711538461539 0.07692307692307693 0.03485576923076923