1 0.11778846153846154 0.7884615384615384 0.234375 0.3125
1 0.22596153846153846 0.7043269230769231 0.18870192307692307 0.2091346153846154
1 0.33413461538461536 0.6850961538461539 0.09975961538461539 0.13221153846153846
1 0.36899038461538464 0.6682692307692307 0.055288461538461536 0.10576923076923077
1 0.5853365384615384 0.6201923076923077 0.10817307692307693 0.04447115384615385
2 0.6742788461538461 0.6502403846153846 0.051682692307692304 0.109375
2 0.6526442307692307 0.6430288461538461 0.025240384615384616 0.09014423076923077
1 0.40865384615384615 0.6334134615384616 0.06370192307692307 0.04447115384615385
1 0.4723557692307692 0.6322115384615384 0.026442307692307692 0.03365384615384615
1 0.5072115384615384 0.6310096153846154 0.020432692307692308 0.027644230769230768
2 0.7307692307692307 0.6213942307692307 0.025240384615384616 0.05048076923076923
1 0.9002403846153846 0.59375 0.05048076923076923 0.04326923076923077
1 0.8221153846153846 0.6021634615384616 0.07692307692307693 0.037259615384615384
1 0.5480769230769231 0.6237980769230769 0.06370192307692307 0.040865384615384616