1 0.10216346153846154 0.8112980769230769 0.20432692307692307 0.35697115384615385
1 0.1466346153846154 0.7055288461538461 0.19110576923076922 0.16947115384615385
1 0.22596153846153846 0.6778846153846154 0.13701923076923078 0.15264423076923078
1 0.3004807692307692 0.6658653846153846 0.07451923076923077 0.11298076923076923
1 0.3425480769230769 0.6502403846153846 0.0673076923076923 0.08173076923076923
1 0.37740384615384615 0.6454326923076923 0.038461538461538464 0.06850961538461539
2 0.5072115384615384 0.6237980769230769 0.014423076923076924 0.04447115384615385
2 0.5348557692307693 0.6274038461538461 0.026442307692307692 0.052884615384615384
1 0.39903846153846156 0.6382211538461539 0.021634615384615384 0.05048076923076923
1 0.4987980769230769 0.6177884615384616 0.06370192307692307 0.03125
1 0.6394230769230769 0.6021634615384616 0.055288461538461536 0.03365384615384615
1 0.4483173076923077 0.6237980769230769 0.021634615384615384 0.021634615384615384
1 0.46033653846153844 0.625 0.026442307692307692 0.019230769230769232
2 0.4182692307692308 0.6225961538461539 0.021634615384615384 0.028846153846153848