1 0.10576923076923077 0.6706730769230769 0.16826923076923078 0.08052884615384616
1 0.24158653846153846 0.6706730769230769 0.18870192307692307 0.09134615384615384
1 0.6081730769230769 0.6334134615384616 0.13581730769230768 0.06490384615384616
1 0.7223557692307693 0.6274038461538461 0.1466346153846154 0.06971153846153846
1 0.8701923076923077 0.6177884615384616 0.1310096153846154 0.0625
3 0.5504807692307693 0.6286057692307693 0.006009615384615385 0.015625
3 0.5420673076923077 0.6298076923076923 0.006009615384615385 0.013221153846153846
1 0.5228365384615384 0.6370192307692307 0.02403846153846154 0.027644230769230768
1 0.4879807692307692 0.6382211538461539 0.027644230769230768 0.027644230769230768
1 0.43149038461538464 0.640625 0.038461538461538464 0.03485576923076923
1 0.38221153846153844 0.6430288461538461 0.037259615384615384 0.03485576923076923