1 0.43149038461538464 0.6442307692307693 0.14903846153846154 0.06971153846153846
1 0.3125 0.6490384615384616 0.12860576923076922 0.0625
3 0.6658653846153846 0.6201923076923077 0.01201923076923077 0.040865384615384616
3 0.6911057692307693 0.6021634615384616 0.009615384615384616 0.021634615384615384
1 0.7007211538461539 0.6201923076923077 0.07692307692307693 0.052884615384615384
1 0.7487980769230769 0.6165865384615384 0.13581730769230768 0.056490384615384616
1 0.8762019230769231 0.6069711538461539 0.1141826923076923 0.06009615384615385
2 0.9543269230769231 0.6262019230769231 0.046875 0.08774038461538461
2 0.9651442307692307 0.7091346153846154 0.06610576923076923 0.2692307692307692
2 0.5336538461538461 0.6274038461538461 0.007211538461538462 0.02403846153846154
1 0.5060096153846154 0.6274038461538461 0.026442307692307692 0.03365384615384615
1 0.10576923076923077 0.6502403846153846 0.042067307692307696 0.03485576923076923
1 0.13942307692307693 0.6502403846153846 0.026442307692307692 0.03125
1 0.17067307692307693 0.6454326923076923 0.037259615384615384 0.03365384615384615
1 0.21754807692307693 0.6466346153846154 0.042067307692307696 0.03125