1 0.10817307692307693 0.7800480769230769 0.21514423076923078 0.29447115384615385
1 0.13701923076923078 0.65625 0.10096153846153846 0.0625
1 0.4807692307692308 0.6322115384615384 0.11057692307692307 0.055288461538461536
1 0.5793269230769231 0.625 0.12980769230769232 0.055288461538461536
3 0.6466346153846154 0.6189903846153846 0.014423076923076924 0.046875
2 0.8125 0.6802884615384616 0.0625 0.18389423076923078
2 0.8629807692307693 0.6706730769230769 0.057692307692307696 0.18509615384615385
2 0.9134615384615384 0.7067307692307693 0.12620192307692307 0.2620192307692308
1 0.9759615384615384 0.59375 0.04326923076923077 0.04326923076923077
1 0.8149038461538461 0.6045673076923077 0.0889423076923077 0.04447115384615385
1 0.22596153846153846 0.640625 0.036057692307692304 0.027644230769230768
1 0.3629807692307692 0.6358173076923077 0.03125 0.03365384615384615
1 0.41225961538461536 0.6334134615384616 0.03125 0.028846153846153848
1 0.29086538461538464 0.6382211538461539 0.046875 0.027644230769230768
1 0.2536057692307692 0.6370192307692307 0.027644230769230768 0.027644230769230768