1 0.5336538461538461 0.6358173076923077 0.03245192307692308 0.037259615384615384
1 0.02403846153846154 0.6802884615384616 0.04807692307692308 0.09134615384615384
1 0.11778846153846154 0.6586538461538461 0.0829326923076923 0.09134615384615384
1 0.21754807692307693 0.6538461538461539 0.06610576923076923 0.06009615384615385
1 0.25240384615384615 0.6502403846153846 0.02403846153846154 0.04326923076923077
1 0.28365384615384615 0.6514423076923077 0.036057692307692304 0.040865384615384616
1 0.1814903846153846 0.6586538461538461 0.027644230769230768 0.05048076923076923
1 0.07211538461538461 0.6826923076923077 0.05889423076923077 0.06490384615384616
1 0.28846153846153844 0.6466346153846154 0.03245192307692308 0.046875
1 0.3137019230769231 0.6430288461538461 0.016826923076923076 0.03365384615384615
1 0.37740384615384615 0.6298076923076923 0.03245192307692308 0.025240384615384616
1 0.33413461538461536 0.6346153846153846 0.026442307692307692 0.019230769230769232
1 0.35216346153846156 0.6334134615384616 0.016826923076923076 0.021634615384615384