1 0.8425480769230769 0.7367788461538461 0.3112980769230769 0.25721153846153844
1 0.3786057692307692 0.6586538461538461 0.07692307692307693 0.07451923076923077
1 0.49038461538461536 0.6322115384615384 0.027644230769230768 0.03365384615384615
1 0.20793269230769232 0.6586538461538461 0.0625 0.055288461538461536
1 0.037259615384615384 0.6706730769230769 0.0673076923076923 0.06009615384615385
1 0.08052884615384616 0.6670673076923077 0.051682692307692304 0.06009615384615385
1 0.13581730769230768 0.6586538461538461 0.06850961538461539 0.055288461538461536
1 0.27163461538461536 0.6442307692307693 0.027644230769230768 0.03125
1 0.28725961538461536 0.6382211538461539 0.019230769230769232 0.025240384615384616
1 0.45552884615384615 0.625 0.014423076923076924 0.019230769230769232
1 0.3401442307692308 0.6370192307692307 0.02403846153846154 0.03125