1 0.07932692307692307 0.8221153846153846 0.15865384615384615 0.35096153846153844
1 0.5252403846153846 0.6322115384615384 0.027644230769230768 0.03365384615384615
1 0.04447115384615385 0.6574519230769231 0.0889423076923077 0.03365384615384615
1 0.14423076923076922 0.6610576923076923 0.04807692307692308 0.04927884615384615
1 0.18990384615384615 0.6622596153846154 0.06370192307692307 0.05889423076923077
1 0.23317307692307693 0.6526442307692307 0.036057692307692304 0.046875
1 0.27403846153846156 0.6466346153846154 0.05048076923076923 0.05889423076923077
1 0.3088942307692308 0.6466346153846154 0.036057692307692304 0.038461538461538464
1 0.3449519230769231 0.640625 0.030048076923076924 0.03485576923076923
3 0.7920673076923077 0.6213942307692307 0.009615384615384616 0.027644230769230768
2 0.8245192307692307 0.6177884615384616 0.020432692307692308 0.03365384615384615
2 0.8509615384615384 0.6189903846153846 0.025240384615384616 0.03485576923076923