3 0.08052884615384616 0.6430288461538461 0.010817307692307692 0.03125
3 0.11778846153846154 0.6418269230769231 0.010817307692307692 0.028846153846153848
3 0.1502403846153846 0.640625 0.010817307692307692 0.027644230769230768
3 0.1814903846153846 0.6310096153846154 0.007211538461538462 0.015625
3 0.3269230769230769 0.6237980769230769 0.004807692307692308 0.013221153846153846
1 0.3713942307692308 0.6538461538461539 0.09975961538461539 0.08774038461538461
1 0.4230769230769231 0.6382211538461539 0.04567307692307692 0.052884615384615384
2 0.7379807692307693 0.6117788461538461 0.016826923076923076 0.027644230769230768
2 0.6382211538461539 0.6153846153846154 0.010817307692307692 0.02403846153846154
1 0.5504807692307693 0.6201923076923077 0.027644230769230768 0.028846153846153848
1 0.515625 0.6658653846153846 0.10576923076923077 0.109375
1 0.5997596153846154 0.6310096153846154 0.052884615384615384 0.055288461538461536
1 0.9350961538461539 0.7548076923076923 0.12620192307692307 0.28365384615384615