2 0.04326923076923077 0.6586538461538461 0.07211538461538461 0.10336538461538461
1 0.04326923076923077 0.6634615384615384 0.08653846153846154 0.09134615384615384
1 0.18509615384615385 0.7007211538461539 0.22355769230769232 0.1875
1 0.2860576923076923 0.671875 0.09014423076923077 0.12860576923076922
2 0.33653846153846156 0.6430288461538461 0.06971153846153846 0.10096153846153846
1 0.4675480769230769 0.6069711538461539 0.13701923076923078 0.027644230769230768
1 0.5120192307692307 0.8052884615384616 0.4170673076923077 0.3870192307692308
1 0.703125 0.6081730769230769 0.09975961538461539 0.06009615384615385
1 0.7740384615384616 0.5913461538461539 0.0625 0.019230769230769232
1 0.7295673076923077 0.6658653846153846 0.15625 0.14903846153846154
2 0.9338942307692307 0.5829326923076923 0.016826923076923076 0.018028846153846152
1 0.8834134615384616 0.5913461538461539 0.1141826923076923 0.052884615384615384
1 0.8810096153846154 0.7163461538461539 0.234375 0.2620192307692308