3 0.013221153846153846 0.6442307692307693 0.010817307692307692 0.03125
3 0.055288461538461536 0.6454326923076923 0.014423076923076924 0.03365384615384615
3 0.09014423076923077 0.6418269230769231 0.01201923076923077 0.03365384615384615
3 0.12139423076923077 0.6322115384615384 0.010817307692307692 0.013221153846153846
1 0.34134615384615385 0.6598557692307693 0.1045673076923077 0.10096153846153846
1 0.390625 0.6454326923076923 0.04326923076923077 0.06850961538461539
1 0.5096153846153846 0.6802884615384616 0.140625 0.14302884615384615
1 0.6189903846153846 0.6430288461538461 0.0733173076923077 0.07451923076923077
2 0.7644230769230769 0.6153846153846154 0.03245192307692308 0.038461538461538464
2 0.8028846153846154 0.6189903846153846 0.02403846153846154 0.05048076923076923
3 0.8040865384615384 0.59375 0.007211538461538462 0.015625
3 0.828125 0.6177884615384616 0.01201923076923077 0.052884615384615384
1 0.8509615384615384 0.6177884615384616 0.04567307692307692 0.04326923076923077
1 0.8918269230769231 0.7379807692307693 0.21394230769230768 0.2776442307692308