3 0.004807692307692308 0.6490384615384616 0.009615384615384616 0.038461538461538464
3 0.013221153846153846 0.6430288461538461 0.010817307692307692 0.028846153846153848
2 0.05889423076923077 0.65625 0.078125 0.10576923076923077
1 0.2127403846153846 0.6971153846153846 0.203125 0.171875
1 0.30288461538461536 0.6694711538461539 0.078125 0.12139423076923077
1 0.32211538461538464 0.6189903846153846 0.019230769230769232 0.019230769230769232
2 0.38461538461538464 0.6274038461538461 0.036057692307692304 0.046875
2 0.5432692307692307 0.6069711538461539 0.015625 0.021634615384615384
2 0.5709134615384616 0.6069711538461539 0.020432692307692308 0.021634615384615384
2 0.9182692307692307 0.5841346153846154 0.020432692307692308 0.02403846153846154
1 0.9807692307692307 0.5829326923076923 0.01201923076923077 0.018028846153846152
3 0.8737980769230769 0.578125 0.01201923076923077 0.015625
1 0.5072115384615384 0.7896634615384616 0.3389423076923077 0.35336538461538464
1 0.6322115384615384 0.6129807692307693 0.11057692307692307 0.055288461538461536
1 0.7175480769230769 0.6646634615384616 0.15144230769230768 0.13822115384615385
1 0.7920673076923077 0.5973557692307693 0.06610576923076923 0.03485576923076923
1 0.8461538461538461 0.5973557692307693 0.0733173076923077 0.027644230769230768
1 0.8870192307692307 0.7271634615384616 0.21995192307692307 0.27163461538461536