1 0.055288461538461536 0.7956730769230769 0.11057692307692307 0.30288461538461536
1 0.1778846153846154 0.7127403846153846 0.21514423076923078 0.19110576923076922
1 0.2668269230769231 0.6862980769230769 0.11899038461538461 0.13822115384615385
1 0.8677884615384616 0.7067307692307693 0.2608173076923077 0.24278846153846154
1 0.7475961538461539 0.6754807692307693 0.14903846153846154 0.14903846153846154
1 0.5192307692307693 0.8076923076923077 0.4963942307692308 0.36899038461538464
1 0.3161057692307692 0.6274038461538461 0.021634615384615384 0.025240384615384616
1 0.34975961538461536 0.6225961538461539 0.014423076923076924 0.019230769230769232
3 0.10216346153846154 0.6177884615384616 0.030048076923076924 0.03485576923076923
3 0.9447115384615384 0.5889423076923077 0.016826923076923076 0.025240384615384616
3 0.8858173076923077 0.5817307692307693 0.015625 0.019230769230769232