1 0.515625 0.8112980769230769 0.49038461538461536 0.37259615384615385
1 0.8689903846153846 0.7115384615384616 0.25961538461538464 0.22596153846153846
1 0.7355769230769231 0.671875 0.13221153846153846 0.14423076923076922
1 0.6802884615384616 0.6262019230769231 0.1201923076923077 0.06490384615384616
1 0.06129807692307692 0.796875 0.12259615384615384 0.31490384615384615
1 0.171875 0.7115384615384616 0.21875 0.18990384615384615
1 0.2800480769230769 0.6862980769230769 0.08774038461538461 0.1310096153846154
1 0.34134615384615385 0.6262019230769231 0.020432692307692308 0.025240384615384616
1 0.33052884615384615 0.6225961538461539 0.020432692307692308 0.02403846153846154
3 0.8918269230769231 0.5841346153846154 0.014423076923076924 0.02403846153846154
3 0.9447115384615384 0.5865384615384616 0.016826923076923076 0.02403846153846154