1 0.5072115384615384 0.8076923076923077 0.484375 0.38100961538461536
1 0.8677884615384616 0.7115384615384616 0.25961538461538464 0.2283653846153846
1 0.171875 0.7103365384615384 0.22235576923076922 0.1935096153846154
1 0.06129807692307692 0.7872596153846154 0.12259615384615384 0.3389423076923077
1 0.27884615384615385 0.6778846153846154 0.09495192307692307 0.12860576923076922
1 0.3485576923076923 0.6442307692307693 0.109375 0.07451923076923077
1 0.7355769230769231 0.6778846153846154 0.15745192307692307 0.15625
1 0.7115384615384616 0.6129807692307693 0.1310096153846154 0.06610576923076923
3 0.8112980769230769 0.5877403846153846 0.03245192307692308 0.038461538461538464
3 0.8918269230769231 0.5853365384615384 0.014423076923076924 0.025240384615384616
3 0.9447115384615384 0.5865384615384616 0.020432692307692308 0.027644230769230768
1 0.07692307692307693 0.6430288461538461 0.036057692307692304 0.038461538461538464