1 0.5144230769230769 0.8100961538461539 0.484375 0.37740384615384615
1 0.8701923076923077 0.7115384615384616 0.25600961538461536 0.2283653846153846
1 0.7355769230769231 0.6682692307692307 0.1346153846153846 0.13701923076923078
1 0.06129807692307692 0.7992788461538461 0.12139423076923077 0.3161057692307692
1 0.17307692307692307 0.7115384615384616 0.21875 0.19110576923076922
1 0.27884615384615385 0.6875 0.09254807692307693 0.13701923076923078
1 0.7103365384615384 0.6177884615384616 0.13221153846153846 0.06490384615384616
1 0.39663461538461536 0.6382211538461539 0.11057692307692307 0.06850961538461539
3 0.5420673076923077 0.6021634615384616 0.025240384615384616 0.040865384615384616
1 0.29927884615384615 0.6286057692307693 0.020432692307692308 0.02403846153846154
1 0.32211538461538464 0.6262019230769231 0.020432692307692308 0.021634615384615384
3 0.8870192307692307 0.5829326923076923 0.01201923076923077 0.021634615384615384
3 0.9435096153846154 0.5865384615384616 0.019230769230769232 0.025240384615384616