1 0.515625 0.8112980769230769 0.49038461538461536 0.37259615384615385
1 0.8689903846153846 0.7115384615384616 0.25721153846153844 0.22596153846153846
1 0.7379807692307693 0.6706730769230769 0.1346153846153846 0.15384615384615385
3 0.6334134615384616 0.6009615384615384 0.030048076923076924 0.055288461538461536
1 0.7127403846153846 0.6201923076923077 0.12980769230769232 0.06850961538461539
1 0.06129807692307692 0.7980769230769231 0.12259615384615384 0.32211538461538464
1 0.17548076923076922 0.7127403846153846 0.21514423076923078 0.19110576923076922
1 0.2800480769230769 0.6899038461538461 0.0889423076923077 0.13221153846153846
1 0.07451923076923077 0.6442307692307693 0.040865384615384616 0.04326923076923077
1 0.3088942307692308 0.6274038461538461 0.020432692307692308 0.019230769230769232
3 0.8870192307692307 0.5829326923076923 0.01201923076923077 0.021634615384615384
3 0.9447115384615384 0.5853365384615384 0.016826923076923076 0.025240384615384616