1 0.5144230769230769 0.8100961538461539 0.49278846153846156 0.375
1 0.8677884615384616 0.7127403846153846 0.2608173076923077 0.23076923076923078
1 0.17067307692307693 0.7091346153846154 0.2247596153846154 0.19471153846153846
1 0.06370192307692307 0.7860576923076923 0.12620192307692307 0.33774038461538464
1 0.7331730769230769 0.6694711538461539 0.15144230769230768 0.15264423076923078
1 0.28125 0.6802884615384616 0.09735576923076923 0.13221153846153846
1 0.07692307692307693 0.6454326923076923 0.040865384615384616 0.04447115384615385
1 0.3088942307692308 0.6262019230769231 0.02403846153846154 0.025240384615384616
1 0.3269230769230769 0.6274038461538461 0.02403846153846154 0.027644230769230768
1 0.7067307692307693 0.6189903846153846 0.1346153846153846 0.06610576923076923
3 0.890625 0.5841346153846154 0.01201923076923077 0.02403846153846154