1 0.5132211538461539 0.8112980769230769 0.4855769230769231 0.37259615384615385
1 0.06129807692307692 0.8004807692307693 0.12139423076923077 0.3161057692307692
1 0.8689903846153846 0.7115384615384616 0.25721153846153844 0.234375
1 0.7355769230769231 0.6682692307692307 0.13221153846153846 0.13701923076923078
1 0.17668269230769232 0.7115384615384616 0.2091346153846154 0.19110576923076922
1 0.2512019230769231 0.6838942307692307 0.14423076923076922 0.15985576923076922
3 0.3605769230769231 0.6262019230769231 0.02403846153846154 0.07211538461538461
1 0.7115384615384616 0.6165865384615384 0.1346153846153846 0.06850961538461539
1 0.32091346153846156 0.625 0.020432692307692308 0.019230769230769232
1 0.3245192307692308 0.6586538461538461 0.05048076923076923 0.055288461538461536
3 0.9459134615384616 0.5877403846153846 0.020432692307692308 0.02403846153846154
3 0.8882211538461539 0.5829326923076923 0.014423076923076924 0.018028846153846152