1 0.5144230769230769 0.8100961538461539 0.4987980769230769 0.375
1 0.8677884615384616 0.7115384615384616 0.2608173076923077 0.22596153846153846
1 0.16346153846153846 0.7127403846153846 0.234375 0.19110576923076922
1 0.7403846153846154 0.6802884615384616 0.15504807692307693 0.15625
1 0.0625 0.7956730769230769 0.125 0.33052884615384615
1 0.25961538461538464 0.6983173076923077 0.13221153846153846 0.17427884615384615
1 0.39783653846153844 0.6394230769230769 0.14543269230769232 0.08413461538461539
1 0.6875 0.6298076923076923 0.1310096153846154 0.06850961538461539
1 0.07572115384615384 0.6442307692307693 0.042067307692307696 0.04326923076923077
1 0.3088942307692308 0.6274038461538461 0.025240384615384616 0.025240384615384616
3 0.9435096153846154 0.5865384615384616 0.016826923076923076 0.02403846153846154
3 0.8870192307692307 0.5841346153846154 0.015625 0.02403846153846154