1 0.5096153846153846 0.8100961538461539 0.4735576923076923 0.37740384615384615
1 0.8677884615384616 0.7103365384615384 0.2608173076923077 0.23197115384615385
1 0.16947115384615385 0.7115384615384616 0.22956730769230768 0.19951923076923078
1 0.06129807692307692 0.7980769230769231 0.12259615384615384 0.3173076923076923
1 0.6418269230769231 0.625 0.14903846153846154 0.07451923076923077
1 0.2620192307692308 0.6875 0.12980769230769232 0.14903846153846154
1 0.7391826923076923 0.6778846153846154 0.1466346153846154 0.16346153846153846
1 0.4074519230769231 0.6370192307692307 0.1310096153846154 0.05889423076923077
1 0.31490384615384615 0.6262019230769231 0.020432692307692308 0.021634615384615384
1 0.33533653846153844 0.6262019230769231 0.020432692307692308 0.025240384615384616
1 0.07692307692307693 0.6430288461538461 0.040865384615384616 0.038461538461538464
3 0.9435096153846154 0.5865384615384616 0.016826923076923076 0.027644230769230768