1 0.5168269230769231 0.8100961538461539 0.4879807692307692 0.37740384615384615
1 0.06129807692307692 0.796875 0.12259615384615384 0.31971153846153844
1 0.17427884615384615 0.7127403846153846 0.21153846153846154 0.1875
1 0.2692307692307692 0.6814903846153846 0.109375 0.13221153846153846
1 0.8689903846153846 0.7115384615384616 0.25961538461538464 0.22596153846153846
1 0.7355769230769231 0.6682692307692307 0.13221153846153846 0.140625
1 0.6310096153846154 0.6237980769230769 0.10576923076923077 0.056490384615384616
3 0.8918269230769231 0.5865384615384616 0.010817307692307692 0.025240384615384616
1 0.04807692307692308 0.6430288461538461 0.09495192307692307 0.0625
1 0.32211538461538464 0.6466346153846154 0.0733173076923077 0.0625
1 0.3942307692307692 0.6189903846153846 0.037259615384615384 0.03125