1 0.5144230769230769 0.8100961538461539 0.49038461538461536 0.37740384615384615
1 0.16706730769230768 0.7163461538461539 0.2283653846153846 0.1971153846153846
1 0.8677884615384616 0.7127403846153846 0.2620192307692308 0.23076923076923078
1 0.7475961538461539 0.6790865384615384 0.16346153846153846 0.15865384615384615
1 0.06009615384615385 0.7980769230769231 0.1201923076923077 0.32572115384615385
1 0.2644230769230769 0.6887019230769231 0.11778846153846154 0.1658653846153846
1 0.07451923076923077 0.6430288461538461 0.040865384615384616 0.040865384615384616
1 0.31009615384615385 0.6418269230769231 0.038461538461538464 0.04927884615384615
1 0.31971153846153844 0.6274038461538461 0.021634615384615384 0.02403846153846154
1 0.3737980769230769 0.6274038461538461 0.051682692307692304 0.038461538461538464
1 0.5276442307692307 0.6069711538461539 0.09254807692307693 0.027644230769230768
3 0.8882211538461539 0.5865384615384616 0.014423076923076924 0.02403846153846154
3 0.9435096153846154 0.5853365384615384 0.016826923076923076 0.025240384615384616