1 0.5132211538461539 0.8088942307692307 0.4831730769230769 0.375
1 0.8689903846153846 0.7115384615384616 0.25721153846153844 0.2283653846153846
1 0.7391826923076923 0.6694711538461539 0.1502403846153846 0.14302884615384615
1 0.06129807692307692 0.7932692307692307 0.12259615384615384 0.3173076923076923
1 0.17307692307692307 0.7115384615384616 0.2127403846153846 0.18990384615384615
1 0.27403846153846156 0.6802884615384616 0.0985576923076923 0.12740384615384615
1 0.3557692307692308 0.6346153846153846 0.056490384615384616 0.04326923076923077
1 0.3894230769230769 0.6225961538461539 0.03245192307692308 0.025240384615384616
3 0.6574519230769231 0.6177884615384616 0.026442307692307692 0.04927884615384615
3 0.6117788461538461 0.6081730769230769 0.02403846153846154 0.037259615384615384
1 0.07932692307692307 0.6454326923076923 0.04807692307692308 0.04927884615384615
3 0.9435096153846154 0.5865384615384616 0.020432692307692308 0.02403846153846154