1 0.5144230769230769 0.8100961538461539 0.4855769230769231 0.37259615384615385
1 0.8689903846153846 0.7079326923076923 0.25961538461538464 0.2283653846153846
1 0.06009615384615385 0.7944711538461539 0.1201923076923077 0.31850961538461536
1 0.17548076923076922 0.7103365384615384 0.21514423076923078 0.1935096153846154
1 0.7427884615384616 0.6694711538461539 0.13701923076923078 0.14302884615384615
1 0.2800480769230769 0.6862980769230769 0.08774038461538461 0.13822115384615385
3 0.6454326923076923 0.6177884615384616 0.019230769230769232 0.040865384615384616
1 0.3004807692307692 0.6237980769230769 0.021634615384615384 0.028846153846153848
1 0.32091346153846156 0.6237980769230769 0.020432692307692308 0.025240384615384616
1 0.05048076923076923 0.6538461538461539 0.078125 0.04927884615384615
3 0.890625 0.5817307692307693 0.01201923076923077 0.02403846153846154
3 0.9423076923076923 0.5865384615384616 0.019230769230769232 0.02403846153846154