1 0.0625 0.7992788461538461 0.125 0.31971153846153844
3 0.6730769230769231 0.6165865384615384 0.015625 0.03365384615384615
3 0.8918269230769231 0.5913461538461539 0.015625 0.021634615384615384
1 0.07451923076923077 0.6514423076923077 0.04567307692307692 0.04927884615384615
1 0.18269230769230768 0.7151442307692307 0.2091346153846154 0.18389423076923078
1 0.28725961538461536 0.6826923076923077 0.09254807692307693 0.1346153846153846
1 0.33413461538461536 0.6310096153846154 0.05048076923076923 0.046875
0 0.3125 0.6081730769230769 0.052884615384615384 0.04447115384615385
1 0.38461538461538464 0.6274038461538461 0.03245192307692308 0.038461538461538464
1 0.7512019230769231 0.671875 0.15985576923076922 0.15625
1 0.8713942307692307 0.7175480769230769 0.2548076923076923 0.23677884615384615
1 0.515625 0.8100961538461539 0.46875 0.375