1 0.06129807692307692 0.7956730769230769 0.11899038461538461 0.33774038461538464
1 0.17067307692307693 0.7127403846153846 0.21875 0.19110576923076922
1 0.27283653846153844 0.6826923076923077 0.1045673076923077 0.13822115384615385
1 0.30528846153846156 0.6322115384615384 0.027644230769230768 0.03125
1 0.3713942307692308 0.6322115384615384 0.056490384615384616 0.040865384615384616
1 0.5168269230769231 0.8100961538461539 0.5 0.375
1 0.6346153846153846 0.6189903846153846 0.09735576923076923 0.055288461538461536
1 0.7427884615384616 0.671875 0.1502403846153846 0.14423076923076922
1 0.8677884615384616 0.7163461538461539 0.2608173076923077 0.23677884615384615
3 0.890625 0.5841346153846154 0.015625 0.027644230769230768
0 0.3473557692307692 0.6177884615384616 0.038461538461538464 0.05889423076923077