0 0.05889423076923077 0.6310096153846154 0.11778846153846154 0.171875
1 0.13221153846153846 0.6598557692307693 0.042067307692307696 0.05048076923076923
1 0.21033653846153846 0.7055288461538461 0.18028846153846154 0.1502403846153846
1 0.3485576923076923 0.6634615384615384 0.078125 0.08173076923076923
1 0.4326923076923077 0.6418269230769231 0.037259615384615384 0.04927884615384615
1 0.46153846153846156 0.6730769230769231 0.0673076923076923 0.10697115384615384
1 0.6057692307692307 0.6442307692307693 0.051682692307692304 0.06610576923076923
1 0.6598557692307693 0.6538461538461539 0.10576923076923077 0.09735576923076923
1 0.5240384615384616 0.7067307692307693 0.1778846153846154 0.18028846153846154
2 0.8834134615384616 0.6274038461538461 0.02403846153846154 0.056490384615384616
2 0.984375 0.6225961538461539 0.027644230769230768 0.08173076923076923