1 0.12740384615384615 0.7475961538461539 0.2512019230769231 0.2536057692307692
1 0.24759615384615385 0.7007211538461539 0.09254807692307693 0.15264423076923078
1 0.2980769230769231 0.6802884615384616 0.09014423076923077 0.12139423076923077
1 0.3317307692307692 0.6454326923076923 0.09375 0.09134615384615384
1 0.6802884615384616 0.8040865384615384 0.4963942307692308 0.38822115384615385
1 0.46033653846153844 0.7451923076923077 0.20793269230769232 0.26322115384615385
1 0.9254807692307693 0.7463942307692307 0.1466346153846154 0.3004807692307692
1 0.8221153846153846 0.6442307692307693 0.12620192307692307 0.09014423076923077
1 0.3870192307692308 0.6382211538461539 0.05889423076923077 0.052884615384615384
0 0.23317307692307693 0.6021634615384616 0.21394230769230768 0.04927884615384615
0 0.23557692307692307 0.6021634615384616 0.21754807692307693 0.052884615384615384