1 0.12620192307692307 0.7439903846153846 0.25240384615384615 0.23317307692307693
1 0.2764423076923077 0.6862980769230769 0.125 0.12259615384615384
1 0.35096153846153844 0.6670673076923077 0.078125 0.09134615384615384
1 0.38100961538461536 0.6478365384615384 0.06610576923076923 0.08052884615384616
1 0.41225961538461536 0.6442307692307693 0.025240384615384616 0.055288461538461536
0 0.4891826923076923 0.6069711538461539 0.03485576923076923 0.028846153846153848
1 0.46875 0.6971153846153846 0.078125 0.15625
1 0.578125 0.7524038461538461 0.25961538461538464 0.27524038461538464
1 0.6814903846153846 0.6502403846153846 0.09254807692307693 0.09014423076923077
1 0.8004807692307693 0.6850961538461539 0.19471153846153846 0.1622596153846154
3 0.8966346153846154 0.59375 0.010817307692307692 0.015625
3 0.8798076923076923 0.5961538461538461 0.009615384615384616 0.018028846153846152
3 0.9675480769230769 0.5913461538461539 0.010817307692307692 0.021634615384615384
2 0.7331730769230769 0.6021634615384616 0.007211538461538462 0.018028846153846152
2 0.7259615384615384 0.6057692307692307 0.004807692307692308 0.015625