1 0.12860576923076922 0.7415865384615384 0.25721153846153844 0.2247596153846154
1 0.2776442307692308 0.6899038461538461 0.125 0.125
1 0.3557692307692308 0.6742788461538461 0.0829326923076923 0.09735576923076923
1 0.3858173076923077 0.6490384615384616 0.05889423076923077 0.08052884615384616
1 0.41586538461538464 0.6442307692307693 0.021634615384615384 0.05048076923076923
0 0.4891826923076923 0.609375 0.03125 0.03125
1 0.5637019230769231 0.7463942307692307 0.23557692307692307 0.2536057692307692
1 0.6622596153846154 0.6538461538461539 0.08653846153846154 0.08653846153846154
1 0.7716346153846154 0.6802884615384616 0.17307692307692307 0.1502403846153846
2 0.8870192307692307 0.6225961538461539 0.021634615384615384 0.07211538461538461
3 0.7259615384615384 0.6057692307692307 0.007211538461538462 0.015625
3 0.7331730769230769 0.6057692307692307 0.009615384615384616 0.015625
2 0.8341346153846154 0.6237980769230769 0.019230769230769232 0.04447115384615385
3 0.9230769230769231 0.6021634615384616 0.014423076923076924 0.03365384615384615