1 0.12860576923076922 0.7379807692307693 0.25600961538461536 0.22596153846153846
1 0.22355769230769232 0.6490384615384616 0.040865384615384616 0.038461538461538464
1 0.2512019230769231 0.6466346153846154 0.025240384615384616 0.03485576923076923
1 0.30528846153846156 0.6754807692307693 0.109375 0.109375
1 0.3798076923076923 0.6550480769230769 0.07211538461538461 0.07211538461538461
1 0.4026442307692308 0.6394230769230769 0.04807692307692308 0.06490384615384616
1 0.43028846153846156 0.6382211538461539 0.021634615384615384 0.04447115384615385
0 0.4855769230769231 0.6129807692307693 0.027644230769230768 0.04326923076923077
1 0.5324519230769231 0.7055288461538461 0.17067307692307693 0.17427884615384615
1 0.6334134615384616 0.6490384615384616 0.0733173076923077 0.07451923076923077
1 0.7151442307692307 0.6694711538461539 0.125 0.11778846153846154
2 0.8966346153846154 0.6225961538461539 0.021634615384615384 0.06610576923076923
3 0.8485576923076923 0.6201923076923077 0.019230769230769232 0.06009615384615385
3 0.8798076923076923 0.6274038461538461 0.01201923076923077 0.0625
2 0.7944711538461539 0.6370192307692307 0.016826923076923076 0.046875
2 0.7776442307692307 0.6322115384615384 0.015625 0.046875
2 0.7596153846153846 0.6177884615384616 0.015625 0.03485576923076923
1 0.9771634615384616 0.6490384615384616 0.042067307692307696 0.0625
2 0.7475961538461539 0.609375 0.007211538461538462 0.015625
2 0.7536057692307693 0.6069711538461539 0.007211538461538462 0.015625