1 0.08533653846153846 0.7091346153846154 0.17067307692307693 0.15985576923076922
1 0.21514423076923078 0.6334134615384616 0.038461538461538464 0.037259615384615384
1 0.26802884615384615 0.6610576923076923 0.0889423076923077 0.09615384615384616
1 0.3112980769230769 0.6430288461538461 0.040865384615384616 0.056490384615384616
1 0.3485576923076923 0.6370192307692307 0.04326923076923077 0.046875
1 0.3918269230769231 0.6346153846153846 0.051682692307692304 0.06610576923076923
1 0.4230769230769231 0.6322115384615384 0.02403846153846154 0.04326923076923077
1 0.44711538461538464 0.6382211538461539 0.019230769230769232 0.038461538461538464
1 0.4639423076923077 0.6490384615384616 0.025240384615384616 0.07572115384615384
1 0.4831730769230769 0.6586538461538461 0.046875 0.09975961538461539
1 0.5408653846153846 0.6730769230769231 0.109375 0.12740384615384615
0 0.5216346153846154 0.5889423076923077 0.051682692307692304 0.04447115384615385
0 0.5576923076923077 0.59375 0.021634615384615384 0.03125
1 0.6838942307692307 0.7259615384615384 0.22956730769230768 0.25