1 0.04807692307692308 0.6754807692307693 0.09615384615384616 0.10576923076923077
1 0.11899038461538461 0.6490384615384616 0.0673076923076923 0.08052884615384616
1 0.15985576923076922 0.6610576923076923 0.06370192307692307 0.06490384615384616
1 0.3894230769230769 0.8064903846153846 0.4170673076923077 0.38221153846153844
1 0.6225961538461539 0.6466346153846154 0.07932692307692307 0.09375
1 0.6959134615384616 0.65625 0.1201923076923077 0.140625
1 0.7752403846153846 0.6947115384615384 0.20793269230769232 0.18509615384615385
1 0.5588942307692307 0.6634615384615384 0.05048076923076923 0.10336538461538461
0 0.8545673076923077 0.5913461538461539 0.2127403846153846 0.203125
1 0.9543269230769231 0.6586538461538461 0.0889423076923077 0.13822115384615385
1 0.2692307692307692 0.6658653846153846 0.09014423076923077 0.09375
1 0.21875 0.6490384615384616 0.052884615384615384 0.04447115384615385