3 0.056490384615384616 0.6622596153846154 0.015625 0.06610576923076923
1 0.21634615384615385 0.6682692307692307 0.11057692307692307 0.109375
1 0.28725961538461536 0.6526442307692307 0.040865384615384616 0.055288461538461536
1 0.3942307692307692 0.7163461538461539 0.2247596153846154 0.20673076923076922
1 0.47596153846153844 0.6418269230769231 0.056490384615384616 0.06490384615384616
1 0.5060096153846154 0.6322115384615384 0.026442307692307692 0.04326923076923077
1 0.5625 0.6526442307692307 0.09014423076923077 0.11778846153846154
1 0.6213942307692307 0.6454326923076923 0.05048076923076923 0.07211538461538461
1 0.6971153846153846 0.65625 0.0889423076923077 0.11298076923076923
1 0.7439903846153846 0.6802884615384616 0.15745192307692307 0.14302884615384615
0 0.8725961538461539 0.5889423076923077 0.19230769230769232 0.23677884615384615
1 0.9302884615384616 0.6742788461538461 0.13701923076923078 0.15985576923076922
1 0.18389423076923078 0.6310096153846154 0.06370192307692307 0.05048076923076923