1 0.24278846153846154 0.765625 0.33653846153846156 0.2776442307692308
1 0.4338942307692308 0.6814903846153846 0.125 0.11298076923076923
1 0.49038461538461536 0.6586538461538461 0.055288461538461536 0.08052884615384616
1 0.5336538461538461 0.6442307692307693 0.057692307692307696 0.05889423076923077
1 0.5637019230769231 0.6430288461538461 0.025240384615384616 0.038461538461538464
1 0.6129807692307693 0.6466346153846154 0.07451923076923077 0.08653846153846154
1 0.6971153846153846 0.6538461538461539 0.07692307692307693 0.09375
1 0.7560096153846154 0.671875 0.13581730769230768 0.11778846153846154
1 0.8449519230769231 0.6526442307692307 0.07932692307692307 0.09375
0 0.8293269230769231 0.5721153846153846 0.109375 0.10576923076923077
1 0.9110576923076923 0.7271634615384616 0.17548076923076922 0.24759615384615385
1 0.3737980769230769 0.6466346153846154 0.04567307692307692 0.038461538461538464