1 0.0733173076923077 0.6526442307692307 0.05048076923076923 0.055288461538461536
1 0.04447115384615385 0.6646634615384616 0.0889423076923077 0.07211538461538461
1 0.1622596153846154 0.6514423076923077 0.06129807692307692 0.052884615384615384
1 0.21514423076923078 0.6418269230769231 0.037259615384615384 0.040865384615384616
1 0.27283653846153844 0.6153846153846154 0.03245192307692308 0.02403846153846154
1 0.24759615384615385 0.6899038461538461 0.1141826923076923 0.13221153846153846
1 0.38221153846153844 0.7319711538461539 0.25721153846153844 0.2403846153846154
1 0.4987980769230769 0.6478365384615384 0.11778846153846154 0.12740384615384615
1 0.5697115384615384 0.6502403846153846 0.056490384615384616 0.08653846153846154
1 0.6009615384615384 0.6394230769230769 0.03245192307692308 0.07211538461538461
1 0.6310096153846154 0.6382211538461539 0.04807692307692308 0.08173076923076923
1 0.6911057692307693 0.6514423076923077 0.10336538461538461 0.1346153846153846
1 0.7512019230769231 0.6923076923076923 0.18269230769230768 0.1778846153846154
0 0.7752403846153846 0.5685096153846154 0.09975961538461539 0.10096153846153846
0 0.9086538461538461 0.5709134615384616 0.18028846153846154 0.39663461538461536