1 0.4639423076923077 0.8028846153846154 0.359375 0.38221153846153844
1 0.7451923076923077 0.6802884615384616 0.171875 0.15264423076923078
1 0.96875 0.65625 0.05889423076923077 0.125
0 0.8810096153846154 0.5853365384615384 0.234375 0.2127403846153846
1 0.6201923076923077 0.6346153846153846 0.052884615384615384 0.06971153846153846
1 0.040865384615384616 0.8677884615384616 0.08173076923076923 0.25961538461538464
1 0.027644230769230768 0.6826923076923077 0.055288461538461536 0.09615384615384616
1 0.07692307692307693 0.6682692307692307 0.0673076923076923 0.06971153846153846
1 0.15504807692307693 0.6586538461538461 0.05889423076923077 0.06490384615384616
1 0.23798076923076922 0.6490384615384616 0.0673076923076923 0.056490384615384616
1 0.6850961538461539 0.6430288461538461 0.09495192307692307 0.10697115384615384