3 0.8257211538461539 0.5949519230769231 0.014423076923076924 0.028846153846153848
1 0.8509615384615384 0.7271634615384616 0.28725961538461536 0.23677884615384615
1 0.7283653846153846 0.6766826923076923 0.15144230769230768 0.1778846153846154
1 0.6394230769230769 0.6646634615384616 0.08653846153846154 0.10697115384615384
1 0.5901442307692307 0.6466346153846154 0.06370192307692307 0.06610576923076923
1 0.5384615384615384 0.625 0.025240384615384616 0.038461538461538464
1 0.4182692307692308 0.7620192307692307 0.2776442307692308 0.2932692307692308
1 0.09014423076923077 0.8209134615384616 0.18028846153846154 0.31490384615384615
1 0.040865384615384616 0.6646634615384616 0.08173076923076923 0.056490384615384616
1 0.1346153846153846 0.6634615384615384 0.06971153846153846 0.06490384615384616
1 0.2608173076923077 0.6466346153846154 0.04326923076923077 0.05048076923076923
1 0.20192307692307693 0.6538461538461539 0.036057692307692304 0.04447115384615385
1 0.17067307692307693 0.6478365384615384 0.03485576923076923 0.037259615384615384
1 0.3088942307692308 0.6382211538461539 0.03125 0.03365384615384615
3 0.8112980769230769 0.5997596153846154 0.009615384615384616 0.019230769230769232
3 0.8413461538461539 0.5973557692307693 0.014423076923076924 0.02403846153846154