1 0.46153846153846156 0.8088942307692307 0.4170673076923077 0.3786057692307692
1 0.9254807692307693 0.6971153846153846 0.1466346153846154 0.2848557692307692
1 0.7572115384615384 0.6538461538461539 0.14543269230769232 0.12860576923076922
1 0.6706730769230769 0.6478365384615384 0.06850961538461539 0.08413461538461539
1 0.6237980769230769 0.6310096153846154 0.057692307692307696 0.05889423076923077
1 0.8341346153846154 0.6286057692307693 0.0733173076923077 0.07451923076923077
1 0.09735576923076923 0.6538461538461539 0.07451923076923077 0.038461538461538464
1 0.22115384615384615 0.6382211538461539 0.04567307692307692 0.037259615384615384
1 0.2932692307692308 0.6322115384615384 0.03125 0.021634615384615384
0 0.05048076923076923 0.6490384615384616 0.09975961538461539 0.11778846153846154
0 0.16947115384615385 0.6334134615384616 0.0733173076923077 0.08052884615384616