1 0.4098557692307692 0.8052884615384616 0.3762019230769231 0.36538461538461536
1 0.09975961538461539 0.6586538461538461 0.0829326923076923 0.07572115384615384
1 0.9098557692307693 0.6935096153846154 0.17668269230769232 0.234375
1 0.7644230769230769 0.6574519230769231 0.13701923076923078 0.11177884615384616
1 0.6995192307692307 0.6502403846153846 0.0673076923076923 0.09375
1 0.6382211538461539 0.6370192307692307 0.06370192307692307 0.06610576923076923
1 0.5384615384615384 0.7055288461538461 0.1502403846153846 0.19471153846153846
1 0.5528846153846154 0.6274038461538461 0.10817307692307693 0.09615384615384616
1 0.26322115384615385 0.6430288461538461 0.042067307692307696 0.03125
1 0.31850961538461536 0.6286057692307693 0.030048076923076924 0.02403846153846154
0 0.17067307692307693 0.6322115384615384 0.09014423076923077 0.07211538461538461
0 0.25961538461538464 0.6213942307692307 0.05889423076923077 0.05048076923076923