3 0.9338942307692307 0.6081730769230769 0.01201923076923077 0.037259615384615384
3 0.921875 0.6129807692307693 0.015625 0.03125
1 0.9038461538461539 0.7584134615384616 0.18870192307692307 0.27524038461538464
1 0.8137019230769231 0.6923076923076923 0.171875 0.1778846153846154
1 0.7091346153846154 0.6694711538461539 0.09495192307692307 0.10576923076923077
1 0.6418269230769231 0.6538461538461539 0.056490384615384616 0.06971153846153846
1 0.19110576923076922 0.8245192307692307 0.38221153846153844 0.3473557692307692
1 0.4855769230769231 0.7319711538461539 0.1935096153846154 0.20673076923076922
1 0.6021634615384616 0.6322115384615384 0.026442307692307692 0.037259615384615384
1 0.2692307692307692 0.6490384615384616 0.052884615384615384 0.027644230769230768
1 0.3329326923076923 0.6514423076923077 0.03125 0.037259615384615384
1 0.3581730769230769 0.6382211538461539 0.02403846153846154 0.021634615384615384
1 0.5372596153846154 0.6766826923076923 0.109375 0.13822115384615385