1 0.47475961538461536 0.8064903846153846 0.39903846153846156 0.38221153846153844
1 0.9471153846153846 0.6899038461538461 0.10096153846153846 0.16346153846153846
1 0.7920673076923077 0.6502403846153846 0.07451923076923077 0.078125
1 0.7115384615384616 0.6742788461538461 0.13221153846153846 0.12259615384615384
1 0.6213942307692307 0.6490384615384616 0.06850961538461539 0.06610576923076923
1 0.33653846153846156 0.65625 0.06129807692307692 0.07451923076923077
0 0.25961538461538464 0.6237980769230769 0.06370192307692307 0.09975961538461539
1 0.046875 0.6802884615384616 0.09375 0.08173076923076923
1 0.15985576923076922 0.6634615384615384 0.056490384615384616 0.0625
1 0.1045673076923077 0.6514423076923077 0.046875 0.037259615384615384
3 0.9411057692307693 0.5997596153846154 0.014423076923076924 0.019230769230769232
1 0.5853365384615384 0.6225961538461539 0.038461538461538464 0.03125