1 0.04447115384615385 0.8100961538461539 0.0889423076923077 0.2536057692307692
1 0.42427884615384615 0.8100961538461539 0.3737980769230769 0.37740384615384615
1 0.7824519230769231 0.6887019230769231 0.21514423076923078 0.1935096153846154
1 0.578125 0.6538461538461539 0.0625 0.06971153846153846
1 0.5420673076923077 0.6382211538461539 0.03125 0.03485576923076923
1 0.6598557692307693 0.6466346153846154 0.056490384615384616 0.05889423076923077
1 0.6262019230769231 0.6334134615384616 0.042067307692307696 0.056490384615384616
1 0.30528846153846156 0.6634615384615384 0.05889423076923077 0.07572115384615384
0 0.16826923076923078 0.6274038461538461 0.078125 0.07451923076923077
3 0.9314903846153846 0.6454326923076923 0.030048076923076924 0.10697115384615384
1 0.9723557692307693 0.6586538461538461 0.052884615384615384 0.09134615384615384
0 0.03245192307692308 0.6165865384615384 0.06370192307692307 0.2247596153846154
1 0.171875 0.6586538461538461 0.05048076923076923 0.046875
1 0.2644230769230769 0.6478365384615384 0.038461538461538464 0.040865384615384616