1 0.46274038461538464 0.7908653846153846 0.3137019230769231 0.31971153846153844
1 0.9447115384615384 0.7475961538461539 0.10576923076923077 0.29086538461538464
3 0.90625 0.6502403846153846 0.021634615384615384 0.09735576923076923
1 0.8293269230769231 0.6706730769230769 0.12379807692307693 0.09975961538461539
1 0.7127403846153846 0.6574519230769231 0.078125 0.06490384615384616
1 0.6298076923076923 0.6694711538461539 0.08413461538461539 0.08173076923076923
1 0.33413461538461536 0.6694711538461539 0.057692307692307696 0.07211538461538461
0 0.1935096153846154 0.6382211538461539 0.1141826923076923 0.1466346153846154
1 0.09014423076923077 0.671875 0.05048076923076923 0.05889423076923077
1 0.5841346153846154 0.6586538461538461 0.051682692307692304 0.06610576923076923
1 0.014423076923076924 0.6911057692307693 0.027644230769230768 0.078125
1 0.265625 0.6586538461538461 0.027644230769230768 0.037259615384615384
1 0.6778846153846154 0.6382211538461539 0.052884615384615384 0.04927884615384615