1 0.5012019230769231 0.8052884615384616 0.3798076923076923 0.38461538461538464
1 0.042067307692307696 0.8100961538461539 0.08413461538461539 0.23677884615384615
1 0.09615384615384616 0.7331730769230769 0.19230769230769232 0.2091346153846154
1 0.24158653846153846 0.6899038461538461 0.18269230769230768 0.14423076923076922
1 0.96875 0.6598557692307693 0.05889423076923077 0.140625
1 0.7127403846153846 0.6790865384615384 0.1622596153846154 0.14302884615384615
1 0.6322115384615384 0.640625 0.0673076923076923 0.09014423076923077
1 0.3473557692307692 0.6502403846153846 0.0625 0.06971153846153846
3 0.8978365384615384 0.6081730769230769 0.014423076923076924 0.028846153846153848
3 0.9026442307692307 0.6045673076923077 0.009615384615384616 0.028846153846153848
3 0.9086538461538461 0.6033653846153846 0.010817307692307692 0.03485576923076923
3 0.9242788461538461 0.6021634615384616 0.010817307692307692 0.040865384615384616