0 0.9435096153846154 0.5685096153846154 0.11057692307692307 0.20673076923076922
1 0.8617788461538461 0.7091346153846154 0.24879807692307693 0.21514423076923078
1 0.7908653846153846 0.6538461538461539 0.1658653846153846 0.14423076923076922
1 0.7079326923076923 0.6382211538461539 0.09375 0.09134615384615384
1 0.5372596153846154 0.8016826923076923 0.5877403846153846 0.39302884615384615
1 0.3629807692307692 0.6442307692307693 0.06971153846153846 0.055288461538461536
1 0.2776442307692308 0.6875 0.1502403846153846 0.13701923076923078
1 0.18028846153846154 0.6586538461538461 0.09375 0.05048076923076923
1 0.09615384615384616 0.7680288461538461 0.19230769230769232 0.28365384615384615
1 0.5252403846153846 0.6105769230769231 0.140625 0.06490384615384616
3 0.10576923076923077 0.6382211538461539 0.01201923076923077 0.015625
1 0.9699519230769231 0.7680288461538461 0.057692307692307696 0.25961538461538464
1 0.6322115384615384 0.6165865384615384 0.051682692307692304 0.03365384615384615
1 0.6622596153846154 0.6286057692307693 0.055288461538461536 0.03485576923076923