1 0.8581730769230769 0.7067307692307693 0.24519230769230768 0.21514423076923078
1 0.7932692307692307 0.6598557692307693 0.16826923076923078 0.15625
0 0.8882211538461539 0.5793269230769231 0.21995192307692307 0.18509615384615385
1 0.7079326923076923 0.6394230769230769 0.09014423076923077 0.09615384615384616
1 0.5336538461538461 0.8197115384615384 0.5865384615384616 0.35697115384615385
1 0.27283653846153844 0.6862980769230769 0.14543269230769232 0.1310096153846154
1 0.19471153846153846 0.6538461538461539 0.036057692307692304 0.040865384615384616
3 0.10096153846153846 0.6442307692307693 0.007211538461538462 0.027644230769230768
1 0.3557692307692308 0.6478365384615384 0.06850961538461539 0.06009615384615385
1 0.5288461538461539 0.609375 0.13221153846153846 0.055288461538461536
1 0.96875 0.7680288461538461 0.05889423076923077 0.2536057692307692
1 0.6322115384615384 0.6177884615384616 0.05048076923076923 0.028846153846153848
1 0.6586538461538461 0.6237980769230769 0.051682692307692304 0.025240384615384616