3 0.9483173076923077 0.6153846153846154 0.015625 0.04326923076923077
3 0.9350961538461539 0.6129807692307693 0.016826923076923076 0.04326923076923077
0 0.8221153846153846 0.5685096153846154 0.17668269230769232 0.10576923076923077
1 0.8581730769230769 0.7103365384615384 0.2439903846153846 0.22115384615384615
1 0.7896634615384616 0.6490384615384616 0.17067307692307693 0.1310096153846154
1 0.7115384615384616 0.6322115384615384 0.09735576923076923 0.09014423076923077
1 0.5324519230769231 0.8125 0.5925480769230769 0.3713942307692308
1 0.3581730769230769 0.6586538461538461 0.07211538461538461 0.08413461538461539
1 0.3173076923076923 0.6478365384615384 0.037259615384615384 0.06009615384615385
1 0.2512019230769231 0.6442307692307693 0.04567307692307692 0.04326923076923077
1 0.27403846153846156 0.6418269230769231 0.03245192307692308 0.040865384615384616
1 0.1971153846153846 0.6538461538461539 0.05048076923076923 0.040865384615384616
3 0.09014423076923077 0.6478365384615384 0.010817307692307692 0.03365384615384615
1 0.5252403846153846 0.6069711538461539 0.14903846153846154 0.0625
1 0.9699519230769231 0.7632211538461539 0.057692307692307696 0.25721153846153844
1 0.6322115384615384 0.6165865384615384 0.051682692307692304 0.028846153846153848
1 0.6598557692307693 0.625 0.055288461538461536 0.03125