1 0.859375 0.7115384615384616 0.2439903846153846 0.20673076923076922
1 0.7872596153846154 0.6550480769230769 0.171875 0.1466346153846154
1 0.7043269230769231 0.6382211538461539 0.08413461538461539 0.09735576923076923
0 0.7932692307692307 0.5685096153846154 0.1658653846153846 0.09375
1 0.5360576923076923 0.8100961538461539 0.5841346153846154 0.37740384615384615
1 0.3329326923076923 0.6478365384615384 0.07451923076923077 0.06009615384615385
1 0.25721153846153844 0.6454326923076923 0.055288461538461536 0.04447115384615385
1 0.1658653846153846 0.6586538461538461 0.08774038461538461 0.05048076923076923
3 0.08413461538461539 0.6490384615384616 0.010817307692307692 0.037259615384615384
3 0.006009615384615385 0.6586538461538461 0.007211538461538462 0.03125
1 0.5240384615384616 0.6081730769230769 0.14182692307692307 0.056490384615384616
1 0.9699519230769231 0.7668269230769231 0.057692307692307696 0.25600961538461536
1 0.6322115384615384 0.6153846153846154 0.04807692307692308 0.03125
1 0.6586538461538461 0.6274038461538461 0.051682692307692304 0.03365384615384615