1 0.5324519230769231 0.8052884615384616 0.5973557692307693 0.38461538461538464
1 0.8605769230769231 0.7127403846153846 0.24879807692307693 0.21875
1 0.7884615384615384 0.6586538461538461 0.16706730769230768 0.14423076923076922
0 0.9399038461538461 0.5480769230769231 0.11778846153846154 0.31009615384615385
0 0.7980769230769231 0.578125 0.15745192307692307 0.10096153846153846
1 0.1971153846153846 0.6538461538461539 0.04326923076923077 0.038461538461538464
1 0.24879807692307693 0.6478365384615384 0.04567307692307692 0.040865384615384616
2 0.3401442307692308 0.6490384615384616 0.040865384615384616 0.06009615384615385
2 0.3125 0.6490384615384616 0.027644230769230768 0.055288461538461536
2 0.2644230769230769 0.6538461538461539 0.051682692307692304 0.056490384615384616
3 0.055288461538461536 0.6490384615384616 0.01201923076923077 0.03365384615384615
1 0.5300480769230769 0.6009615384615384 0.13701923076923078 0.046875
1 0.6322115384615384 0.6177884615384616 0.05048076923076923 0.02403846153846154
1 0.6598557692307693 0.6286057692307693 0.057692307692307696 0.038461538461538464
1 0.7055288461538461 0.6382211538461539 0.057692307692307696 0.08774038461538461
1 0.9723557692307693 0.765625 0.052884615384615384 0.25721153846153844
0 0.6394230769230769 0.5925480769230769 0.15625 0.04927884615384615