1 0.5324519230769231 0.8052884615384616 0.5973557692307693 0.38461538461538464
1 0.8605769230769231 0.7127403846153846 0.24879807692307693 0.21875
1 0.7884615384615384 0.6586538461538461 0.16706730769230768 0.14423076923076922
0 0.9399038461538461 0.5480769230769231 0.11778846153846154 0.31009615384615385
0 0.7980769230769231 0.578125 0.15745192307692307 0.10096153846153846
1 0.34134615384615385 0.6370192307692307 0.026442307692307692 0.038461538461538464
1 0.31850961538461536 0.6382211538461539 0.040865384615384616 0.04326923076923077
1 0.29086538461538464 0.6394230769230769 0.03125 0.04447115384615385
2 0.2548076923076923 0.6490384615384616 0.05048076923076923 0.0625
2 0.23317307692307693 0.6502403846153846 0.03245192307692308 0.05889423076923077
1 0.19831730769230768 0.6526442307692307 0.037259615384615384 0.038461538461538464
2 0.16466346153846154 0.6550480769230769 0.051682692307692304 0.06009615384615385
3 0.056490384615384616 0.6478365384615384 0.01201923076923077 0.037259615384615384
2 0.036057692307692304 0.6646634615384616 0.037259615384615384 0.07572115384615384
2 0.008413461538461538 0.6682692307692307 0.016826923076923076 0.0625
0 0.4723557692307692 0.6117788461538461 0.234375 0.08052884615384616
1 0.9723557692307693 0.7680288461538461 0.052884615384615384 0.25721153846153844
1 0.5264423076923077 0.6009615384615384 0.1346153846153846 0.055288461538461536
1 0.6310096153846154 0.6177884615384616 0.051682692307692304 0.037259615384615384
1 0.6598557692307693 0.6310096153846154 0.052884615384615384 0.038461538461538464
1 0.7043269230769231 0.6322115384615384 0.05889423076923077 0.07572115384615384