1 0.5324519230769231 0.8052884615384616 0.5973557692307693 0.38461538461538464
1 0.8605769230769231 0.7127403846153846 0.24879807692307693 0.21875
1 0.7884615384615384 0.6586538461538461 0.16706730769230768 0.14423076923076922
0 0.9399038461538461 0.5480769230769231 0.11778846153846154 0.31009615384615385
0 0.7980769230769231 0.578125 0.15745192307692307 0.10096153846153846
1 0.1971153846153846 0.6538461538461539 0.04326923076923077 0.038461538461538464
1 0.24879807692307693 0.6478365384615384 0.04567307692307692 0.040865384615384616
1 0.36658653846153844 0.6430288461538461 0.04807692307692308 0.052884615384615384
1 0.31850961538461536 0.6442307692307693 0.04567307692307692 0.04326923076923077
1 0.27524038461538464 0.6442307692307693 0.030048076923076924 0.038461538461538464
3 0.046875 0.6514423076923077 0.01201923076923077 0.037259615384615384
3 0.025240384615384616 0.6574519230769231 0.014423076923076924 0.03365384615384615
1 0.5276442307692307 0.6033653846153846 0.1346153846153846 0.046875
1 0.6322115384615384 0.6177884615384616 0.051682692307692304 0.027644230769230768
1 0.6598557692307693 0.6274038461538461 0.056490384615384616 0.03125
1 0.7055288461538461 0.6382211538461539 0.06129807692307692 0.08653846153846154
1 0.9711538461538461 0.765625 0.055288461538461536 0.2536057692307692