1 0.5324519230769231 0.8052884615384616 0.5973557692307693 0.38461538461538464
1 0.8605769230769231 0.7127403846153846 0.24879807692307693 0.21875
1 0.7884615384615384 0.6586538461538461 0.16706730769230768 0.14423076923076922
0 0.9399038461538461 0.5480769230769231 0.11778846153846154 0.31009615384615385
0 0.7980769230769231 0.578125 0.15745192307692307 0.10096153846153846
1 0.19591346153846154 0.6526442307692307 0.04567307692307692 0.04326923076923077
3 0.38341346153846156 0.6286057692307693 0.016826923076923076 0.03485576923076923
3 0.3401442307692308 0.6478365384615384 0.026442307692307692 0.06009615384615385
3 0.3161057692307692 0.6490384615384616 0.02403846153846154 0.06610576923076923
1 0.3245192307692308 0.6430288461538461 0.052884615384615384 0.04447115384615385
1 0.29086538461538464 0.6382211538461539 0.027644230769230768 0.037259615384615384
1 0.27524038461538464 0.6430288461538461 0.03125 0.04326923076923077
1 0.2512019230769231 0.6454326923076923 0.040865384615384616 0.04447115384615385
2 0.21754807692307693 0.65625 0.04326923076923077 0.05889423076923077
2 0.17067307692307693 0.6538461538461539 0.021634615384615384 0.046875
2 0.14182692307692307 0.6586538461538461 0.052884615384615384 0.06610576923076923
2 0.10216346153846154 0.6622596153846154 0.038461538461538464 0.05889423076923077
3 0.07091346153846154 0.6490384615384616 0.010817307692307692 0.03125
2 0.038461538461538464 0.6682692307692307 0.04326923076923077 0.05889423076923077
2 0.014423076923076924 0.6694711538461539 0.026442307692307692 0.05889423076923077
1 0.5276442307692307 0.6033653846153846 0.13701923076923078 0.046875
1 0.6322115384615384 0.6165865384615384 0.05048076923076923 0.03365384615384615
1 0.6598557692307693 0.625 0.055288461538461536 0.027644230769230768
1 0.7067307692307693 0.6370192307692307 0.06129807692307692 0.08653846153846154
1 0.9711538461538461 0.7680288461538461 0.055288461538461536 0.25721153846153844