1 0.5324519230769231 0.8052884615384616 0.5973557692307693 0.38461538461538464
1 0.8605769230769231 0.7127403846153846 0.24879807692307693 0.21875
1 0.7884615384615384 0.6586538461538461 0.16706730769230768 0.14423076923076922
0 0.9399038461538461 0.5480769230769231 0.11778846153846154 0.31009615384615385
0 0.7980769230769231 0.578125 0.15745192307692307 0.10096153846153846
0 0.6237980769230769 0.5925480769230769 0.2608173076923077 0.09975961538461539
1 0.35697115384615385 0.6430288461538461 0.0829326923076923 0.052884615384615384
1 0.3173076923076923 0.640625 0.03485576923076923 0.04326923076923077
1 0.25841346153846156 0.6526442307692307 0.0985576923076923 0.078125
1 0.18870192307692307 0.6574519230769231 0.09375 0.056490384615384616
1 0.06971153846153846 0.6670673076923077 0.09375 0.052884615384615384
1 0.5288461538461539 0.6033653846153846 0.13221153846153846 0.046875
1 0.6322115384615384 0.6141826923076923 0.04807692307692308 0.028846153846153848
1 0.6574519230769231 0.6298076923076923 0.05048076923076923 0.037259615384615384
1 0.7091346153846154 0.6370192307692307 0.056490384615384616 0.09375
1 0.9723557692307693 0.765625 0.052884615384615384 0.2536057692307692