1 0.5324519230769231 0.8052884615384616 0.5973557692307693 0.38461538461538464
1 0.8605769230769231 0.7127403846153846 0.24879807692307693 0.21875
1 0.7884615384615384 0.6586538461538461 0.16706730769230768 0.14423076923076922
0 0.9399038461538461 0.5480769230769231 0.11778846153846154 0.31009615384615385
0 0.7980769230769231 0.578125 0.15745192307692307 0.10096153846153846
1 0.33653846153846156 0.6502403846153846 0.11298076923076923 0.05889423076923077
1 0.2932692307692308 0.6490384615384616 0.06971153846153846 0.038461538461538464
1 0.23197115384615385 0.6538461538461539 0.09495192307692307 0.04447115384615385
1 0.19471153846153846 0.6526442307692307 0.040865384615384616 0.038461538461538464
1 0.09975961538461539 0.6694711538461539 0.12980769230769232 0.109375
1 0.027644230769230768 0.6646634615384616 0.055288461538461536 0.06009615384615385
1 0.5276442307692307 0.6045673076923077 0.13701923076923078 0.052884615384615384
1 0.6322115384615384 0.6117788461538461 0.05048076923076923 0.025240384615384616
1 0.6598557692307693 0.6262019230769231 0.051682692307692304 0.028846153846153848
1 0.7043269230769231 0.6322115384615384 0.056490384615384616 0.08173076923076923
1 0.9723557692307693 0.7680288461538461 0.052884615384615384 0.25600961538461536