1 0.5324519230769231 0.8052884615384616 0.5973557692307693 0.38461538461538464
1 0.8605769230769231 0.7127403846153846 0.24879807692307693 0.21875
1 0.7884615384615384 0.6586538461538461 0.16706730769230768 0.14423076923076922
0 0.9399038461538461 0.5480769230769231 0.11778846153846154 0.31009615384615385
0 0.7980769230769231 0.578125 0.15745192307692307 0.10096153846153846
1 0.35697115384615385 0.6430288461538461 0.09254807692307693 0.05048076923076923
1 0.31850961538461536 0.6394230769230769 0.036057692307692304 0.04447115384615385
1 0.28966346153846156 0.6382211538461539 0.030048076923076924 0.03485576923076923
1 0.27524038461538464 0.6430288461538461 0.030048076923076924 0.03485576923076923
1 0.22235576923076922 0.6502403846153846 0.08653846153846154 0.04326923076923077
1 0.18870192307692307 0.6514423076923077 0.0829326923076923 0.04927884615384615
1 0.09254807692307693 0.6634615384615384 0.05889423076923077 0.06610576923076923
1 0.9723557692307693 0.7680288461538461 0.051682692307692304 0.25721153846153844
1 0.5264423076923077 0.6021634615384616 0.13701923076923078 0.04927884615384615
1 0.6310096153846154 0.6153846153846154 0.046875 0.027644230769230768
1 0.6598557692307693 0.6237980769230769 0.052884615384615384 0.03365384615384615
1 0.7067307692307693 0.6418269230769231 0.056490384615384616 0.10336538461538461