1 0.5324519230769231 0.8052884615384616 0.5973557692307693 0.38461538461538464
1 0.8605769230769231 0.7127403846153846 0.24879807692307693 0.21875
1 0.7884615384615384 0.6586538461538461 0.16706730769230768 0.14423076923076922
0 0.9399038461538461 0.5480769230769231 0.11778846153846154 0.31009615384615385
0 0.7980769230769231 0.578125 0.15745192307692307 0.10096153846153846
1 0.3737980769230769 0.6358173076923077 0.036057692307692304 0.03365384615384615
1 0.3401442307692308 0.6370192307692307 0.020432692307692308 0.038461538461538464
1 0.32091346153846156 0.6394230769230769 0.038461538461538464 0.04447115384615385
1 0.2536057692307692 0.6490384615384616 0.11538461538461539 0.05889423076923077
1 0.19110576923076922 0.6502403846153846 0.030048076923076924 0.04326923076923077
1 0.04447115384615385 0.6634615384615384 0.08653846153846154 0.046875
3 0.018028846153846152 0.6706730769230769 0.026442307692307692 0.056490384615384616
1 0.9723557692307693 0.7680288461538461 0.052884615384615384 0.25721153846153844
1 0.5276442307692307 0.6009615384615384 0.1346153846153846 0.046875
1 0.6322115384615384 0.6177884615384616 0.051682692307692304 0.027644230769230768
1 0.6586538461538461 0.6262019230769231 0.051682692307692304 0.03365384615384615
1 0.7067307692307693 0.6394230769230769 0.055288461538461536 0.09615384615384616