0 0.9375 0.5348557692307693 0.12139423076923077 0.2932692307692308
1 0.8629807692307693 0.7055288461538461 0.2548076923076923 0.2091346153846154
1 0.7800480769230769 0.6598557692307693 0.16105769230769232 0.14903846153846154
0 0.7692307692307693 0.5697115384615384 0.140625 0.07572115384615384
1 0.6995192307692307 0.6358173076923077 0.0733173076923077 0.07211538461538461
1 0.53125 0.8088942307692307 0.59375 0.3786057692307692
1 0.3786057692307692 0.6334134615384616 0.036057692307692304 0.025240384615384616
1 0.33774038461538464 0.6394230769230769 0.02403846153846154 0.037259615384615384
1 0.3161057692307692 0.6430288461538461 0.038461538461538464 0.037259615384615384
1 0.25721153846153844 0.6538461538461539 0.09254807692307693 0.08653846153846154
1 0.18629807692307693 0.65625 0.040865384615384616 0.04326923076923077
1 0.9723557692307693 0.7728365384615384 0.051682692307692304 0.25600961538461536
1 0.5276442307692307 0.6057692307692307 0.13581730769230768 0.05048076923076923
1 0.6298076923076923 0.6213942307692307 0.046875 0.02403846153846154
1 0.6598557692307693 0.6334134615384616 0.057692307692307696 0.037259615384615384