0 0.9375 0.5276442307692307 0.12139423076923077 0.27403846153846156
1 0.8605769230769231 0.7067307692307693 0.2536057692307692 0.21514423076923078
1 0.7848557692307693 0.6538461538461539 0.16706730769230768 0.14423076923076922
1 0.7067307692307693 0.6286057692307693 0.08774038461538461 0.07451923076923077
0 0.7824519230769231 0.5709134615384616 0.1502403846153846 0.08774038461538461
1 0.5324519230769231 0.8112980769230769 0.59375 0.37259615384615385
1 0.31009615384615385 0.6454326923076923 0.11057692307692307 0.07572115384615384
1 0.2536057692307692 0.6454326923076923 0.052884615384615384 0.04447115384615385
1 0.1935096153846154 0.6538461538461539 0.040865384615384616 0.040865384615384616
1 0.21394230769230768 0.6490384615384616 0.027644230769230768 0.03485576923076923
1 0.5252403846153846 0.6021634615384616 0.13942307692307693 0.04447115384615385
1 0.6322115384615384 0.6177884615384616 0.05048076923076923 0.027644230769230768
1 0.6598557692307693 0.6286057692307693 0.051682692307692304 0.03485576923076923
1 0.9723557692307693 0.765625 0.052884615384615384 0.25721153846153844