0 0.9375 0.5324519230769231 0.12139423076923077 0.29086538461538464
0 0.7872596153846154 0.5673076923076923 0.15625 0.08774038461538461
1 0.8605769230769231 0.7079326923076923 0.25 0.22115384615384615
1 0.7848557692307693 0.6634615384615384 0.16706730769230768 0.15384615384615385
1 0.7043269230769231 0.6298076923076923 0.078125 0.08774038461538461
1 0.53125 0.8040865384615384 0.5973557692307693 0.38822115384615385
1 0.3713942307692308 0.6382211538461539 0.10817307692307693 0.06490384615384616
1 0.3173076923076923 0.6418269230769231 0.037259615384615384 0.04447115384615385
1 0.29086538461538464 0.6382211538461539 0.03125 0.040865384615384616
1 0.27403846153846156 0.640625 0.03125 0.038461538461538464
1 0.24759615384615385 0.6430288461538461 0.038461538461538464 0.04326923076923077
1 0.21875 0.6478365384615384 0.03125 0.037259615384615384
1 0.19471153846153846 0.6490384615384616 0.038461538461538464 0.040865384615384616
1 0.5276442307692307 0.6021634615384616 0.13701923076923078 0.04927884615384615
1 0.6322115384615384 0.6165865384615384 0.05048076923076923 0.03365384615384615
1 0.6598557692307693 0.6237980769230769 0.046875 0.025240384615384616
1 0.9711538461538461 0.765625 0.055288461538461536 0.2536057692307692