0 0.9350961538461539 0.5336538461538461 0.12620192307692307 0.2932692307692308
1 0.8629807692307693 0.7115384615384616 0.25 0.21875
1 0.7836538461538461 0.6610576923076923 0.16346153846153846 0.1502403846153846
1 0.7067307692307693 0.6358173076923077 0.08774038461538461 0.08052884615384616
0 0.7548076923076923 0.578125 0.1310096153846154 0.08173076923076923
1 0.53125 0.8100961538461539 0.6286057692307693 0.375
1 0.32211538461538464 0.6538461538461539 0.11298076923076923 0.0625
1 0.2608173076923077 0.6454326923076923 0.037259615384615384 0.040865384615384616
1 0.20552884615384615 0.6586538461538461 0.0985576923076923 0.09134615384615384
1 0.9759615384615384 0.7752403846153846 0.04567307692307692 0.2620192307692308
1 0.5252403846153846 0.6033653846153846 0.13942307692307693 0.05048076923076923
1 0.6237980769230769 0.6177884615384616 0.046875 0.028846153846153848
1 0.65625 0.6274038461538461 0.056490384615384616 0.03125