0 0.8293269230769231 0.578125 0.22235576923076922 0.21153846153846154
1 0.8112980769230769 0.6983173076923077 0.2247596153846154 0.18509615384615385
1 0.7091346153846154 0.6514423076923077 0.1310096153846154 0.10697115384615384
1 0.6418269230769231 0.6310096153846154 0.08173076923076923 0.055288461538461536
0 0.6418269230769231 0.6009615384615384 0.06971153846153846 0.06009615384615385
1 0.5060096153846154 0.8100961538461539 0.5685096153846154 0.37740384615384615
1 0.35336538461538464 0.6442307692307693 0.040865384615384616 0.046875
1 0.3245192307692308 0.6394230769230769 0.03245192307692308 0.037259615384615384
1 0.29086538461538464 0.6454326923076923 0.036057692307692304 0.040865384615384616
1 0.2512019230769231 0.6514423076923077 0.051682692307692304 0.052884615384615384
1 0.21153846153846154 0.6490384615384616 0.036057692307692304 0.037259615384615384
1 0.17307692307692307 0.6586538461538461 0.06370192307692307 0.07572115384615384
1 0.11057692307692307 0.6694711538461539 0.0985576923076923 0.09014423076923077
1 0.03485576923076923 0.6706730769230769 0.06971153846153846 0.07211538461538461
1 0.5060096153846154 0.609375 0.0889423076923077 0.03485576923076923
1 0.5697115384615384 0.6213942307692307 0.025240384615384616 0.019230769230769232
1 0.5973557692307693 0.6237980769230769 0.037259615384615384 0.018028846153846152
1 0.9759615384615384 0.7848557692307693 0.04567307692307692 0.265625