0 0.8737980769230769 0.5709134615384616 0.25 0.24759615384615385
1 0.8377403846153846 0.6995192307692307 0.24519230769230768 0.19951923076923078
1 0.7415865384615384 0.6382211538461539 0.13942307692307693 0.09615384615384616
1 0.6610576923076923 0.6274038461538461 0.08774038461538461 0.04927884615384615
1 0.6610576923076923 0.5913461538461539 0.078125 0.05048076923076923
1 0.5252403846153846 0.8112980769230769 0.6310096153846154 0.37259615384615385
1 0.359375 0.6382211538461539 0.037259615384615384 0.03485576923076923
1 0.33533653846153844 0.6394230769230769 0.030048076923076924 0.040865384615384616
1 0.3137019230769231 0.6430288461538461 0.036057692307692304 0.040865384615384616
1 0.27884615384615385 0.6454326923076923 0.04567307692307692 0.052884615384615384
1 0.22115384615384615 0.6526442307692307 0.057692307692307696 0.0625
1 0.18389423076923078 0.6634615384615384 0.07692307692307693 0.06971153846153846
1 0.11298076923076923 0.6622596153846154 0.0733173076923077 0.06610576923076923
1 0.5120192307692307 0.6105769230769231 0.1045673076923077 0.040865384615384616
1 0.9807692307692307 0.7980769230769231 0.036057692307692304 0.2403846153846154
1 0.5805288461538461 0.6213942307692307 0.030048076923076924 0.02403846153846154
1 0.6129807692307693 0.6225961538461539 0.04807692307692308 0.02403846153846154