0 0.9050480769230769 0.5360576923076923 0.1875 0.27163461538461536
1 0.8653846153846154 0.7115384615384616 0.25961538461538464 0.22115384615384615
1 0.7776442307692307 0.6466346153846154 0.1622596153846154 0.125
1 0.6911057692307693 0.625 0.0889423076923077 0.06971153846153846
0 0.7019230769230769 0.5913461538461539 0.09975961538461539 0.06009615384615385
1 0.5348557692307693 0.8149038461538461 0.671875 0.36778846153846156
1 0.36778846153846156 0.6346153846153846 0.03485576923076923 0.027644230769230768
1 0.3329326923076923 0.6418269230769231 0.027644230769230768 0.03365384615384615
1 0.3088942307692308 0.6430288461538461 0.037259615384615384 0.046875
1 0.25600961538461536 0.6526442307692307 0.052884615384615384 0.05889423076923077
1 0.20432692307692307 0.6514423076923077 0.056490384615384616 0.056490384615384616
1 0.16947115384615385 0.6538461538461539 0.04567307692307692 0.04326923076923077
1 0.09254807692307693 0.6646634615384616 0.06129807692307692 0.06490384615384616
1 0.05048076923076923 0.6850961538461539 0.10096153846153846 0.09615384615384616
1 0.9819711538461539 0.7932692307692307 0.03245192307692308 0.21875
1 0.5192307692307693 0.6033653846153846 0.12860576923076922 0.05048076923076923
1 0.6370192307692307 0.6262019230769231 0.057692307692307696 0.021634615384615384
1 0.5997596153846154 0.6189903846153846 0.03245192307692308 0.02403846153846154