2 0.9314903846153846 0.625 0.02403846153846154 0.038461538461538464
2 0.9038461538461539 0.6298076923076923 0.02403846153846154 0.040865384615384616
2 0.8653846153846154 0.6286057692307693 0.016826923076923076 0.046875
0 0.9675480769230769 0.5552884615384616 0.06129807692307692 0.2091346153846154
1 0.9519230769230769 0.7632211538461539 0.09375 0.28846153846153844
0 0.7740384615384616 0.5925480769230769 0.171875 0.1778846153846154
1 0.7512019230769231 0.6959134615384616 0.18629807692307693 0.1658653846153846
1 0.6526442307692307 0.6574519230769231 0.09735576923076923 0.10336538461538461
0 0.6177884615384616 0.6009615384615384 0.055288461538461536 0.03365384615384615
1 0.6057692307692307 0.6442307692307693 0.057692307692307696 0.0625
1 0.4795673076923077 0.8137019230769231 0.4026442307692308 0.36899038461538464
1 0.33413461538461536 0.6502403846153846 0.042067307692307696 0.046875
1 0.2920673076923077 0.6514423076923077 0.04326923076923077 0.04447115384615385
1 0.2620192307692308 0.6490384615384616 0.026442307692307692 0.037259615384615384
1 0.23317307692307693 0.6586538461538461 0.055288461538461536 0.04927884615384615
1 0.1935096153846154 0.6610576923076923 0.038461538461538464 0.04927884615384615
1 0.14903846153846154 0.6694711538461539 0.07451923076923077 0.06971153846153846
1 0.10817307692307693 0.6682692307692307 0.037259615384615384 0.046875
1 0.021634615384615384 0.6742788461538461 0.042067307692307696 0.08413461538461539
1 0.4963942307692308 0.6141826923076923 0.07451923076923077 0.028846153846153848