0 0.9435096153846154 0.5925480769230769 0.11057692307692307 0.25961538461538464
1 0.7271634615384616 0.6478365384615384 0.1141826923076923 0.11177884615384616
0 0.6862980769230769 0.5973557692307693 0.08413461538461539 0.10576923076923077
1 0.6370192307692307 0.6370192307692307 0.056490384615384616 0.05889423076923077
0 0.6081730769230769 0.5985576923076923 0.03485576923076923 0.028846153846153848
1 0.5961538461538461 0.6298076923076923 0.042067307692307696 0.04447115384615385
1 0.5456730769230769 0.6370192307692307 0.06129807692307692 0.07451923076923077
1 0.49399038461538464 0.6911057692307693 0.1502403846153846 0.15264423076923078
1 0.41346153846153844 0.6538461538461539 0.06971153846153846 0.08052884615384616
1 0.26322115384615385 0.6538461538461539 0.07932692307692307 0.08173076923076923
1 0.17067307692307693 0.6814903846153846 0.12139423076923077 0.10576923076923077
1 0.04326923076923077 0.7043269230769231 0.08653846153846154 0.16826923076923078
3 0.08413461538461539 0.6466346153846154 0.007211538461538462 0.03125
4 0.47836538461538464 0.6081730769230769 0.027644230769230768 0.025240384615384616