0 0.9423076923076923 0.5913461538461539 0.11298076923076923 0.26322115384615385
1 0.7403846153846154 0.6502403846153846 0.12860576923076922 0.11778846153846154
0 0.6947115384615384 0.5865384615384616 0.08774038461538461 0.09375
1 0.6490384615384616 0.6358173076923077 0.056490384615384616 0.06009615384615385
1 0.6057692307692307 0.6262019230769231 0.04567307692307692 0.04927884615384615
0 0.6177884615384616 0.6021634615384616 0.03245192307692308 0.037259615384615384
1 0.5144230769230769 0.7007211538461539 0.17067307692307693 0.16826923076923078
1 0.421875 0.6550480769230769 0.06610576923076923 0.08052884615384616
1 0.3245192307692308 0.6430288461538461 0.057692307692307696 0.0625
1 0.27403846153846156 0.6586538461538461 0.08173076923076923 0.07572115384615384
1 0.17548076923076922 0.6742788461538461 0.12860576923076922 0.109375
1 0.028846153846153848 0.6730769230769231 0.057692307692307696 0.06009615384615385
1 0.5528846153846154 0.6237980769230769 0.057692307692307696 0.056490384615384616
4 0.4855769230769231 0.609375 0.026442307692307692 0.027644230769230768