0 0.9290865384615384 0.5408653846153846 0.13942307692307693 0.18028846153846154
1 0.9002403846153846 0.7247596153846154 0.1971153846153846 0.3004807692307692
0 0.7079326923076923 0.5985576923076923 0.12139423076923077 0.1466346153846154
1 0.6826923076923077 0.6646634615384616 0.11298076923076923 0.11177884615384616
1 0.6033653846153846 0.6370192307692307 0.06850961538461539 0.0625
0 0.6021634615384616 0.5949519230769231 0.04807692307692308 0.028846153846153848
1 0.5276442307692307 0.7680288461538461 0.3004807692307692 0.30288461538461536
1 0.390625 0.6274038461538461 0.040865384615384616 0.03485576923076923
1 0.3605769230769231 0.6274038461538461 0.03245192307692308 0.03365384615384615
1 0.29086538461538464 0.6586538461538461 0.09254807692307693 0.06971153846153846
1 0.18870192307692307 0.6586538461538461 0.06850961538461539 0.06490384615384616
1 0.04447115384615385 0.6838942307692307 0.0889423076923077 0.09014423076923077
0 0.21754807692307693 0.625 0.06850961538461539 0.06971153846153846
1 0.5096153846153846 0.6081730769230769 0.051682692307692304 0.028846153846153848
4 0.4651442307692308 0.6069711538461539 0.030048076923076924 0.03365384615384615