0 0.9182692307692307 0.5516826923076923 0.16105769230769232 0.1971153846153846
1 0.9122596153846154 0.7295673076923077 0.171875 0.25240384615384615
1 0.7920673076923077 0.6899038461538461 0.1875 0.1622596153846154
1 0.7319711538461539 0.6550480769230769 0.12379807692307693 0.12740384615384615
0 0.6862980769230769 0.5817307692307693 0.09975961538461539 0.08653846153846154
1 0.6622596153846154 0.6574519230769231 0.08413461538461539 0.09134615384615384
1 0.6310096153846154 0.6478365384615384 0.07692307692307693 0.08774038461538461
1 0.5180288461538461 0.7259615384615384 0.21754807692307693 0.22235576923076922
1 0.42908653846153844 0.6430288461538461 0.030048076923076924 0.04326923076923077
1 0.4026442307692308 0.6490384615384616 0.052884615384615384 0.055288461538461536
1 0.28365384615384615 0.6466346153846154 0.036057692307692304 0.03125
0 0.6129807692307693 0.5997596153846154 0.04326923076923077 0.038461538461538464
1 0.5300480769230769 0.6069711538461539 0.1045673076923077 0.040865384615384616