0 0.9038461538461539 0.578125 0.18870192307692307 0.3125
1 0.765625 0.6887019230769231 0.171875 0.1502403846153846
1 0.6598557692307693 0.6538461538461539 0.07932692307692307 0.09014423076923077
1 0.5504807692307693 0.7680288461538461 0.2824519230769231 0.28725961538461536
1 0.44471153846153844 0.6466346153846154 0.046875 0.046875
1 0.3894230769230769 0.6286057692307693 0.037259615384615384 0.02403846153846154
0 0.5877403846153846 0.6105769230769231 0.03485576923076923 0.037259615384615384
1 0.5300480769230769 0.6177884615384616 0.09375 0.03365384615384615
4 0.4723557692307692 0.6165865384615384 0.025240384615384616 0.025240384615384616
3 0.3173076923076923 0.6310096153846154 0.006009615384615385 0.015625
3 0.3112980769230769 0.6322115384615384 0.006009615384615385 0.015625
3 0.29086538461538464 0.6322115384615384 0.006009615384615385 0.018028846153846152