1 0.6935096153846154 0.6586538461538461 0.125 0.12740384615384615
1 0.6057692307692307 0.6177884615384616 0.0673076923076923 0.05048076923076923
0 0.5661057692307693 0.5805288461538461 0.042067307692307696 0.03365384615384615
1 0.5300480769230769 0.8028846153846154 0.39663461538461536 0.390625
1 0.39903846153846156 0.6153846153846154 0.046875 0.046875
3 0.22716346153846154 0.6129807692307693 0.007211538461538462 0.02403846153846154
3 0.22115384615384615 0.6117788461538461 0.007211538461538462 0.027644230769230768
3 0.19471153846153846 0.6117788461538461 0.009615384615384616 0.02403846153846154
3 0.18389423076923078 0.6129807692307693 0.010817307692307692 0.027644230769230768
1 0.30528846153846156 0.6189903846153846 0.06610576923076923 0.03125
4 0.28365384615384615 0.6057692307692307 0.06129807692307692 0.03485576923076923
1 0.5012019230769231 0.5985576923076923 0.12860576923076922 0.056490384615384616
3 0.037259615384615384 0.6201923076923077 0.010817307692307692 0.03365384615384615
3 0.019230769230769232 0.6225961538461539 0.006009615384615385 0.03365384615384615