0 0.9519230769230769 0.5973557692307693 0.09375 0.3004807692307692
0 0.8185096153846154 0.5709134615384616 0.2091346153846154 0.20552884615384615
1 0.8161057692307693 0.6838942307692307 0.1935096153846154 0.171875
0 0.6394230769230769 0.5829326923076923 0.046875 0.040865384615384616
1 0.5372596153846154 0.8100961538461539 0.7127403846153846 0.375
2 0.2644230769230769 0.6213942307692307 0.02403846153846154 0.03485576923076923
3 0.24759615384615385 0.6189903846153846 0.010817307692307692 0.02403846153846154
3 0.23798076923076922 0.6177884615384616 0.010817307692307692 0.025240384615384616
3 0.20793269230769232 0.625 0.009615384615384616 0.03485576923076923
3 0.1971153846153846 0.625 0.010817307692307692 0.03485576923076923
1 0.1310096153846154 0.625 0.052884615384615384 0.03125
1 0.17427884615384615 0.6262019230769231 0.036057692307692304 0.025240384615384616
1 0.5252403846153846 0.5961538461538461 0.2283653846153846 0.08653846153846154
1 0.3605769230769231 0.6213942307692307 0.06610576923076923 0.038461538461538464
1 0.3293269230769231 0.6165865384615384 0.021634615384615384 0.025240384615384616
1 0.6742788461538461 0.6129807692307693 0.0889423076923077 0.046875
1 0.6935096153846154 0.625 0.07692307692307693 0.04326923076923077
1 0.7427884615384616 0.6394230769230769 0.09495192307692307 0.06490384615384616