1 0.8365384615384616 0.6802884615384616 0.1502403846153846 0.13221153846153846
1 0.7548076923076923 0.6430288461538461 0.08774038461538461 0.09375
1 0.6514423076923077 0.6550480769230769 0.078125 0.09134615384615384
1 0.6153846153846154 0.6225961538461539 0.06370192307692307 0.040865384615384616
0 0.5985576923076923 0.5949519230769231 0.05048076923076923 0.052884615384615384
1 0.4963942307692308 0.8088942307692307 0.484375 0.375
1 0.2932692307692308 0.6730769230769231 0.10096153846153846 0.09134615384615384
1 0.10096153846153846 0.7632211538461539 0.20192307692307693 0.2536057692307692
3 0.18269230769230768 0.6262019230769231 0.009615384615384616 0.021634615384615384
3 0.17548076923076922 0.6274038461538461 0.006009615384615385 0.027644230769230768
3 0.22235576923076922 0.6262019230769231 0.006009615384615385 0.025240384615384616
3 0.21394230769230768 0.625 0.006009615384615385 0.02403846153846154
3 0.19591346153846154 0.6274038461538461 0.007211538461538462 0.018028846153846152
1 0.3004807692307692 0.6225961538461539 0.025240384615384616 0.018028846153846152
1 0.4855769230769231 0.6117788461538461 0.17307692307692307 0.06971153846153846