0 0.8401442307692307 0.5721153846153846 0.23076923076923078 0.22235576923076922
1 0.8377403846153846 0.6875 0.20673076923076922 0.18028846153846154
0 0.6394230769230769 0.5865384615384616 0.05048076923076923 0.046875
1 0.5432692307692307 0.8100961538461539 0.703125 0.37740384615384615
1 0.31850961538461536 0.6598557692307693 0.10576923076923077 0.12139423076923077
2 0.15264423076923078 0.6298076923076923 0.025240384615384616 0.03365384615384615
2 0.21033653846153846 0.625 0.020432692307692308 0.03485576923076923
3 0.1971153846153846 0.6189903846153846 0.006009615384615385 0.027644230769230768
2 0.23918269230769232 0.6165865384615384 0.01201923076923077 0.025240384615384616
2 0.24879807692307693 0.6177884615384616 0.01201923076923077 0.025240384615384616
0 0.2764423076923077 0.6165865384615384 0.046875 0.03365384615384615
1 0.5252403846153846 0.5997596153846154 0.22596153846153846 0.08653846153846154