0 0.9338942307692307 0.5084134615384616 0.12980769230769232 0.24759615384615385
1 0.9074519230769231 0.7680288461538461 0.1814903846153846 0.3125
1 0.8161057692307693 0.6622596153846154 0.12139423076923077 0.11778846153846154
1 0.7379807692307693 0.6370192307692307 0.07211538461538461 0.08173076923076923
3 0.8233173076923077 0.6057692307692307 0.015625 0.019230769230769232
3 0.8052884615384616 0.6069711538461539 0.010817307692307692 0.018028846153846152
1 0.65625 0.65625 0.08413461538461539 0.09014423076923077
0 0.609375 0.5901442307692307 0.046875 0.046875
1 0.5036057692307693 0.8064903846153846 0.47836538461538464 0.3713942307692308
1 0.33774038461538464 0.6598557692307693 0.07211538461538461 0.07451923076923077
1 0.20673076923076922 0.7055288461538461 0.18389423076923078 0.15625
1 0.03245192307692308 0.6646634615384616 0.06490384615384616 0.06971153846153846
1 0.2932692307692308 0.6225961538461539 0.03485576923076923 0.02403846153846154
3 0.2283653846153846 0.6201923076923077 0.007211538461538462 0.018028846153846152
3 0.21995192307692307 0.6201923076923077 0.007211538461538462 0.021634615384615384
3 0.18028846153846154 0.6201923076923077 0.007211538461538462 0.021634615384615384
3 0.20072115384615385 0.6237980769230769 0.010817307692307692 0.025240384615384616
1 0.4987980769230769 0.6033653846153846 0.16826923076923078 0.0625