0 0.8786057692307693 0.5673076923076923 0.2403846153846154 0.20552884615384615
0 0.7692307692307693 0.5492788461538461 0.16105769230769232 0.12259615384615384
1 0.9387019230769231 0.7427884615384616 0.1201923076923077 0.30288461538461536
1 0.8185096153846154 0.6826923076923077 0.17668269230769232 0.1658653846153846
0 0.6382211538461539 0.5865384615384616 0.051682692307692304 0.05048076923076923
1 0.5408653846153846 0.8100961538461539 0.7019230769230769 0.37740384615384615
1 0.3870192307692308 0.6346153846153846 0.06971153846153846 0.04326923076923077
1 0.35697115384615385 0.6177884615384616 0.030048076923076924 0.027644230769230768
1 0.2848557692307692 0.6274038461538461 0.038461538461538464 0.03365384615384615
1 0.1778846153846154 0.625 0.056490384615384616 0.03125
1 0.12139423076923077 0.6286057692307693 0.06370192307692307 0.027644230769230768
3 0.25961538461538464 0.6165865384615384 0.009615384615384616 0.025240384615384616
3 0.24639423076923078 0.6177884615384616 0.009615384615384616 0.028846153846153848
2 0.23557692307692307 0.6201923076923077 0.020432692307692308 0.037259615384615384
2 0.21153846153846154 0.6225961538461539 0.02403846153846154 0.03365384615384615
1 0.05048076923076923 0.6598557692307693 0.056490384615384616 0.05889423076923077
1 0.5264423076923077 0.5973557692307693 0.23076923076923078 0.07451923076923077
1 0.6634615384615384 0.6117788461538461 0.07932692307692307 0.040865384615384616
1 0.6923076923076923 0.6262019230769231 0.06850961538461539 0.040865384615384616
1 0.7331730769230769 0.6382211538461539 0.0673076923076923 0.0625
3 0.09735576923076923 0.6382211538461539 0.014423076923076924 0.027644230769230768