0 0.8786057692307693 0.5673076923076923 0.2403846153846154 0.20552884615384615
0 0.7692307692307693 0.5492788461538461 0.16105769230769232 0.12259615384615384
1 0.9387019230769231 0.7427884615384616 0.1201923076923077 0.30288461538461536
1 0.8185096153846154 0.6826923076923077 0.17668269230769232 0.1658653846153846
0 0.6382211538461539 0.5865384615384616 0.051682692307692304 0.05048076923076923
1 0.5408653846153846 0.8100961538461539 0.7019230769230769 0.37740384615384615
0 0.140625 0.6129807692307693 0.12139423076923077 0.05889423076923077
1 0.22355769230769232 0.640625 0.05048076923076923 0.046875
1 0.24879807692307693 0.6213942307692307 0.055288461538461536 0.027644230769230768
1 0.31971153846153844 0.6237980769230769 0.030048076923076924 0.040865384615384616
1 0.5240384615384616 0.5961538461538461 0.2283653846153846 0.078125
1 0.6634615384615384 0.6117788461538461 0.08173076923076923 0.040865384615384616
1 0.6911057692307693 0.625 0.06971153846153846 0.046875
1 0.7319711538461539 0.6358173076923077 0.06370192307692307 0.06009615384615385
1 0.37259615384615385 0.6141826923076923 0.02403846153846154 0.025240384615384616
1 0.38461538461538464 0.6105769230769231 0.010817307692307692 0.021634615384615384
3 0.2932692307692308 0.6105769230769231 0.007211538461538462 0.018028846153846152
3 0.2608173076923077 0.6105769230769231 0.006009615384615385 0.013221153846153846
3 0.23918269230769232 0.609375 0.003605769230769231 0.01201923076923077
3 0.20673076923076922 0.6117788461538461 0.007211538461538462 0.013221153846153846