0 0.8786057692307693 0.5673076923076923 0.2403846153846154 0.20552884615384615
0 0.7692307692307693 0.5492788461538461 0.16105769230769232 0.12259615384615384
1 0.9387019230769231 0.7427884615384616 0.1201923076923077 0.30288461538461536
1 0.8185096153846154 0.6826923076923077 0.17668269230769232 0.1658653846153846
0 0.6382211538461539 0.5865384615384616 0.051682692307692304 0.05048076923076923
1 0.5408653846153846 0.8100961538461539 0.7019230769230769 0.37740384615384615
1 0.052884615384615384 0.6802884615384616 0.1045673076923077 0.09735576923076923
1 0.24158653846153846 0.6213942307692307 0.04807692307692308 0.027644230769230768
1 0.33774038461538464 0.6322115384615384 0.046875 0.04927884615384615
1 0.19831730769230768 0.6237980769230769 0.046875 0.028846153846153848
1 0.1622596153846154 0.6274038461538461 0.06370192307692307 0.027644230769230768
0 0.3629807692307692 0.6021634615384616 0.12860576923076922 0.06009615384615385
1 0.5288461538461539 0.5973557692307693 0.21995192307692307 0.08173076923076923
1 0.6646634615384616 0.6129807692307693 0.08653846153846154 0.046875
1 0.6935096153846154 0.6225961538461539 0.07211538461538461 0.040865384615384616
1 0.7319711538461539 0.6346153846153846 0.07692307692307693 0.0625