0 0.8786057692307693 0.5673076923076923 0.2403846153846154 0.20552884615384615
0 0.7692307692307693 0.5492788461538461 0.16105769230769232 0.12259615384615384
1 0.9387019230769231 0.7427884615384616 0.1201923076923077 0.30288461538461536
1 0.8185096153846154 0.6826923076923077 0.17668269230769232 0.1658653846153846
0 0.6382211538461539 0.5865384615384616 0.051682692307692304 0.05048076923076923
1 0.5408653846153846 0.8100961538461539 0.7019230769230769 0.37740384615384615
1 0.042067307692307696 0.6682692307692307 0.08413461538461539 0.07451923076923077
1 0.22355769230769232 0.6490384615384616 0.05048076923076923 0.05889423076923077
1 0.15504807692307693 0.6237980769230769 0.06971153846153846 0.025240384615384616
3 0.1971153846153846 0.6189903846153846 0.006009615384615385 0.02403846153846154
3 0.20673076923076922 0.6201923076923077 0.007211538461538462 0.025240384615384616
0 0.28966346153846156 0.6069711538461539 0.12980769230769232 0.056490384615384616
1 0.3701923076923077 0.6225961538461539 0.03485576923076923 0.037259615384615384
1 0.5276442307692307 0.5961538461538461 0.22956730769230768 0.078125
1 0.6658653846153846 0.6117788461538461 0.08774038461538461 0.04326923076923077
1 0.6935096153846154 0.6274038461538461 0.06610576923076923 0.046875
1 0.734375 0.6334134615384616 0.06610576923076923 0.052884615384615384