1 0.9387019230769231 0.734375 0.11538461538461539 0.3088942307692308
1 0.8088942307692307 0.6682692307692307 0.18389423076923078 0.15264423076923078
0 0.8786057692307693 0.5649038461538461 0.23798076923076922 0.19951923076923078
1 0.7283653846153846 0.6322115384615384 0.057692307692307696 0.05048076923076923
1 0.6838942307692307 0.6201923076923077 0.052884615384615384 0.037259615384615384
1 0.5408653846153846 0.8100961538461539 0.6983173076923077 0.37259615384615385
1 0.5240384615384616 0.5961538461538461 0.22355769230769232 0.08173076923076923
1 0.3557692307692308 0.6418269230769231 0.0889423076923077 0.08413461538461539
3 0.23798076923076922 0.6153846153846154 0.009615384615384616 0.02403846153846154
3 0.24639423076923078 0.6165865384615384 0.007211538461538462 0.025240384615384616
3 0.25841346153846156 0.6177884615384616 0.010817307692307692 0.025240384615384616
1 0.28966346153846156 0.6153846153846154 0.06129807692307692 0.027644230769230768
1 0.1814903846153846 0.6225961538461539 0.052884615384615384 0.025240384615384616
0 0.7668269230769231 0.5492788461538461 0.15625 0.13221153846153846
1 0.40625 0.6177884615384616 0.037259615384615384 0.038461538461538464