1 0.9387019230769231 0.734375 0.11538461538461539 0.3125
1 0.8088942307692307 0.6730769230769231 0.18269230769230768 0.1658653846153846
1 0.7331730769230769 0.6394230769230769 0.07211538461538461 0.06850961538461539
1 0.6911057692307693 0.6201923076923077 0.06971153846153846 0.037259615384615384
0 0.8786057692307693 0.5625 0.23317307692307693 0.19471153846153846
1 0.5420673076923077 0.8100961538461539 0.6995192307692307 0.37740384615384615
1 0.5252403846153846 0.5961538461538461 0.21995192307692307 0.08173076923076923
1 0.375 0.6237980769230769 0.078125 0.04927884615384615
3 0.19471153846153846 0.6177884615384616 0.009615384615384616 0.025240384615384616
3 0.23798076923076922 0.6069711538461539 0.004807692307692308 0.007211538461538462
3 0.2439903846153846 0.609375 0.007211538461538462 0.01201923076923077
1 0.23798076923076922 0.6201923076923077 0.055288461538461536 0.025240384615384616
0 0.7668269230769231 0.5480769230769231 0.15625 0.12740384615384615
1 0.41346153846153844 0.6141826923076923 0.026442307692307692 0.03365384615384615