1 0.9387019230769231 0.7319711538461539 0.11778846153846154 0.30288461538461536
1 0.8161057692307693 0.6742788461538461 0.17668269230769232 0.15264423076923078
1 0.7331730769230769 0.6382211538461539 0.06971153846153846 0.06971153846153846
1 0.6887019230769231 0.625 0.05889423076923077 0.04326923076923077
0 0.8810096153846154 0.5637019230769231 0.23557692307692307 0.1971153846153846
1 0.5408653846153846 0.8100961538461539 0.7067307692307693 0.37740384615384615
1 0.5252403846153846 0.6069711538461539 0.21995192307692307 0.09134615384615384
1 0.390625 0.6225961538461539 0.056490384615384616 0.046875
1 0.33653846153846156 0.6105769230769231 0.021634615384615384 0.025240384615384616
3 0.19591346153846154 0.6177884615384616 0.007211538461538462 0.027644230769230768
3 0.23798076923076922 0.6081730769230769 0.006009615384615385 0.009615384615384616
3 0.24639423076923078 0.609375 0.010817307692307692 0.015625
3 0.25600961538461536 0.6069711538461539 0.01201923076923077 0.015625
1 0.21754807692307693 0.6177884615384616 0.040865384615384616 0.02403846153846154
1 0.24879807692307693 0.6225961538461539 0.052884615384615384 0.019230769230769232
0 0.7668269230769231 0.546875 0.15985576923076922 0.12860576923076922