1 0.9387019230769231 0.7367788461538461 0.11778846153846154 0.3088942307692308
1 0.8125 0.6754807692307693 0.1778846153846154 0.14903846153846154
1 0.7295673076923077 0.6358173076923077 0.07211538461538461 0.056490384615384616
1 0.6899038461538461 0.625 0.06129807692307692 0.046875
0 0.8810096153846154 0.5649038461538461 0.23557692307692307 0.203125
1 0.5240384615384616 0.6045673076923077 0.22355769230769232 0.10336538461538461
1 0.5420673076923077 0.8100961538461539 0.703125 0.37740384615384615
1 0.390625 0.6225961538461539 0.056490384615384616 0.04326923076923077
1 0.33653846153846156 0.6117788461538461 0.019230769230769232 0.027644230769230768
1 0.30288461538461536 0.6141826923076923 0.046875 0.028846153846153848
3 0.1971153846153846 0.6189903846153846 0.009615384615384616 0.027644230769230768
3 0.203125 0.6189903846153846 0.009615384615384616 0.03125
3 0.23557692307692307 0.6165865384615384 0.01201923076923077 0.028846153846153848
3 0.24639423076923078 0.6177884615384616 0.010817307692307692 0.027644230769230768
3 0.25961538461538464 0.6165865384615384 0.009615384615384616 0.028846153846153848
0 0.7668269230769231 0.5480769230769231 0.15264423076923078 0.1310096153846154