1 0.9387019230769231 0.7367788461538461 0.11899038461538461 0.30528846153846156
1 0.8088942307692307 0.6742788461538461 0.1814903846153846 0.1502403846153846
1 0.7307692307692307 0.6382211538461539 0.06971153846153846 0.06009615384615385
1 0.6911057692307693 0.6237980769230769 0.06370192307692307 0.04447115384615385
1 0.5252403846153846 0.6057692307692307 0.22235576923076922 0.09375
1 0.5444711538461539 0.8088942307692307 0.7043269230769231 0.3786057692307692
1 0.38822115384615385 0.6262019230769231 0.06129807692307692 0.052884615384615384
1 0.33774038461538464 0.6129807692307693 0.020432692307692308 0.019230769230769232
3 0.25961538461538464 0.6129807692307693 0.009615384615384616 0.019230769230769232
3 0.23798076923076922 0.6069711538461539 0.009615384615384616 0.015625
3 0.24519230769230768 0.6117788461538461 0.009615384615384616 0.019230769230769232
3 0.19591346153846154 0.6177884615384616 0.007211538461538462 0.028846153846153848
3 0.20432692307692307 0.6117788461538461 0.007211538461538462 0.015625
1 0.23197115384615385 0.6189903846153846 0.06129807692307692 0.02403846153846154
0 0.7644230769230769 0.5444711538461539 0.1502403846153846 0.12139423076923077
0 0.8810096153846154 0.5600961538461539 0.234375 0.19951923076923078