0 0.7668269230769231 0.5420673076923077 0.15504807692307693 0.11538461538461539
0 0.8810096153846154 0.5612980769230769 0.23557692307692307 0.1971153846153846
1 0.9387019230769231 0.7367788461538461 0.11899038461538461 0.3125
1 0.8112980769230769 0.671875 0.18629807692307693 0.14903846153846154
1 0.7307692307692307 0.6358173076923077 0.0673076923076923 0.056490384615384616
1 0.6935096153846154 0.6237980769230769 0.06971153846153846 0.04447115384615385
1 0.5252403846153846 0.6021634615384616 0.22355769230769232 0.09975961538461539
1 0.5432692307692307 0.8088942307692307 0.7019230769230769 0.3786057692307692
1 0.3894230769230769 0.6237980769230769 0.056490384615384616 0.052884615384615384
1 0.31850961538461536 0.6141826923076923 0.057692307692307696 0.03365384615384615
3 0.19591346153846154 0.6165865384615384 0.010817307692307692 0.028846153846153848
3 0.20793269230769232 0.6165865384615384 0.009615384615384616 0.025240384615384616
3 0.23317307692307693 0.6141826923076923 0.010817307692307692 0.028846153846153848
3 0.2439903846153846 0.6165865384615384 0.007211538461538462 0.028846153846153848
3 0.25600961538461536 0.6177884615384616 0.009615384615384616 0.03125
1 0.1502403846153846 0.6225961538461539 0.052884615384615384 0.027644230769230768