1 0.5432692307692307 0.8100961538461539 0.6947115384615384 0.375
1 0.3894230769230769 0.6201923076923077 0.056490384615384616 0.04447115384615385
1 0.5264423076923077 0.59375 0.21875 0.07451923076923077
1 0.8137019230769231 0.6706730769230769 0.17307692307692307 0.13822115384615385
1 0.9387019230769231 0.7367788461538461 0.11899038461538461 0.3088942307692308
0 0.8798076923076923 0.5564903846153846 0.23798076923076922 0.1875
0 0.7716346153846154 0.5444711538461539 0.1502403846153846 0.11298076923076923
1 0.17067307692307693 0.6201923076923077 0.057692307692307696 0.028846153846153848
3 0.24519230769230768 0.6165865384615384 0.009615384615384616 0.025240384615384616
3 0.23798076923076922 0.6165865384615384 0.007211538461538462 0.021634615384615384
3 0.22115384615384615 0.6177884615384616 0.007211538461538462 0.021634615384615384
3 0.2091346153846154 0.6177884615384616 0.009615384615384616 0.025240384615384616
1 0.12740384615384615 0.625 0.04807692307692308 0.02403846153846154
1 0.3269230769230769 0.6141826923076923 0.021634615384615384 0.021634615384615384
1 0.3425480769230769 0.6117788461538461 0.016826923076923076 0.018028846153846152
1 0.359375 0.6153846153846154 0.01201923076923077 0.019230769230769232
0 0.6358173076923077 0.5889423076923077 0.052884615384615384 0.06009615384615385
1 0.6622596153846154 0.6069711538461539 0.06971153846153846 0.03485576923076923
1 0.6887019230769231 0.6274038461538461 0.05889423076923077 0.046875
1 0.7331730769230769 0.6322115384615384 0.06971153846153846 0.05889423076923077