0 0.765625 0.5444711538461539 0.15625 0.11899038461538461
0 0.8798076923076923 0.5600961538461539 0.23798076923076922 0.19951923076923078
1 0.9399038461538461 0.7367788461538461 0.11778846153846154 0.30649038461538464
1 0.8112980769230769 0.671875 0.18269230769230768 0.14903846153846154
1 0.7331730769230769 0.6382211538461539 0.0673076923076923 0.06490384615384616
1 0.6838942307692307 0.6225961538461539 0.04567307692307692 0.040865384615384616
1 0.5240384615384616 0.6009615384615384 0.22355769230769232 0.09134615384615384
1 0.5432692307692307 0.8088942307692307 0.7079326923076923 0.3786057692307692
1 0.3894230769230769 0.6237980769230769 0.05889423076923077 0.052884615384615384
1 0.34134615384615385 0.6129807692307693 0.055288461538461536 0.027644230769230768
3 0.19591346153846154 0.6177884615384616 0.010817307692307692 0.025240384615384616
3 0.20432692307692307 0.6177884615384616 0.009615384615384616 0.028846153846153848
3 0.23557692307692307 0.6177884615384616 0.01201923076923077 0.025240384615384616
3 0.24639423076923078 0.6177884615384616 0.007211538461538462 0.028846153846153848
3 0.25841346153846156 0.6153846153846154 0.014423076923076924 0.02403846153846154