3 0.17307692307692307 0.6274038461538461 0.004807692307692308 0.03485576923076923
3 0.18389423076923078 0.625 0.007211538461538462 0.027644230769230768
3 0.1935096153846154 0.6274038461538461 0.006009615384615385 0.027644230769230768
3 0.2127403846153846 0.6177884615384616 0.009615384615384616 0.027644230769230768
1 0.25 0.6274038461538461 0.037259615384615384 0.03485576923076923
1 0.3016826923076923 0.6201923076923077 0.03125 0.037259615384615384
1 0.3473557692307692 0.6129807692307693 0.030048076923076924 0.027644230769230768
1 0.3894230769230769 0.6225961538461539 0.057692307692307696 0.04927884615384615
1 0.5240384615384616 0.5961538461538461 0.2091346153846154 0.078125
1 0.5420673076923077 0.8100961538461539 0.6935096153846154 0.375
1 0.9399038461538461 0.7379807692307693 0.11778846153846154 0.3125
1 0.8125 0.6694711538461539 0.16826923076923078 0.15985576923076922
0 0.8786057692307693 0.5612980769230769 0.2403846153846154 0.1971153846153846
0 0.7632211538461539 0.5480769230769231 0.14903846153846154 0.11899038461538461
0 0.6334134615384616 0.5901442307692307 0.057692307692307696 0.055288461538461536
1 0.6658653846153846 0.6081730769230769 0.06610576923076923 0.037259615384615384
1 0.6911057692307693 0.6225961538461539 0.057692307692307696 0.038461538461538464
1 0.7331730769230769 0.6334134615384616 0.057692307692307696 0.06009615384615385