3 0.125 0.6370192307692307 0.009615384615384616 0.03125
3 0.15985576923076922 0.6213942307692307 0.006009615384615385 0.027644230769230768
3 0.2127403846153846 0.6141826923076923 0.006009615384615385 0.018028846153846152
1 0.09975961538461539 0.6298076923076923 0.01201923076923077 0.021634615384615384
1 0.06850961538461539 0.6586538461538461 0.07451923076923077 0.06490384615384616
1 0.22235576923076922 0.6454326923076923 0.052884615384615384 0.056490384615384616
1 0.1935096153846154 0.6382211538461539 0.027644230769230768 0.04326923076923077
1 0.2512019230769231 0.6274038461538461 0.030048076923076924 0.03485576923076923
1 0.3137019230769231 0.6165865384615384 0.026442307692307692 0.028846153846153848
1 0.3473557692307692 0.6201923076923077 0.03485576923076923 0.03365384615384615
1 0.3942307692307692 0.6213942307692307 0.052884615384615384 0.046875
1 0.5252403846153846 0.5961538461538461 0.21995192307692307 0.08052884615384616
1 0.5420673076923077 0.8112980769230769 0.703125 0.37259615384615385
1 0.8161057692307693 0.6730769230769231 0.17307692307692307 0.14302884615384615
1 0.9399038461538461 0.7367788461538461 0.11778846153846154 0.3088942307692308
0 0.8786057692307693 0.5637019230769231 0.23918269230769232 0.20072115384615385
0 0.7620192307692307 0.5504807692307693 0.15264423076923078 0.11778846153846154
0 0.6286057692307693 0.5865384615384616 0.052884615384615384 0.056490384615384616
1 0.6634615384615384 0.6069711538461539 0.06850961538461539 0.038461538461538464
1 0.6911057692307693 0.6225961538461539 0.06610576923076923 0.04326923076923077
1 0.7331730769230769 0.6346153846153846 0.06370192307692307 0.055288461538461536