1 0.3918269230769231 0.6225961538461539 0.057692307692307696 0.04447115384615385
1 0.5264423076923077 0.5925480769230769 0.21875 0.07572115384615384
1 0.9387019230769231 0.7367788461538461 0.11899038461538461 0.30528846153846156
1 0.5408653846153846 0.8112980769230769 0.6935096153846154 0.37259615384615385
0 0.8786057692307693 0.5600961538461539 0.23557692307692307 0.19951923076923078
0 0.7668269230769231 0.546875 0.15144230769230768 0.12139423076923077
3 0.2247596153846154 0.6177884615384616 0.006009615384615385 0.028846153846153848
3 0.21033653846153846 0.6141826923076923 0.007211538461538462 0.025240384615384616
3 0.20432692307692307 0.6165865384615384 0.007211538461538462 0.028846153846153848
3 0.1875 0.6189903846153846 0.009615384615384616 0.02403846153846154
1 0.30408653846153844 0.6165865384615384 0.026442307692307692 0.025240384615384616
1 0.3293269230769231 0.6153846153846154 0.020432692307692308 0.02403846153846154
1 0.3485576923076923 0.6141826923076923 0.015625 0.025240384615384616
0 0.6358173076923077 0.5877403846153846 0.052884615384615384 0.0625
1 0.6634615384615384 0.6117788461538461 0.07211538461538461 0.038461538461538464
1 0.6875 0.6189903846153846 0.0625 0.038461538461538464
1 0.8137019230769231 0.6790865384615384 0.1814903846153846 0.17427884615384615
1 0.7307692307692307 0.6334134615384616 0.06610576923076923 0.052884615384615384