3 0.1310096153846154 0.6225961538461539 0.007211538461538462 0.021634615384615384
3 0.2127403846153846 0.6177884615384616 0.006009615384615385 0.021634615384615384
1 0.03125 0.6514423076923077 0.0625 0.06490384615384616
1 0.0733173076923077 0.6802884615384616 0.1346153846153846 0.10336538461538461
1 0.2512019230769231 0.6274038461538461 0.036057692307692304 0.037259615384615384
1 0.2800480769230769 0.6225961538461539 0.036057692307692304 0.027644230769230768
1 0.4098557692307692 0.6177884615384616 0.038461538461538464 0.037259615384615384
1 0.31490384615384615 0.6177884615384616 0.02403846153846154 0.027644230769230768
1 0.33533653846153844 0.6153846153846154 0.026442307692307692 0.027644230769230768
1 0.3605769230769231 0.6129807692307693 0.021634615384615384 0.019230769230769232
1 0.3870192307692308 0.6069711538461539 0.016826923076923076 0.018028846153846152
1 0.5420673076923077 0.8100961538461539 0.6971153846153846 0.375
1 0.5252403846153846 0.59375 0.21754807692307693 0.07451923076923077
1 0.9399038461538461 0.7355769230769231 0.11778846153846154 0.31009615384615385
1 0.8149038461538461 0.6742788461538461 0.17067307692307693 0.15264423076923078
0 0.8365384615384616 0.5733173076923077 0.21514423076923078 0.16947115384615385
0 0.71875 0.5600961538461539 0.125 0.10096153846153846
1 0.6538461538461539 0.6081730769230769 0.0673076923076923 0.040865384615384616
1 0.6838942307692307 0.6189903846153846 0.06610576923076923 0.038461538461538464
1 0.7319711538461539 0.6334134615384616 0.0673076923076923 0.056490384615384616