1 0.5300480769230769 0.8100961538461539 0.6201923076923077 0.37740384615384615
1 0.9338942307692307 0.7319711538461539 0.12980769230769232 0.3088942307692308
1 0.8052884615384616 0.6742788461538461 0.171875 0.14302884615384615
0 0.7848557692307693 0.5612980769230769 0.1778846153846154 0.11538461538461539
0 0.6911057692307693 0.5637019230769231 0.109375 0.09134615384615384
1 0.5180288461538461 0.5961538461538461 0.18629807692307693 0.06850961538461539
3 0.11538461538461539 0.625 0.009615384615384616 0.027644230769230768
1 0.1658653846153846 0.6526442307692307 0.06971153846153846 0.0625
1 0.20793269230769232 0.6322115384615384 0.027644230769230768 0.03125
1 0.24519230769230768 0.6310096153846154 0.040865384615384616 0.05048076923076923
1 0.3088942307692308 0.6201923076923077 0.02403846153846154 0.03365384615384615
1 0.3449519230769231 0.6129807692307693 0.030048076923076924 0.02403846153846154
1 0.37259615384615385 0.6117788461538461 0.02403846153846154 0.02403846153846154
1 0.4182692307692308 0.6177884615384616 0.038461538461538464 0.038461538461538464
0 0.5973557692307693 0.5793269230769231 0.02403846153846154 0.03365384615384615
1 0.640625 0.6069711538461539 0.0625 0.03365384615384615
1 0.6730769230769231 0.6141826923076923 0.06129807692307692 0.028846153846153848
1 0.7223557692307693 0.6418269230769231 0.07211538461538461 0.07211538461538461