1 0.11298076923076923 0.6502403846153846 0.0673076923076923 0.05889423076923077
1 0.20552884615384615 0.6358173076923077 0.042067307692307696 0.04447115384615385
1 0.2824519230769231 0.6298076923076923 0.038461538461538464 0.052884615384615384
1 0.3233173076923077 0.625 0.03125 0.038461538461538464
0 0.6502403846153846 0.5733173076923077 0.10096153846153846 0.07211538461538461
0 0.8966346153846154 0.5444711538461539 0.203125 0.16947115384615385
1 0.8882211538461539 0.6923076923076923 0.21995192307692307 0.24759615384615385
1 0.6947115384615384 0.6514423076923077 0.09975961538461539 0.11177884615384616
1 0.5709134615384616 0.8100961538461539 0.5108173076923077 0.37740384615384615
3 0.765625 0.5997596153846154 0.01201923076923077 0.027644230769230768
3 0.7475961538461539 0.5961538461538461 0.014423076923076924 0.03485576923076923
3 0.07211538461538461 0.6394230769230769 0.016826923076923076 0.037259615384615384