1 0.10096153846153846 0.6730769230769231 0.09254807692307693 0.09134615384615384
1 0.2091346153846154 0.6430288461538461 0.06370192307692307 0.046875
1 0.5540865384615384 0.8088942307692307 0.4230769230769231 0.3786057692307692
1 0.3004807692307692 0.6370192307692307 0.038461538461538464 0.046875
0 0.7463942307692307 0.5853365384615384 0.14423076923076922 0.12259615384615384
0 0.6730769230769231 0.5685096153846154 0.09495192307692307 0.08653846153846154
1 0.9423076923076923 0.7331730769230769 0.11298076923076923 0.28725961538461536
1 0.8221153846153846 0.6850961538461539 0.18389423076923078 0.1658653846153846
1 0.6995192307692307 0.6466346153846154 0.07692307692307693 0.078125
1 0.2644230769230769 0.6298076923076923 0.030048076923076924 0.037259615384615384
1 0.36177884615384615 0.6141826923076923 0.02403846153846154 0.025240384615384616