3 0.8040865384615384 0.6105769230769231 0.010817307692307692 0.037259615384615384
3 0.8269230769230769 0.6033653846153846 0.010817307692307692 0.03125
3 0.8942307692307693 0.5973557692307693 0.009615384615384616 0.027644230769230768
1 0.84375 0.6538461538461539 0.08774038461538461 0.09014423076923077
1 0.90625 0.7175480769230769 0.18389423076923078 0.22115384615384615
1 0.7307692307692307 0.6670673076923077 0.12620192307692307 0.11177884615384616
1 0.6646634615384616 0.6370192307692307 0.06129807692307692 0.08173076923076923
4 0.6682692307692307 0.5913461538461539 0.0829326923076923 0.06850961538461539
1 0.5252403846153846 0.6262019230769231 0.1141826923076923 0.06490384615384616
1 0.5685096153846154 0.7572115384615384 0.27163461538461536 0.2692307692307692
1 0.03245192307692308 0.6694711538461539 0.06370192307692307 0.09014423076923077
3 0.11899038461538461 0.6430288461538461 0.01201923076923077 0.040865384615384616
3 0.12860576923076922 0.6442307692307693 0.014423076923076924 0.03125
3 0.14423076923076922 0.6430288461538461 0.01201923076923077 0.03365384615384615
1 0.2091346153846154 0.6454326923076923 0.036057692307692304 0.037259615384615384
1 0.23557692307692307 0.6454326923076923 0.038461538461538464 0.04447115384615385
1 0.27163461538461536 0.6454326923076923 0.038461538461538464 0.04447115384615385
1 0.3112980769230769 0.6394230769230769 0.03125 0.04447115384615385
1 0.3401442307692308 0.640625 0.03125 0.038461538461538464
1 0.37259615384615385 0.6334134615384616 0.030048076923076924 0.028846153846153848
1 0.4326923076923077 0.6358173076923077 0.05048076923076923 0.056490384615384616