1 0.08413461538461539 0.6622596153846154 0.0985576923076923 0.09735576923076923
1 0.22716346153846154 0.6274038461538461 0.0673076923076923 0.078125
1 0.40625 0.6189903846153846 0.04326923076923077 0.05048076923076923
1 0.33533653846153844 0.6201923076923077 0.02403846153846154 0.028846153846153848
1 0.734375 0.6610576923076923 0.1346153846153846 0.1310096153846154
1 0.8028846153846154 0.6346153846153846 0.09495192307692307 0.11298076923076923
0 0.6706730769230769 0.5673076923076923 0.1141826923076923 0.06850961538461539
1 0.9627403846153846 0.7704326923076923 0.06971153846153846 0.2127403846153846
1 0.9411057692307693 0.6586538461538461 0.11538461538461539 0.12740384615384615
0 0.5829326923076923 0.5805288461538461 0.052884615384615384 0.052884615384615384
1 0.5480769230769231 0.8064903846153846 0.484375 0.3786057692307692
1 0.13942307692307693 0.6274038461538461 0.040865384615384616 0.04447115384615385