3 0.09014423076923077 0.6502403846153846 0.01201923076923077 0.03485576923076923
3 0.09735576923076923 0.6454326923076923 0.010817307692307692 0.037259615384615384
3 0.11778846153846154 0.6442307692307693 0.009615384615384616 0.03125
1 0.14903846153846154 0.6622596153846154 0.036057692307692304 0.05889423076923077
1 0.19471153846153846 0.6610576923076923 0.06129807692307692 0.056490384615384616
1 0.2283653846153846 0.6538461538461539 0.036057692307692304 0.05048076923076923
1 0.2800480769230769 0.6490384615384616 0.042067307692307696 0.046875
1 0.3016826923076923 0.6478365384615384 0.046875 0.04927884615384615
1 0.35336538461538464 0.6382211538461539 0.038461538461538464 0.03125
1 0.4254807692307692 0.6394230769230769 0.051682692307692304 0.06009615384615385
1 0.5252403846153846 0.6382211538461539 0.11298076923076923 0.09014423076923077
1 0.5745192307692307 0.75 0.24879807692307693 0.25
4 0.6622596153846154 0.5973557692307693 0.0829326923076923 0.06610576923076923
1 0.6574519230769231 0.6346153846153846 0.06370192307692307 0.07451923076923077
1 0.7259615384615384 0.6658653846153846 0.12860576923076922 0.11778846153846154
1 0.8221153846153846 0.6526442307692307 0.09495192307692307 0.09014423076923077
3 0.8100961538461539 0.6057692307692307 0.007211538461538462 0.015625
3 0.8377403846153846 0.6009615384615384 0.010817307692307692 0.019230769230769232
3 0.9110576923076923 0.6009615384615384 0.009615384615384616 0.02403846153846154
1 0.9098557692307693 0.7247596153846154 0.1778846153846154 0.22596153846153846