3 0.015625 0.6454326923076923 0.009615384615384616 0.037259615384615384
1 0.07451923076923077 0.6694711538461539 0.11538461538461539 0.09375
1 0.21995192307692307 0.6442307692307693 0.06129807692307692 0.06610576923076923
1 0.2848557692307692 0.6370192307692307 0.021634615384615384 0.03125
1 0.3076923076923077 0.6370192307692307 0.037259615384615384 0.038461538461538464
1 0.3713942307692308 0.6478365384615384 0.08413461538461539 0.09134615384615384
1 0.41466346153846156 0.6382211538461539 0.038461538461538464 0.078125
1 0.5588942307692307 0.7331730769230769 0.23557692307692307 0.2403846153846154
1 0.5120192307692307 0.6274038461538461 0.09975961538461539 0.09134615384615384
1 0.6274038461538461 0.6237980769230769 0.06129807692307692 0.06009615384615385
1 0.6959134615384616 0.6538461538461539 0.1201923076923077 0.109375
1 0.7668269230769231 0.6394230769230769 0.07211538461538461 0.08774038461538461
3 0.8497596153846154 0.6045673076923077 0.01201923076923077 0.037259615384615384
3 0.8990384615384616 0.5949519230769231 0.009615384615384616 0.028846153846153848
1 0.9182692307692307 0.7307692307692307 0.15985576923076922 0.27403846153846156
4 0.6526442307692307 0.5817307692307693 0.06370192307692307 0.046875
1 0.9326923076923077 0.6225961538461539 0.1310096153846154 0.08774038461538461