1 0.056490384615384616 0.6838942307692307 0.11298076923076923 0.08653846153846154
1 0.1466346153846154 0.6634615384615384 0.055288461538461536 0.056490384615384616
1 0.234375 0.6574519230769231 0.0625 0.06009615384615385
1 0.3269230769230769 0.6394230769230769 0.040865384615384616 0.040865384615384616
1 0.30288461538461536 0.6418269230769231 0.016826923076923076 0.021634615384615384
1 0.35336538461538464 0.6346153846153846 0.027644230769230768 0.03485576923076923
1 0.3762019230769231 0.6346153846153846 0.025240384615384616 0.02403846153846154
1 0.41586538461538464 0.6418269230769231 0.057692307692307696 0.06009615384615385
1 0.44471153846153844 0.6382211538461539 0.026442307692307692 0.055288461538461536
1 0.5240384615384616 0.6430288461538461 0.10576923076923077 0.09735576923076923
1 0.5673076923076923 0.7439903846153846 0.234375 0.23798076923076922
1 0.6490384615384616 0.6322115384615384 0.06610576923076923 0.06610576923076923
1 0.7199519230769231 0.6634615384615384 0.1201923076923077 0.11778846153846154
1 0.8028846153846154 0.6538461538461539 0.0889423076923077 0.09014423076923077
1 0.9086538461538461 0.7259615384615384 0.18028846153846154 0.23076923076923078
3 0.8137019230769231 0.6033653846153846 0.009615384615384616 0.015625
3 0.8473557692307693 0.6069711538461539 0.009615384615384616 0.03125
3 0.9302884615384616 0.6021634615384616 0.01201923076923077 0.025240384615384616
4 0.6514423076923077 0.5961538461538461 0.08413461538461539 0.05889423076923077
3 0.007211538461538462 0.6502403846153846 0.010817307692307692 0.02403846153846154
3 0.027644230769230768 0.6418269230769231 0.007211538461538462 0.009615384615384616
3 0.06009615384615385 0.6382211538461539 0.007211538461538462 0.009615384615384616
3 0.09254807692307693 0.6358173076923077 0.009615384615384616 0.009615384615384616