1 0.02283653846153846 0.7319711538461539 0.04567307692307692 0.16346153846153846
1 0.055288461538461536 0.6995192307692307 0.10336538461538461 0.11298076923076923
1 0.12980769230769232 0.6911057692307693 0.08173076923076923 0.09735576923076923
1 0.18870192307692307 0.6802884615384616 0.04567307692307692 0.08052884615384616
1 0.22596153846153846 0.6706730769230769 0.057692307692307696 0.07211538461538461
1 0.2620192307692308 0.671875 0.03125 0.0625
1 0.44350961538461536 0.6670673076923077 0.03485576923076923 0.040865384615384616
1 0.5144230769230769 0.6947115384615384 0.13221153846153846 0.13701923076923078
1 0.5096153846153846 0.6189903846153846 0.06971153846153846 0.019230769230769232
1 0.5889423076923077 0.6586538461538461 0.05048076923076923 0.055288461538461536
4 0.6057692307692307 0.6454326923076923 0.046875 0.052884615384615384
1 0.6382211538461539 0.6598557692307693 0.036057692307692304 0.038461538461538464
1 0.7103365384615384 0.6778846153846154 0.14182692307692307 0.13221153846153846
1 0.7944711538461539 0.6586538461538461 0.07692307692307693 0.08774038461538461
1 0.9110576923076923 0.7524038461538461 0.17548076923076922 0.27403846153846156