1 0.1201923076923077 0.7836538461538461 0.2403846153846154 0.43028846153846156
1 0.21514423076923078 0.7151442307692307 0.18870192307692307 0.19110576923076922
1 0.2848557692307692 0.6826923076923077 0.14182692307692307 0.15384615384615385
1 0.359375 0.671875 0.05889423076923077 0.11298076923076923
1 0.5300480769230769 0.6057692307692307 0.08774038461538461 0.03125
1 0.5240384615384616 0.7512019230769231 0.2692307692307692 0.27163461538461536
1 0.5973557692307693 0.6129807692307693 0.025240384615384616 0.027644230769230768
1 0.6274038461538461 0.6322115384615384 0.051682692307692304 0.06850961538461539
4 0.6538461538461539 0.5913461538461539 0.057692307692307696 0.03365384615384615
1 0.6790865384615384 0.6430288461538461 0.0829326923076923 0.09375
1 0.7427884615384616 0.6322115384615384 0.06610576923076923 0.056490384615384616
1 0.8221153846153846 0.6225961538461539 0.0733173076923077 0.07451923076923077
1 0.8810096153846154 0.7163461538461539 0.234375 0.24278846153846154
3 0.9723557692307693 0.5913461538461539 0.01201923076923077 0.02403846153846154