1 0.030048076923076924 0.7151442307692307 0.05889423076923077 0.12860576923076922
1 0.4411057692307692 0.6538461538461539 0.03125 0.040865384615384616
1 0.40625 0.6538461538461539 0.040865384615384616 0.03365384615384615
1 0.5228365384615384 0.6947115384615384 0.12980769230769232 0.12740384615384615
4 0.6045673076923077 0.6262019230769231 0.046875 0.037259615384615384
1 0.5877403846153846 0.6538461538461539 0.051682692307692304 0.06009615384615385
1 0.6237980769230769 0.6478365384615384 0.027644230769230768 0.03365384615384615
1 0.6682692307692307 0.6754807692307693 0.10336538461538461 0.09735576923076923
1 0.7139423076923077 0.6538461538461539 0.056490384615384616 0.06850961538461539
1 0.8786057692307693 0.6983173076923077 0.2091346153846154 0.1622596153846154
1 0.17908653846153846 0.6682692307692307 0.057692307692307696 0.03125