1 0.054086538461538464 0.6971153846153846 0.10817307692307693 0.12139423076923077
1 0.12860576923076922 0.6778846153846154 0.09495192307692307 0.10576923076923077
1 0.19471153846153846 0.6742788461538461 0.052884615384615384 0.08413461538461539
1 0.24278846153846154 0.671875 0.042067307692307696 0.06610576923076923
1 0.4543269230769231 0.6610576923076923 0.03245192307692308 0.03365384615384615
1 0.5360576923076923 0.6935096153846154 0.1466346153846154 0.15625
1 0.5216346153846154 0.6117788461538461 0.06370192307692307 0.018028846153846152
1 0.6057692307692307 0.6538461538461539 0.042067307692307696 0.056490384615384616
1 0.6418269230769231 0.6538461538461539 0.026442307692307692 0.040865384615384616
1 0.7067307692307693 0.6694711538461539 0.12980769230769232 0.11538461538461539
1 0.7704326923076923 0.6586538461538461 0.037259615384615384 0.078125
1 0.9278846153846154 0.7331730769230769 0.140625 0.25961538461538464