0 0.9098557692307693 0.5733173076923077 0.15745192307692307 0.056490384615384616
1 0.828125 0.6201923076923077 0.08774038461538461 0.056490384615384616
1 0.8822115384615384 0.6778846153846154 0.21394230769230768 0.16346153846153846
4 0.671875 0.5925480769230769 0.08173076923076923 0.052884615384615384
0 0.5625 0.5913461538461539 0.03125 0.03485576923076923
1 0.6057692307692307 0.6274038461538461 0.05889423076923077 0.06850961538461539
1 0.7115384615384616 0.6538461538461539 0.12620192307692307 0.11298076923076923
1 0.7439903846153846 0.6153846153846154 0.057692307692307696 0.055288461538461536
1 0.6574519230769231 0.6382211538461539 0.036057692307692304 0.08173076923076923
1 0.5108173076923077 0.6069711538461539 0.07451923076923077 0.040865384615384616
1 0.5252403846153846 0.671875 0.1346153846153846 0.12860576923076922
1 0.12259615384615384 0.6430288461538461 0.06370192307692307 0.037259615384615384
1 0.2247596153846154 0.6394230769230769 0.078125 0.04927884615384615
1 0.37740384615384615 0.6225961538461539 0.030048076923076924 0.038461538461538464
1 0.3233173076923077 0.6274038461538461 0.03485576923076923 0.03365384615384615