1 0.5060096153846154 0.6838942307692307 0.11298076923076923 0.11778846153846154
1 0.5012019230769231 0.6177884615384616 0.06370192307692307 0.02403846153846154
0 0.5540865384615384 0.6081730769230769 0.03245192307692308 0.03365384615384615
4 0.6189903846153846 0.6069711538461539 0.04326923076923077 0.037259615384615384
1 0.5817307692307693 0.6394230769230769 0.057692307692307696 0.056490384615384616
1 0.6634615384615384 0.6622596153846154 0.10336538461538461 0.09375
1 0.7091346153846154 0.6382211538461539 0.056490384615384616 0.06490384615384616
1 0.8088942307692307 0.6850961538461539 0.171875 0.14903846153846154
1 0.9567307692307693 0.7824519230769231 0.0829326923076923 0.23677884615384615
3 0.17427884615384615 0.6478365384615384 0.010817307692307692 0.028846153846153848
1 0.20552884615384615 0.6538461538461539 0.06971153846153846 0.03125
0 0.7980769230769231 0.5985576923076923 0.06370192307692307 0.04447115384615385
1 0.3605769230769231 0.6430288461538461 0.038461538461538464 0.037259615384615384
1 0.3076923076923077 0.6418269230769231 0.03125 0.025240384615384616
1 0.3858173076923077 0.6358173076923077 0.021634615384615384 0.028846153846153848
1 0.40024038461538464 0.6322115384615384 0.021634615384615384 0.025240384615384616