3 0.020432692307692308 0.6454326923076923 0.01201923076923077 0.037259615384615384
1 0.171875 0.6430288461538461 0.04326923076923077 0.040865384615384616
1 0.2247596153846154 0.6430288461538461 0.04326923076923077 0.04927884615384615
1 0.25721153846153844 0.6346153846153846 0.03245192307692308 0.03485576923076923
1 0.1141826923076923 0.6442307692307693 0.04326923076923077 0.038461538461538464
1 0.2824519230769231 0.6262019230769231 0.030048076923076924 0.037259615384615384
1 0.31490384615384615 0.6274038461538461 0.036057692307692304 0.04447115384615385
1 0.3713942307692308 0.6334134615384616 0.06850961538461539 0.040865384615384616
1 0.4963942307692308 0.7283653846153846 0.2283653846153846 0.23076923076923078
1 0.8064903846153846 0.7007211538461539 0.2439903846153846 0.19951923076923078
1 0.9567307692307693 0.7572115384615384 0.0829326923076923 0.23677884615384615
1 0.6189903846153846 0.640625 0.09495192307692307 0.09014423076923077
1 0.6911057692307693 0.6694711538461539 0.09375 0.12259615384615384
4 0.7331730769230769 0.5817307692307693 0.10576923076923077 0.05048076923076923
0 0.5348557692307693 0.59375 0.027644230769230768 0.038461538461538464