1 0.8954326923076923 0.7067307692307693 0.20673076923076922 0.203125
1 0.828125 0.6286057692307693 0.08413461538461539 0.055288461538461536
1 0.7235576923076923 0.6730769230769231 0.1466346153846154 0.1310096153846154
1 0.6598557692307693 0.6586538461538461 0.04326923076923077 0.09134615384615384
4 0.6814903846153846 0.5997596153846154 0.0985576923076923 0.055288461538461536
0 0.9302884615384616 0.5829326923076923 0.13701923076923078 0.06009615384615385
1 0.6009615384615384 0.6430288461538461 0.07692307692307693 0.078125
1 0.5108173076923077 0.6935096153846154 0.15264423076923078 0.15625
1 0.1346153846153846 0.6538461538461539 0.078125 0.04447115384615385
3 0.09254807692307693 0.6442307692307693 0.014423076923076924 0.02403846153846154
1 0.2403846153846154 0.6442307692307693 0.036057692307692304 0.03485576923076923
1 0.28725961538461536 0.6430288461538461 0.027644230769230768 0.03365384615384615
1 0.3581730769230769 0.640625 0.030048076923076924 0.03125
0 0.5480769230769231 0.6009615384615384 0.027644230769230768 0.028846153846153848
1 0.49399038461538464 0.6225961538461539 0.0829326923076923 0.056490384615384616
1 0.32572115384615385 0.6298076923076923 0.026442307692307692 0.028846153846153848
1 0.30528846153846156 0.6394230769230769 0.019230769230769232 0.028846153846153848
1 0.27163461538461536 0.6370192307692307 0.02403846153846154 0.027644230769230768