1 0.03485576923076923 0.6574519230769231 0.06971153846153846 0.08052884615384616
1 0.09975961538461539 0.6598557692307693 0.08173076923076923 0.078125
1 0.15625 0.6490384615384616 0.05889423076923077 0.07211538461538461
1 0.21033653846153846 0.6298076923076923 0.038461538461538464 0.037259615384615384
1 0.2800480769230769 0.6201923076923077 0.03245192307692308 0.03365384615384615
1 0.32091346153846156 0.625 0.042067307692307696 0.04326923076923077
1 0.35336538461538464 0.6177884615384616 0.03485576923076923 0.038461538461538464
1 0.7439903846153846 0.65625 0.1622596153846154 0.14903846153846154
3 0.8978365384615384 0.5877403846153846 0.014423076923076924 0.019230769230769232
3 0.9146634615384616 0.5913461538461539 0.010817307692307692 0.019230769230769232
1 0.8894230769230769 0.71875 0.21754807692307693 0.23076923076923078
1 0.9483173076923077 0.7884615384615384 0.09975961538461539 0.2932692307692308
1 0.5192307692307693 0.8064903846153846 0.5348557692307693 0.38221153846153844