1 0.030048076923076924 0.6574519230769231 0.06009615384615385 0.06490384615384616
1 0.09134615384615384 0.6382211538461539 0.055288461538461536 0.052884615384615384
1 0.23798076923076922 0.6225961538461539 0.030048076923076924 0.03125
1 0.2668269230769231 0.6237980769230769 0.03485576923076923 0.037259615384615384
1 0.32091346153846156 0.6262019230769231 0.04567307692307692 0.04927884615384615
1 0.7427884615384616 0.6550480769230769 0.16706730769230768 0.1502403846153846
1 0.8894230769230769 0.71875 0.21754807692307693 0.23076923076923078
1 0.9495192307692307 0.7884615384615384 0.09735576923076923 0.2932692307692308
3 0.8966346153846154 0.5877403846153846 0.010817307692307692 0.02403846153846154
3 0.9158653846153846 0.5925480769230769 0.01201923076923077 0.018028846153846152
3 0.5168269230769231 0.8064903846153846 0.5348557692307693 0.38221153846153844