1 0.18629807692307693 0.6346153846153846 0.05048076923076923 0.04326923076923077
1 0.234375 0.6358173076923077 0.05048076923076923 0.04447115384615385
1 0.3004807692307692 0.6286057692307693 0.04807692307692308 0.05048076923076923
1 0.3581730769230769 0.6177884615384616 0.03485576923076923 0.04326923076923077
1 0.7439903846153846 0.65625 0.1622596153846154 0.15264423076923078
1 0.8894230769230769 0.7199519230769231 0.21754807692307693 0.2283653846153846
1 0.9495192307692307 0.7908653846153846 0.0985576923076923 0.28846153846153844
3 0.03245192307692308 0.6201923076923077 0.007211538461538462 0.025240384615384616
3 0.8954326923076923 0.5889423076923077 0.009615384615384616 0.018028846153846152
3 0.9158653846153846 0.5949519230769231 0.007211538461538462 0.018028846153846152
3 0.5192307692307693 0.8052884615384616 0.53125 0.37740384615384615