1 0.020432692307692308 0.6586538461538461 0.040865384615384616 0.046875
1 0.21394230769230768 0.6370192307692307 0.12860576923076922 0.0625
1 0.12620192307692307 0.6394230769230769 0.037259615384615384 0.04927884615384615
1 0.052884615384615384 0.6382211538461539 0.051682692307692304 0.046875
1 0.2980769230769231 0.6262019230769231 0.051682692307692304 0.052884615384615384
1 0.3713942307692308 0.625 0.06850961538461539 0.055288461538461536
1 0.49038461538461536 0.5949519230769231 0.15264423076923078 0.056490384615384616
1 0.5180288461538461 0.8064903846153846 0.5360576923076923 0.38221153846153844
1 0.7427884615384616 0.6418269230769231 0.1658653846153846 0.12740384615384615
1 0.8870192307692307 0.7127403846153846 0.22235576923076922 0.23798076923076922
1 0.9471153846153846 0.7932692307692307 0.10096153846153846 0.2848557692307692