1 0.039663461538461536 0.6466346153846154 0.055288461538461536 0.055288461538461536
1 0.08533653846153846 0.6466346153846154 0.038461538461538464 0.05048076923076923
1 0.12620192307692307 0.6466346153846154 0.056490384615384616 0.05048076923076923
1 0.1658653846153846 0.6430288461538461 0.037259615384615384 0.046875
1 0.2127403846153846 0.6394230769230769 0.04326923076923077 0.04447115384615385
1 0.2980769230769231 0.6322115384615384 0.051682692307692304 0.046875
1 0.36658653846153844 0.6382211538461539 0.04567307692307692 0.052884615384615384
1 0.4891826923076923 0.6021634615384616 0.15264423076923078 0.06009615384615385
1 0.5841346153846154 0.6069711538461539 0.03245192307692308 0.027644230769230768
1 0.7439903846153846 0.6742788461538461 0.18028846153846154 0.18028846153846154
1 0.8930288461538461 0.7199519230769231 0.21153846153846154 0.2403846153846154
1 0.9543269230769231 0.8149038461538461 0.08774038461538461 0.27403846153846156
1 0.5096153846153846 0.8076923076923077 0.4230769230769231 0.38100961538461536