1 0.021634615384615384 0.6778846153846154 0.042067307692307696 0.05889423076923077
1 0.07932692307692307 0.6694711538461539 0.057692307692307696 0.06009615384615385
1 0.12980769230769232 0.671875 0.07211538461538461 0.06610576923076923
1 0.19110576923076922 0.6574519230769231 0.055288461538461536 0.056490384615384616
1 0.27163461538461536 0.6526442307692307 0.05889423076923077 0.05889423076923077
1 0.47115384615384615 0.6225961538461539 0.13581730769230768 0.04447115384615385
1 0.48197115384615385 0.8004807692307693 0.3269230769230769 0.3317307692307692
1 0.7560096153846154 0.6887019230769231 0.1935096153846154 0.2127403846153846
1 0.6382211538461539 0.6586538461538461 0.0829326923076923 0.09375
1 0.5793269230769231 0.6382211538461539 0.040865384615384616 0.038461538461538464
1 0.9098557692307693 0.6802884615384616 0.10817307692307693 0.11899038461538461
1 0.9206730769230769 0.7884615384615384 0.15504807692307693 0.31971153846153844
4 0.5925480769230769 0.5961538461538461 0.17307692307692307 0.07211538461538461
3 0.9278846153846154 0.625 0.015625 0.04326923076923077
3 0.8653846153846154 0.6370192307692307 0.014423076923076924 0.046875
3 0.8762019230769231 0.6334134615384616 0.016826923076923076 0.056490384615384616