1 0.056490384615384616 0.6598557692307693 0.06610576923076923 0.055288461538461536
1 0.16706730769230768 0.6538461538461539 0.0625 0.05889423076923077
1 0.11177884615384616 0.6490384615384616 0.036057692307692304 0.04447115384615385
1 0.21634615384615385 0.640625 0.042067307692307696 0.05048076923076923
1 0.28365384615384615 0.6394230769230769 0.04807692307692308 0.056490384615384616
1 0.47475961538461536 0.6057692307692307 0.13701923076923078 0.046875
1 0.4963942307692308 0.8100961538461539 0.3701923076923077 0.37740384615384615
1 0.7596153846153846 0.6838942307692307 0.19110576923076922 0.19110576923076922
1 0.921875 0.7572115384615384 0.15264423076923078 0.296875
1 0.6526442307692307 0.6490384615384616 0.0889423076923077 0.10096153846153846
1 0.5540865384615384 0.6069711538461539 0.030048076923076924 0.02403846153846154
4 0.7019230769230769 0.5769230769230769 0.21514423076923078 0.06850961538461539
3 0.9483173076923077 0.6069711538461539 0.027644230769230768 0.03485576923076923
3 0.9122596153846154 0.6177884615384616 0.014423076923076924 0.046875
3 0.9002403846153846 0.6129807692307693 0.01201923076923077 0.04326923076923077