1 0.028846153846153848 0.6490384615384616 0.057692307692307696 0.052884615384615384
1 0.07572115384615384 0.6466346153846154 0.042067307692307696 0.046875
1 0.11538461538461539 0.6478365384615384 0.056490384615384616 0.04927884615384615
1 0.15504807692307693 0.6430288461538461 0.040865384615384616 0.04326923076923077
1 0.2091346153846154 0.6454326923076923 0.055288461538461536 0.04927884615384615
1 0.296875 0.6346153846153846 0.05048076923076923 0.055288461538461536
1 0.39903846153846156 0.6322115384615384 0.037259615384615384 0.04447115384615385
1 0.4891826923076923 0.6009615384615384 0.140625 0.055288461538461536
1 0.5120192307692307 0.8100961538461539 0.40625 0.37740384615384615
1 0.7536057692307693 0.6778846153846154 0.19110576923076922 0.18389423076923078
1 0.9002403846153846 0.7307692307692307 0.1971153846153846 0.24639423076923078
1 0.9723557692307693 0.8449519230769231 0.051682692307692304 0.27524038461538464
1 0.5745192307692307 0.6069711538461539 0.030048076923076924 0.025240384615384616
4 0.9158653846153846 0.5697115384615384 0.12379807692307693 0.08052884615384616