1 0.03125 0.6730769230769231 0.0625 0.08774038461538461
1 0.08413461538461539 0.6526442307692307 0.06129807692307692 0.05048076923076923
1 0.15264423076923078 0.6670673076923077 0.11538461538461539 0.11177884615384616
1 0.2127403846153846 0.6490384615384616 0.06370192307692307 0.09615384615384616
1 0.33774038461538464 0.6742788461538461 0.15144230769230768 0.171875
1 0.2668269230769231 0.6177884615384616 0.046875 0.046875
4 0.4963942307692308 0.5913461538461539 0.04807692307692308 0.06009615384615385
1 0.5300480769230769 0.765625 0.28846153846153844 0.2932692307692308
1 0.7644230769230769 0.6634615384615384 0.16826923076923078 0.17427884615384615
1 0.9038461538461539 0.6418269230769231 0.1201923076923077 0.11177884615384616
1 0.9747596153846154 0.8100961538461539 0.04807692307692308 0.23197115384615385
1 0.6574519230769231 0.6274038461538461 0.0829326923076923 0.08052884615384616
3 0.9759615384615384 0.5949519230769231 0.014423076923076924 0.025240384615384616