1 0.028846153846153848 0.6814903846153846 0.057692307692307696 0.08653846153846154
1 0.08413461538461539 0.6526442307692307 0.05889423076923077 0.06610576923076923
1 0.14182692307692307 0.6526442307692307 0.06850961538461539 0.06971153846153846
1 0.1935096153846154 0.6442307692307693 0.04326923076923077 0.046875
1 0.2644230769230769 0.6430288461538461 0.055288461538461536 0.0625
1 0.4735576923076923 0.6177884615384616 0.1346153846153846 0.052884615384615384
1 0.6310096153846154 0.6526442307692307 0.09254807692307693 0.109375
1 0.5805288461538461 0.6153846153846154 0.036057692307692304 0.03125
1 0.7596153846153846 0.6850961538461539 0.18389423076923078 0.18509615384615385
1 0.8846153846153846 0.6694711538461539 0.11778846153846154 0.12259615384615384
1 0.9519230769230769 0.8028846153846154 0.09375 0.2536057692307692
4 0.5144230769230769 0.5913461538461539 0.09375 0.07451923076923077
2 0.9411057692307693 0.6201923076923077 0.016826923076923076 0.06490384615384616
2 0.921875 0.6129807692307693 0.021634615384615384 0.046875
2 0.9927884615384616 0.6201923076923077 0.01201923076923077 0.052884615384615384
2 0.8653846153846154 0.6045673076923077 0.01201923076923077 0.018028846153846152
3 0.8341346153846154 0.6009615384615384 0.009615384615384616 0.037259615384615384
2 0.8509615384615384 0.6069711538461539 0.010817307692307692 0.018028846153846152
1 0.29447115384615385 0.6286057692307693 0.038461538461538464 0.046875
1 0.32211538461538464 0.6274038461538461 0.030048076923076924 0.05048076923076923
1 0.49399038461538464 0.7692307692307693 0.29086538461538464 0.28846153846153844