1 0.08052884615384616 0.6622596153846154 0.08653846153846154 0.08173076923076923
1 0.026442307692307692 0.6634615384615384 0.052884615384615384 0.07211538461538461
1 0.15504807692307693 0.6454326923076923 0.07211538461538461 0.06009615384615385
1 0.2536057692307692 0.6430288461538461 0.06610576923076923 0.06490384615384616
1 0.21153846153846154 0.6394230769230769 0.030048076923076924 0.04927884615384615
1 0.4675480769230769 0.6189903846153846 0.13581730769230768 0.05889423076923077
1 0.5036057692307693 0.7668269230769231 0.28725961538461536 0.27524038461538464
4 0.4987980769230769 0.5841346153846154 0.0733173076923077 0.0625
1 0.6274038461538461 0.6442307692307693 0.09254807692307693 0.09375
1 0.5817307692307693 0.6141826923076923 0.03125 0.03365384615384615
1 0.5540865384615384 0.6105769230769231 0.02403846153846154 0.037259615384615384
1 0.7608173076923077 0.6862980769230769 0.1875 0.1935096153846154
1 0.8605769230769231 0.6538461538461539 0.07211538461538461 0.09975961538461539
1 0.953125 0.8233173076923077 0.09014423076923077 0.24759615384615385
2 0.9855769230769231 0.609375 0.025240384615384616 0.055288461538461536
2 0.9543269230769231 0.6177884615384616 0.019230769230769232 0.06610576923076923
2 0.9362980769230769 0.6177884615384616 0.021634615384615384 0.056490384615384616
2 0.9098557692307693 0.6177884615384616 0.016826923076923076 0.052884615384615384
3 0.8762019230769231 0.6117788461538461 0.016826923076923076 0.040865384615384616
3 0.8605769230769231 0.5865384615384616 0.010817307692307692 0.040865384615384616
3 0.8473557692307693 0.5985576923076923 0.010817307692307692 0.018028846153846152
1 0.2848557692307692 0.6286057692307693 0.042067307692307696 0.055288461538461536
1 0.3112980769230769 0.6262019230769231 0.03245192307692308 0.056490384615384616