1 0.13942307692307693 0.7175480769230769 0.2403846153846154 0.1935096153846154
1 0.4098557692307692 0.640625 0.056490384615384616 0.05889423076923077
1 0.5072115384615384 0.6947115384615384 0.1502403846153846 0.16346153846153846
1 0.46153846153846156 0.6045673076923077 0.03125 0.028846153846153848
1 0.6622596153846154 0.6442307692307693 0.09495192307692307 0.10576923076923077
1 0.5877403846153846 0.6322115384615384 0.04567307692307692 0.056490384615384616
1 0.8665865384615384 0.6875 0.21995192307692307 0.171875
3 0.9507211538461539 0.609375 0.020432692307692308 0.07451923076923077
3 0.9326923076923077 0.5889423076923077 0.015625 0.028846153846153848
1 0.040865384615384616 0.6850961538461539 0.08173076923076923 0.15384615384615385
1 0.24879807692307693 0.6478365384615384 0.0625 0.06009615384615385
1 0.296875 0.6442307692307693 0.046875 0.05889423076923077