1 0.953125 0.6911057692307693 0.09014423076923077 0.22596153846153846
1 0.6598557692307693 0.6694711538461539 0.1310096153846154 0.11298076923076923
1 0.33413461538461536 0.6754807692307693 0.10817307692307693 0.109375
1 0.4831730769230769 0.6574519230769231 0.07451923076923077 0.08413461538461539
1 0.027644230769230768 0.6742788461538461 0.055288461538461536 0.1466346153846154
1 0.10576923076923077 0.6802884615384616 0.109375 0.09735576923076923
1 0.20192307692307693 0.6646634615384616 0.08653846153846154 0.07572115384615384
1 0.421875 0.6382211538461539 0.040865384615384616 0.046875
1 0.25600961538461536 0.6490384615384616 0.04807692307692308 0.06009615384615385
1 0.5817307692307693 0.6394230769230769 0.052884615384615384 0.056490384615384616
1 0.5456730769230769 0.6322115384615384 0.03485576923076923 0.05048076923076923
4 0.4567307692307692 0.6117788461538461 0.021634615384615384 0.027644230769230768