1 0.9326923076923077 0.6887019230769231 0.1310096153846154 0.26802884615384615
2 0.7223557692307693 0.6286057692307693 0.021634615384615384 0.05048076923076923
1 0.6670673076923077 0.6658653846153846 0.125 0.109375
1 0.5901442307692307 0.6394230769230769 0.05048076923076923 0.056490384615384616
1 0.5528846153846154 0.6346153846153846 0.03125 0.046875
1 0.49759615384615385 0.6586538461538461 0.0733173076923077 0.08052884615384616
1 0.43990384615384615 0.6370192307692307 0.036057692307692304 0.04326923076923077
1 0.34975961538461536 0.6754807692307693 0.09975961538461539 0.09375
0 0.06009615384615385 0.6057692307692307 0.1201923076923077 0.6634615384615384
1 0.15384615384615385 0.6598557692307693 0.07692307692307693 0.08173076923076923
1 0.21634615384615385 0.6622596153846154 0.057692307692307696 0.05889423076923077
1 0.11778846153846154 0.6742788461538461 0.08413461538461539 0.08774038461538461
0 0.23557692307692307 0.6201923076923077 0.06610576923076923 0.025240384615384616
0 0.4855769230769231 0.6105769230769231 0.009615384615384616 0.021634615384615384
0 0.4699519230769231 0.609375 0.025240384615384616 0.027644230769230768
1 0.46153846153846156 0.6274038461538461 0.025240384615384616 0.03365384615384615
1 0.6682692307692307 0.6069711538461539 0.06850961538461539 0.021634615384615384
0 0.515625 0.6117788461538461 0.009615384615384616 0.015625