1 0.9098557692307693 0.7163461538461539 0.17307692307692307 0.31009615384615385
1 0.8112980769230769 0.6310096153846154 0.12620192307692307 0.06610576923076923
1 0.6658653846153846 0.6526442307692307 0.10817307692307693 0.10576923076923077
1 0.5012019230769231 0.7019230769230769 0.1814903846153846 0.1658653846153846
1 0.4074519230769231 0.6490384615384616 0.052884615384615384 0.05889423076923077
0 0.12379807692307693 0.5769230769230769 0.24639423076923078 0.8377403846153846
1 0.30649038461538464 0.6418269230769231 0.051682692307692304 0.06850961538461539
1 0.7103365384615384 0.6274038461538461 0.038461538461538464 0.056490384615384616
3 0.5961538461538461 0.6177884615384616 0.010817307692307692 0.025240384615384616
3 0.5889423076923077 0.6165865384615384 0.009615384615384616 0.028846153846153848
0 0.46634615384615385 0.6021634615384616 0.026442307692307692 0.03365384615384615
0 0.49158653846153844 0.6057692307692307 0.026442307692307692 0.02403846153846154
1 0.25961538461538464 0.6610576923076923 0.08173076923076923 0.06850961538461539
1 0.3449519230769231 0.6394230769230769 0.027644230769230768 0.040865384615384616
1 0.3786057692307692 0.6334134615384616 0.030048076923076924 0.037259615384615384
0 0.5168269230769231 0.609375 0.010817307692307692 0.01201923076923077
1 0.5540865384615384 0.6346153846153846 0.055288461538461536 0.05048076923076923
1 0.6153846153846154 0.6358173076923077 0.03125 0.04927884615384615