1 0.921875 0.7283653846153846 0.15264423076923078 0.3473557692307692
1 0.8389423076923077 0.6322115384615384 0.13701923076923078 0.078125
1 0.7403846153846154 0.6262019230769231 0.057692307692307696 0.06850961538461539
1 0.6778846153846154 0.6550480769230769 0.10817307692307693 0.10697115384615384
1 0.5144230769230769 0.7019230769230769 0.17307692307692307 0.1658653846153846
1 0.41586538461538464 0.6466346153846154 0.056490384615384616 0.05889423076923077
1 0.578125 0.6298076923076923 0.03485576923076923 0.056490384615384616
0 0.140625 0.5745192307692307 0.28125 0.8473557692307693
1 0.27403846153846156 0.6430288461538461 0.055288461538461536 0.07451923076923077
1 0.32091346153846156 0.6394230769230769 0.042067307692307696 0.052884615384615384
3 0.5997596153846154 0.6153846153846154 0.007211538461538462 0.02403846153846154
3 0.6057692307692307 0.6177884615384616 0.006009615384615385 0.025240384615384616
1 0.36658653846153844 0.6370192307692307 0.03245192307692308 0.046875
0 0.4723557692307692 0.6033653846153846 0.025240384615384616 0.027644230769230768
0 0.4987980769230769 0.6045673076923077 0.02403846153846154 0.025240384615384616
1 0.6322115384615384 0.6358173076923077 0.042067307692307696 0.06009615384615385
0 0.5204326923076923 0.6069711538461539 0.01201923076923077 0.01201923076923077
1 0.45913461538461536 0.6538461538461539 0.042067307692307696 0.07572115384615384