0 0.06971153846153846 0.5853365384615384 0.13942307692307693 0.8149038461538461
1 0.7872596153846154 0.6694711538461539 0.18629807692307693 0.17427884615384615
1 0.6634615384615384 0.6490384615384616 0.09254807692307693 0.09615384615384616
1 0.5240384615384616 0.7043269230769231 0.1814903846153846 0.1778846153846154
1 0.6033653846153846 0.640625 0.051682692307692304 0.0625
1 0.4050480769230769 0.65625 0.07211538461538461 0.08173076923076923
1 0.11298076923076923 0.6875 0.05048076923076923 0.10576923076923077
1 0.18870192307692307 0.6754807692307693 0.09254807692307693 0.078125
1 0.2608173076923077 0.6610576923076923 0.07211538461538461 0.06850961538461539
1 0.890625 0.6009615384615384 0.06610576923076923 0.03365384615384615
1 0.3112980769230769 0.6490384615384616 0.04567307692307692 0.055288461538461536
1 0.5685096153846154 0.6165865384615384 0.03245192307692308 0.028846153846153848
0 0.4963942307692308 0.6081730769230769 0.01201923076923077 0.018028846153846152
0 0.4735576923076923 0.6069711538461539 0.03125 0.021634615384615384
1 0.4639423076923077 0.6346153846153846 0.03125 0.04326923076923077
2 0.7151442307692307 0.6225961538461539 0.015625 0.040865384615384616
0 0.5240384615384616 0.609375 0.01201923076923077 0.007211538461538462