1 0.9447115384615384 0.7319711538461539 0.10576923076923077 0.31971153846153844
1 0.921875 0.6418269230769231 0.125 0.11177884615384616
1 0.8485576923076923 0.6274038461538461 0.109375 0.09735576923076923
1 0.7055288461538461 0.6538461538461539 0.12980769230769232 0.125
1 0.5360576923076923 0.6923076923076923 0.171875 0.1622596153846154
3 0.6189903846153846 0.6057692307692307 0.007211538461538462 0.015625
3 0.6262019230769231 0.6105769230769231 0.009615384615384616 0.028846153846153848
1 0.42908653846153844 0.6370192307692307 0.04807692307692308 0.05889423076923077
0 0.1658653846153846 0.5576923076923077 0.3317307692307692 0.7596153846153846
1 0.3269230769230769 0.6346153846153846 0.036057692307692304 0.05889423076923077
1 0.5865384615384616 0.6201923076923077 0.040865384615384616 0.06009615384615385
1 0.35096153846153844 0.6298076923076923 0.021634615384615384 0.056490384615384616
1 0.3737980769230769 0.6310096153846154 0.025240384615384616 0.046875
1 0.39663461538461536 0.6274038461538461 0.020432692307692308 0.037259615384615384
0 0.4855769230769231 0.5997596153846154 0.030048076923076924 0.02403846153846154
0 0.5120192307692307 0.5985576923076923 0.02403846153846154 0.021634615384615384
0 0.5324519230769231 0.6009615384615384 0.014423076923076924 0.013221153846153846
1 0.47475961538461536 0.6610576923076923 0.046875 0.09134615384615384
1 0.6105769230769231 0.6177884615384616 0.019230769230769232 0.03125
1 0.6586538461538461 0.6322115384615384 0.042067307692307696 0.07572115384615384