1 0.9350961538461539 0.7175480769230769 0.12620192307692307 0.31490384615384615
1 0.8786057692307693 0.6418269230769231 0.14543269230769232 0.09134615384615384
1 0.7824519230769231 0.6298076923076923 0.08413461538461539 0.07572115384615384
1 0.6899038461538461 0.6550480769230769 0.1141826923076923 0.11538461538461539
1 0.5288461538461539 0.6995192307692307 0.17067307692307693 0.16826923076923078
1 0.5793269230769231 0.6262019230769231 0.037259615384615384 0.052884615384615384
1 0.4206730769230769 0.6418269230769231 0.055288461538461536 0.06009615384615385
3 0.609375 0.6177884615384616 0.006009615384615385 0.02403846153846154
3 0.6165865384615384 0.6177884615384616 0.010817307692307692 0.025240384615384616
0 0.15504807692307693 0.5661057692307693 0.31009615384615385 0.8197115384615384
1 0.34615384615384615 0.6382211538461539 0.055288461538461536 0.05889423076923077
1 0.3004807692307692 0.6490384615384616 0.030048076923076924 0.06490384615384616
0 0.47716346153846156 0.6057692307692307 0.030048076923076924 0.02403846153846154
0 0.5036057692307693 0.6045673076923077 0.026442307692307692 0.025240384615384616
0 0.5276442307692307 0.6081730769230769 0.021634615384615384 0.018028846153846152
1 0.4699519230769231 0.6706730769230769 0.04807692307692308 0.10336538461538461