1 0.9387019230769231 0.7331730769230769 0.11899038461538461 0.28725961538461536
1 0.7115384615384616 0.6766826923076923 0.140625 0.12259615384615384
1 0.5276442307692307 0.7247596153846154 0.20432692307692307 0.19471153846153846
1 0.5769230769230769 0.6538461538461539 0.08173076923076923 0.07572115384615384
1 0.44471153846153844 0.6490384615384616 0.040865384615384616 0.04447115384615385
0 0.28846153846153844 0.6141826923076923 0.25961538461538464 0.30649038461538464
1 0.04447115384615385 0.7091346153846154 0.0889423076923077 0.13701923076923078
1 0.06610576923076923 0.6694711538461539 0.09254807692307693 0.10576923076923077
1 0.12379807692307693 0.6658653846153846 0.057692307692307696 0.06971153846153846
3 0.6814903846153846 0.6153846153846154 0.010817307692307692 0.01201923076923077
3 0.6947115384615384 0.6129807692307693 0.01201923076923077 0.01201923076923077
3 0.7163461538461539 0.6105769230769231 0.007211538461538462 0.013221153846153846
1 0.5997596153846154 0.640625 0.052884615384615384 0.06971153846153846
0 0.4807692307692308 0.6153846153846154 0.025240384615384616 0.02403846153846154
0 0.5336538461538461 0.6129807692307693 0.016826923076923076 0.019230769230769232