3 0.7872596153846154 0.6141826923076923 0.016826923076923076 0.06009615384615385
1 0.7043269230769231 0.6887019230769231 0.19831730769230768 0.1778846153846154
1 0.5564903846153846 0.6538461538461539 0.09375 0.11177884615384616
1 0.3954326923076923 0.7163461538461539 0.1935096153846154 0.19110576923076922
1 0.45552884615384615 0.6382211538461539 0.04807692307692308 0.05048076923076923
0 0.46153846153846156 0.609375 0.0673076923076923 0.09735576923076923
1 0.03125 0.6694711538461539 0.0625 0.125
1 0.1778846153846154 0.6658653846153846 0.1201923076923077 0.08173076923076923
1 0.10216346153846154 0.65625 0.0829326923076923 0.07451923076923077
0 0.21153846153846154 0.6141826923076923 0.08774038461538461 0.056490384615384616
1 0.26802884615384615 0.6418269230769231 0.057692307692307696 0.06009615384615385