1 0.7632211538461539 0.7043269230769231 0.23557692307692307 0.20552884615384615
3 0.7680288461538461 0.5949519230769231 0.016826923076923076 0.018028846153846152
3 0.8509615384615384 0.6225961538461539 0.026442307692307692 0.06971153846153846
3 0.875 0.6213942307692307 0.019230769230769232 0.078125
1 0.5192307692307693 0.7872596153846154 0.328125 0.328125
1 0.5841346153846154 0.6430288461538461 0.08774038461538461 0.07451923076923077
1 0.13942307692307693 0.7584134615384616 0.27884615384615385 0.25240384615384615
1 0.3449519230769231 0.6694711538461539 0.11778846153846154 0.109375
0 0.39903846153846156 0.6009615384615384 0.1141826923076923 0.1466346153846154
1 0.051682692307692304 0.6430288461538461 0.08774038461538461 0.04447115384615385
1 0.12980769230769232 0.6274038461538461 0.078125 0.028846153846153848
1 0.203125 0.6478365384615384 0.07211538461538461 0.06490384615384616
1 0.25 0.6454326923076923 0.04326923076923077 0.06009615384615385
0 0.2860576923076923 0.6045673076923077 0.05889423076923077 0.028846153846153848
0 0.5132211538461539 0.6057692307692307 0.020432692307692308 0.027644230769230768