1 0.9555288461538461 0.6237980769230769 0.08653846153846154 0.052884615384615384
1 0.8221153846153846 0.703125 0.24519230769230768 0.23076923076923078
2 0.7127403846153846 0.6286057692307693 0.025240384615384616 0.05889423076923077
2 0.5997596153846154 0.6274038461538461 0.01201923076923077 0.03485576923076923
1 0.5661057692307693 0.6478365384615384 0.0673076923076923 0.07211538461538461
1 0.5300480769230769 0.6382211538461539 0.037259615384615384 0.04927884615384615
0 0.5276442307692307 0.6021634615384616 0.040865384615384616 0.037259615384615384
1 0.4807692307692308 0.6322115384615384 0.03125 0.037259615384615384
1 0.4362980769230769 0.6514423076923077 0.05889423076923077 0.06490384615384616
1 0.39663461538461536 0.6622596153846154 0.06971153846153846 0.08173076923076923
1 0.31850961538461536 0.6766826923076923 0.1141826923076923 0.11177884615384616
1 0.20793269230769232 0.6778846153846154 0.109375 0.09375
0 0.4987980769230769 0.6081730769230769 0.021634615384615384 0.028846153846153848
0 0.6742788461538461 0.6081730769230769 0.0829326923076923 0.037259615384615384