2 0.8449519230769231 0.6322115384615384 0.020432692307692308 0.08052884615384616
2 0.8293269230769231 0.640625 0.042067307692307696 0.09375
1 0.7680288461538461 0.6201923076923077 0.06370192307692307 0.03365384615384615
1 0.5925480769230769 0.7199519230769231 0.24879807692307693 0.26802884615384615
1 0.4519230769230769 0.6430288461538461 0.052884615384615384 0.0625
1 0.38100961538461536 0.6490384615384616 0.0625 0.07211538461538461
1 0.3088942307692308 0.671875 0.12379807692307693 0.11298076923076923
1 0.12139423076923077 0.65625 0.07692307692307693 0.06610576923076923
1 0.2091346153846154 0.6490384615384616 0.06971153846153846 0.07211538461538461
1 0.06129807692307692 0.6394230769230769 0.08173076923076923 0.04927884615384615
1 0.037259615384615384 0.6670673076923077 0.0733173076923077 0.07211538461538461
0 0.5036057692307693 0.5949519230769231 0.027644230769230768 0.03365384615384615
4 0.16706730769230768 0.6021634615384616 0.06850961538461539 0.04447115384615385