2 0.8497596153846154 0.6442307692307693 0.026442307692307692 0.09375
1 0.7668269230769231 0.6310096153846154 0.051682692307692304 0.038461538461538464
1 0.6658653846153846 0.7235576923076923 0.2283653846153846 0.2439903846153846
1 0.49038461538461536 0.6586538461538461 0.0733173076923077 0.08052884615384616
2 0.5528846153846154 0.6322115384615384 0.016826923076923076 0.038461538461538464
1 0.07932692307692307 0.734375 0.15865384615384615 0.19951923076923078
0 0.4675480769230769 0.6117788461538461 0.036057692307692304 0.04447115384615385
1 0.421875 0.6382211538461539 0.046875 0.04326923076923077
1 0.36778846153846156 0.6514423076923077 0.046875 0.06490384615384616
1 0.31971153846153844 0.6670673076923077 0.09495192307692307 0.09134615384615384
0 0.42788461538461536 0.6105769230769231 0.03125 0.021634615384615384
4 0.025240384615384616 0.6057692307692307 0.05048076923076923 0.057692307692307696