2 0.8425480769230769 0.6502403846153846 0.042067307692307696 0.11298076923076923
1 0.7788461538461539 0.6274038461538461 0.04567307692307692 0.04447115384615385
1 0.6887019230769231 0.7139423076923077 0.21995192307692307 0.2283653846153846
2 0.5060096153846154 0.6346153846153846 0.015625 0.038461538461538464
1 0.4495192307692308 0.6538461538461539 0.06370192307692307 0.07211538461538461
0 0.43149038461538464 0.6069711538461539 0.038461538461538464 0.03365384615384615
1 0.40024038461538464 0.6430288461538461 0.040865384615384616 0.04326923076923077
1 0.10817307692307693 0.7307692307692307 0.21634615384615385 0.21153846153846154
1 0.30288461538461536 0.6634615384615384 0.09735576923076923 0.08052884615384616
0 0.3942307692307692 0.609375 0.037259615384615384 0.019230769230769232
0 0.49038461538461536 0.6177884615384616 0.07692307692307693 0.03485576923076923