1 0.019230769230769232 0.671875 0.037259615384615384 0.10096153846153846
1 0.12259615384615384 0.6694711538461539 0.06971153846153846 0.07572115384615384
1 0.18990384615384615 0.6814903846153846 0.1201923076923077 0.10096153846153846
1 0.3137019230769231 0.6790865384615384 0.1346153846153846 0.12740384615384615
1 0.3737980769230769 0.6634615384615384 0.055288461538461536 0.08413461538461539
1 0.4098557692307692 0.6478365384615384 0.055288461538461536 0.06009615384615385
1 0.4831730769230769 0.6490384615384616 0.06370192307692307 0.06971153846153846
1 0.609375 0.6478365384615384 0.078125 0.08052884615384616
1 0.5673076923076923 0.6382211538461539 0.027644230769230768 0.055288461538461536
1 0.5480769230769231 0.6382211538461539 0.037259615384615384 0.052884615384615384
0 0.5408653846153846 0.609375 0.04326923076923077 0.06971153846153846
2 0.7043269230769231 0.6310096153846154 0.026442307692307692 0.0625
0 0.9134615384615384 0.5889423076923077 0.11778846153846154 0.056490384615384616
0 0.5120192307692307 0.6069711538461539 0.020432692307692308 0.038461538461538464