1 0.18389423076923078 0.6802884615384616 0.12860576923076922 0.10336538461538461
1 0.3233173076923077 0.6754807692307693 0.12860576923076922 0.12139423076923077
1 0.3858173076923077 0.6574519230769231 0.037259615384615384 0.08052884615384616
1 0.41346153846153844 0.6430288461538461 0.05048076923076923 0.0625
1 0.43149038461538464 0.6310096153846154 0.036057692307692304 0.055288461538461536
1 0.49399038461538464 0.6418269230769231 0.057692307692307696 0.06490384615384616
1 0.6262019230769231 0.6478365384615384 0.08413461538461539 0.08413461538461539
1 0.5865384615384616 0.6382211538461539 0.03485576923076923 0.05889423076923077
1 0.5600961538461539 0.6322115384615384 0.038461538461538464 0.055288461538461536
0 0.546875 0.6069711538461539 0.046875 0.06850961538461539
0 0.5192307692307693 0.6009615384615384 0.014423076923076924 0.03365384615384615
0 0.5012019230769231 0.5985576923076923 0.019230769230769232 0.021634615384615384
2 0.7079326923076923 0.6286057692307693 0.021634615384615384 0.0625
3 0.8605769230769231 0.6033653846153846 0.009615384615384616 0.02403846153846154
1 0.03485576923076923 0.6790865384615384 0.06850961538461539 0.08774038461538461
1 0.10336538461538461 0.6574519230769231 0.057692307692307696 0.07572115384615384
1 0.07692307692307693 0.6634615384615384 0.06850961538461539 0.08052884615384616