3 0.8173076923076923 0.6634615384615384 0.027644230769230768 0.15625
3 0.7872596153846154 0.6610576923076923 0.03485576923076923 0.1502403846153846
3 0.7355769230769231 0.6189903846153846 0.020432692307692308 0.038461538461538464
3 0.6598557692307693 0.6274038461538461 0.010817307692307692 0.040865384615384616
3 0.5997596153846154 0.6334134615384616 0.01201923076923077 0.056490384615384616
3 0.6670673076923077 0.6237980769230769 0.009615384615384616 0.040865384615384616
1 0.5192307692307693 0.6899038461538461 0.13701923076923078 0.1502403846153846
0 0.5132211538461539 0.59375 0.06129807692307692 0.04326923076923077
0 0.45913461538461536 0.6057692307692307 0.036057692307692304 0.03125
1 0.12139423076923077 0.7163461538461539 0.24278846153846154 0.17307692307692307
1 0.31009615384615385 0.6899038461538461 0.12379807692307693 0.11538461538461539
1 0.3737980769230769 0.6742788461538461 0.06129807692307692 0.08173076923076923
1 0.4362980769230769 0.6538461538461539 0.05889423076923077 0.078125
1 0.21394230769230768 0.6574519230769231 0.08774038461538461 0.08052884615384616