3 0.9471153846153846 0.6658653846153846 0.038461538461538464 0.203125
3 0.9026442307692307 0.6634615384615384 0.04807692307692308 0.203125
2 0.7596153846153846 0.6117788461538461 0.019230769230769232 0.040865384615384616
3 0.6766826923076923 0.6189903846153846 0.01201923076923077 0.046875
3 0.6850961538461539 0.6213942307692307 0.010817307692307692 0.038461538461538464
3 0.6165865384615384 0.6298076923076923 0.014423076923076924 0.06490384615384616
1 0.5324519230769231 0.6850961538461539 0.13701923076923078 0.14903846153846154
1 0.09254807692307693 0.7572115384615384 0.18389423076923078 0.2536057692307692
1 0.2692307692307692 0.7007211538461539 0.16105769230769232 0.140625
1 0.35216346153846156 0.6754807692307693 0.0829326923076923 0.10576923076923077
1 0.4387019230769231 0.6490384615384616 0.07211538461538461 0.08413461538461539
1 0.11177884615384616 0.6706730769230769 0.09495192307692307 0.07572115384615384
1 0.15384615384615385 0.6778846153846154 0.11057692307692307 0.12860576923076922
1 0.38461538461538464 0.6466346153846154 0.046875 0.05889423076923077
0 0.5216346153846154 0.5865384615384616 0.06850961538461539 0.04927884615384615
0 0.46153846153846156 0.5949519230769231 0.038461538461538464 0.025240384615384616