1 0.10216346153846154 0.7055288461538461 0.20432692307692307 0.14302884615384615
1 0.22235576923076922 0.6850961538461539 0.14903846153846154 0.10576923076923077
1 0.36177884615384615 0.6694711538461539 0.0889423076923077 0.08413461538461539
1 0.5048076923076923 0.7007211538461539 0.1622596153846154 0.1778846153846154
0 0.5216346153846154 0.5913461538461539 0.052884615384615384 0.038461538461538464
3 0.5973557692307693 0.6225961538461539 0.010817307692307692 0.04447115384615385
3 0.6574519230769231 0.6189903846153846 0.009615384615384616 0.03125
3 0.6658653846153846 0.6177884615384616 0.006009615384615385 0.03365384615384615
3 0.7223557692307693 0.6334134615384616 0.020432692307692308 0.09134615384615384
3 0.7019230769230769 0.6286057692307693 0.021634615384615384 0.078125
1 0.9290865384615384 0.6213942307692307 0.06971153846153846 0.07451923076923077
4 0.9627403846153846 0.5841346153846154 0.07211538461538461 0.109375
3 0.8425480769230769 0.5973557692307693 0.010817307692307692 0.038461538461538464