1 0.12860576923076922 0.7872596153846154 0.25600961538461536 0.30528846153846156
1 0.2620192307692308 0.7055288461538461 0.16706730769230768 0.1778846153846154
1 0.5637019230769231 0.6935096153846154 0.17067307692307693 0.1875
1 0.8978365384615384 0.6646634615384616 0.20192307692307693 0.23197115384615385
1 0.4411057692307692 0.6490384615384616 0.08413461538461539 0.11177884615384616
1 0.36778846153846156 0.6418269230769231 0.06850961538461539 0.07211538461538461
0 0.5432692307692307 0.5697115384615384 0.08774038461538461 0.0625
3 0.8161057692307693 0.609375 0.025240384615384616 0.06610576923076923
3 0.6574519230769231 0.6165865384615384 0.015625 0.06850961538461539
3 0.7247596153846154 0.6069711538461539 0.010817307692307692 0.04927884615384615
1 0.23317307692307693 0.625 0.1466346153846154 0.05048076923076923
1 0.32211538461538464 0.6346153846153846 0.03485576923076923 0.05048076923076923
0 0.47115384615384615 0.5925480769230769 0.04567307692307692 0.052884615384615384