1 0.43149038461538464 0.7379807692307693 0.25600961538461536 0.2776442307692308
1 0.04447115384615385 0.7367788461538461 0.0889423076923077 0.35697115384615385
1 0.2512019230769231 0.6742788461538461 0.11899038461538461 0.12259615384615384
1 0.09014423076923077 0.6814903846153846 0.0829326923076923 0.11778846153846154
1 0.1778846153846154 0.6586538461538461 0.08413461538461539 0.09134615384615384
1 0.3112980769230769 0.6454326923076923 0.08413461538461539 0.09975961538461539
3 0.6466346153846154 0.6117788461538461 0.01201923076923077 0.04447115384615385
3 0.5877403846153846 0.6322115384615384 0.030048076923076924 0.04927884615384615
0 0.44591346153846156 0.5721153846153846 0.12620192307692307 0.125
3 0.5480769230769231 0.6237980769230769 0.02403846153846154 0.03365384615384615
3 0.7427884615384616 0.5997596153846154 0.02403846153846154 0.038461538461538464