0 0.4891826923076923 0.5913461538461539 0.11538461538461539 0.1622596153846154
1 0.03125 0.6887019230769231 0.0625 0.1622596153846154
1 0.15264423076923078 0.7019230769230769 0.21754807692307693 0.27524038461538464
1 0.2620192307692308 0.6634615384615384 0.056490384615384616 0.09375
1 0.33653846153846156 0.6694711538461539 0.09975961538461539 0.10576923076923077
1 0.38461538461538464 0.6430288461538461 0.0733173076923077 0.09134615384615384
1 0.5348557692307693 0.7379807692307693 0.2403846153846154 0.265625
3 0.9411057692307693 0.6322115384615384 0.05048076923076923 0.1466346153846154
3 0.8653846153846154 0.609375 0.02403846153846154 0.06971153846153846
3 0.8245192307692307 0.6177884615384616 0.02403846153846154 0.07451923076923077
2 0.6201923076923077 0.6286057692307693 0.025240384615384616 0.05889423076923077
2 0.6670673076923077 0.6418269230769231 0.03125 0.08774038461538461
2 0.7632211538461539 0.6334134615384616 0.055288461538461536 0.09134615384615384
2 0.8822115384615384 0.6670673076923077 0.07211538461538461 0.14302884615384615