1 0.039663461538461536 0.6478365384615384 0.04567307692307692 0.056490384615384616
1 0.09615384615384616 0.6586538461538461 0.07932692307692307 0.08413461538461539
0 0.09975961538461539 0.6105769230769231 0.08173076923076923 0.12740384615384615
2 0.390625 0.6802884615384616 0.0625 0.18509615384615385
3 0.5456730769230769 0.6225961538461539 0.03245192307692308 0.10576923076923077
2 0.6694711538461539 0.6838942307692307 0.15745192307692307 0.22596153846153846
2 0.8004807692307693 0.6814903846153846 0.1658653846153846 0.21875
2 0.8521634615384616 0.6346153846153846 0.07932692307692307 0.19110576923076922
1 0.9519230769230769 0.578125 0.09254807692307693 0.09014423076923077
1 0.7283653846153846 0.5829326923076923 0.09495192307692307 0.04927884615384615
1 0.8425480769230769 0.5745192307692307 0.13221153846153846 0.055288461538461536
0 0.046875 0.5949519230769231 0.027644230769230768 0.04927884615384615