3 0.8966346153846154 0.6911057692307693 0.06129807692307692 0.19951923076923078
1 0.28846153846153844 0.7019230769230769 0.19831730769230768 0.16947115384615385
1 0.4375 0.6742788461538461 0.10336538461538461 0.09975961538461539
1 0.49038461538461536 0.6586538461538461 0.078125 0.078125
1 0.6081730769230769 0.6394230769230769 0.05889423076923077 0.06850961538461539
1 0.13341346153846154 0.6586538461538461 0.18028846153846154 0.09134615384615384
1 0.057692307692307696 0.6730769230769231 0.11538461538461539 0.09975961538461539
3 0.53125 0.6322115384615384 0.01201923076923077 0.04927884615384615
3 0.5408653846153846 0.625 0.010817307692307692 0.03485576923076923
3 0.5528846153846154 0.6262019230769231 0.01201923076923077 0.037259615384615384
4 0.7091346153846154 0.6225961538461539 0.0733173076923077 0.09014423076923077