4 0.8966346153846154 0.6526442307692307 0.20432692307692307 0.3245192307692308
1 0.7439903846153846 0.6478365384615384 0.08173076923076923 0.09134615384615384
1 0.5769230769230769 0.6346153846153846 0.05048076923076923 0.05048076923076923
1 0.5300480769230769 0.6346153846153846 0.042067307692307696 0.038461538461538464
1 0.06129807692307692 0.6742788461538461 0.12139423076923077 0.10576923076923077
1 0.1875 0.6911057692307693 0.1502403846153846 0.12860576923076922
3 0.28966346153846156 0.6778846153846154 0.042067307692307696 0.13221153846153846
1 0.34975961538461536 0.6574519230769231 0.07211538461538461 0.07211538461538461
1 0.3942307692307692 0.6502403846153846 0.046875 0.05889423076923077
3 0.46033653846153844 0.6322115384615384 0.010817307692307692 0.052884615384615384
3 0.4879807692307692 0.6298076923076923 0.010817307692307692 0.04927884615384615
1 0.6418269230769231 0.6334134615384616 0.04567307692307692 0.056490384615384616
1 0.07091346153846154 0.625 0.14182692307692307 0.078125
1 0.6911057692307693 0.6346153846153846 0.05048076923076923 0.06610576923076923