1 0.11778846153846154 0.6826923076923077 0.15625 0.1310096153846154
1 0.22596153846153846 0.6622596153846154 0.08413461538461539 0.09014423076923077
3 0.3449519230769231 0.6322115384615384 0.015625 0.06850961538461539
1 0.39302884615384615 0.6466346153846154 0.06971153846153846 0.06971153846153846
1 0.5132211538461539 0.6382211538461539 0.06370192307692307 0.06610576923076923
1 0.46153846153846156 0.6286057692307693 0.042067307692307696 0.046875
1 0.5997596153846154 0.6382211538461539 0.06971153846153846 0.07451923076923077
1 0.6959134615384616 0.6490384615384616 0.10817307692307693 0.10576923076923077
1 0.8449519230769231 0.6899038461538461 0.18629807692307693 0.171875
1 0.2439903846153846 0.6322115384615384 0.13221153846153846 0.0625
3 0.23557692307692307 0.6069711538461539 0.016826923076923076 0.021634615384615384