1 0.14182692307692307 0.7283653846153846 0.234375 0.19951923076923078
1 0.7932692307692307 0.6850961538461539 0.22956730769230768 0.21634615384615385
1 0.47836538461538464 0.6550480769230769 0.08413461538461539 0.09975961538461539
1 0.3713942307692308 0.6634615384615384 0.0829326923076923 0.08413461538461539
1 0.59375 0.6742788461538461 0.11298076923076923 0.12259615384615384
1 0.6658653846153846 0.6814903846153846 0.09975961538461539 0.14423076923076922
1 0.5769230769230769 0.6418269230769231 0.08774038461538461 0.10697115384615384
3 0.22716346153846154 0.6430288461538461 0.03245192307692308 0.08052884615384616
2 0.31490384615384615 0.6526442307692307 0.030048076923076924 0.08653846153846154
3 0.038461538461538464 0.6646634615384616 0.03245192307692308 0.1346153846153846
1 0.25 0.6490384615384616 0.09375 0.09735576923076923
1 0.4254807692307692 0.6334134615384616 0.036057692307692304 0.04927884615384615