1 0.27163461538461536 0.75 0.21754807692307693 0.22235576923076922
1 0.5516826923076923 0.6899038461538461 0.14423076923076922 0.1346153846153846
3 0.59375 0.6911057692307693 0.040865384615384616 0.125
1 0.9134615384615384 0.7896634615384616 0.16826923076923078 0.32211538461538464
1 0.7740384615384616 0.7463942307692307 0.24879807692307693 0.23798076923076922
1 0.38100961538461536 0.6899038461538461 0.09014423076923077 0.109375
1 0.05048076923076923 0.7007211538461539 0.10096153846153846 0.125
1 0.6887019230769231 0.6634615384615384 0.1201923076923077 0.16346153846153846
1 0.42788461538461536 0.6742788461538461 0.055288461538461536 0.08173076923076923
3 0.16826923076923078 0.6947115384615384 0.040865384615384616 0.1466346153846154
1 0.09735576923076923 0.6790865384615384 0.109375 0.09134615384615384
1 0.4579326923076923 0.65625 0.040865384615384616 0.06971153846153846