1 0.5228365384615384 0.7019230769230769 0.18028846153846154 0.17427884615384615
3 0.6213942307692307 0.6850961538461539 0.057692307692307696 0.19110576923076922
1 0.8497596153846154 0.7788461538461539 0.2980769230769231 0.35096153846153844
1 0.7439903846153846 0.7055288461538461 0.18870192307692307 0.2091346153846154
1 0.2512019230769231 0.7103365384615384 0.1622596153846154 0.1502403846153846
1 0.3485576923076923 0.6742788461538461 0.08774038461538461 0.09735576923076923
1 0.39903846153846156 0.6538461538461539 0.06610576923076923 0.09014423076923077
1 0.0889423076923077 0.6899038461538461 0.140625 0.17427884615384615
3 0.02403846153846154 0.6923076923076923 0.04807692307692308 0.1971153846153846
1 0.18269230769230768 0.6694711538461539 0.05889423076923077 0.08052884615384616
3 0.27524038461538464 0.6201923076923077 0.02403846153846154 0.03365384615384615
1 0.4362980769230769 0.6394230769230769 0.030048076923076924 0.06009615384615385