1 0.9302884615384616 0.7175480769230769 0.13581730769230768 0.39663461538461536
1 0.8209134615384616 0.7115384615384616 0.23918269230769232 0.24278846153846154
1 0.6646634615384616 0.6754807692307693 0.17307692307692307 0.17548076923076922
1 0.5072115384615384 0.6526442307692307 0.1346153846153846 0.11298076923076923
1 0.3161057692307692 0.6826923076923077 0.13581730769230768 0.13822115384615385
1 0.05889423076923077 0.6682692307692307 0.11778846153846154 0.10576923076923077
3 0.17668269230769232 0.6526442307692307 0.040865384615384616 0.125
1 0.3786057692307692 0.6478365384615384 0.055288461538461536 0.08413461538461539
1 0.4254807692307692 0.6237980769230769 0.038461538461538464 0.06490384615384616
1 0.20432692307692307 0.6490384615384616 0.09735576923076923 0.11538461538461539
3 0.2704326923076923 0.6370192307692307 0.027644230769230768 0.06610576923076923
3 0.3004807692307692 0.6021634615384616 0.020432692307692308 0.025240384615384616