1 0.03485576923076923 0.6646634615384616 0.06850961538461539 0.10336538461538461
1 0.14423076923076922 0.6730769230769231 0.20192307692307693 0.11899038461538461
2 0.26322115384615385 0.6670673076923077 0.03245192307692308 0.07572115384615384
2 0.30288461538461536 0.6862980769230769 0.04567307692307692 0.10697115384615384
1 0.3701923076923077 0.6622596153846154 0.05889423076923077 0.06610576923076923
1 0.47716346153846156 0.6814903846153846 0.09254807692307693 0.10576923076923077
1 0.5516826923076923 0.6514423076923077 0.037259615384615384 0.04447115384615385
1 0.6177884615384616 0.6610576923076923 0.078125 0.10336538461538461
1 0.6586538461538461 0.6802884615384616 0.07932692307692307 0.10096153846153846
1 0.7475961538461539 0.6586538461538461 0.11778846153846154 0.13701923076923078
1 0.9038461538461539 0.7692307692307693 0.18870192307692307 0.3125
1 0.5709134615384616 0.6550480769230769 0.030048076923076924 0.07572115384615384