1 0.5552884615384616 0.6634615384615384 0.09735576923076923 0.11298076923076923
1 0.08774038461538461 0.6802884615384616 0.15745192307692307 0.20552884615384615
1 0.23317307692307693 0.6754807692307693 0.14543269230769232 0.13701923076923078
1 0.3605769230769231 0.6382211538461539 0.11899038461538461 0.07211538461538461
2 0.44711538461538464 0.6394230769230769 0.025240384615384616 0.056490384615384616
2 0.4050480769230769 0.6454326923076923 0.027644230769230768 0.06009615384615385
1 0.5024038461538461 0.6274038461538461 0.036057692307692304 0.037259615384615384
1 0.9314903846153846 0.6490384615384616 0.13221153846153846 0.46634615384615385
1 0.8161057692307693 0.6875 0.0985576923076923 0.14903846153846154
1 0.7692307692307693 0.6754807692307693 0.08774038461538461 0.12139423076923077
1 0.7235576923076923 0.6622596153846154 0.07451923076923077 0.10576923076923077
2 0.055288461538461536 0.7620192307692307 0.109375 0.3629807692307692
1 0.671875 0.6454326923076923 0.04326923076923077 0.06009615384615385
1 0.8545673076923077 0.7103365384615384 0.06610576923076923 0.17427884615384615