1 0.12379807692307693 0.6670673076923077 0.19831730769230768 0.15865384615384615
1 0.3016826923076923 0.6201923076923077 0.12860576923076922 0.07572115384615384
2 0.38100961538461536 0.6274038461538461 0.026442307692307692 0.06610576923076923
2 0.4050480769230769 0.6237980769230769 0.020432692307692308 0.06009615384615385
1 0.45072115384615385 0.6153846153846154 0.036057692307692304 0.03485576923076923
1 0.5168269230769231 0.6430288461538461 0.09014423076923077 0.09735576923076923
1 0.9266826923076923 0.7367788461538461 0.14423076923076922 0.2848557692307692
1 0.8569711538461539 0.6899038461538461 0.18028846153846154 0.18389423076923078
1 0.7668269230769231 0.6694711538461539 0.11778846153846154 0.140625
1 0.7043269230769231 0.6514423076923077 0.08774038461538461 0.11538461538461539
1 0.6370192307692307 0.6274038461538461 0.04567307692307692 0.06009615384615385
1 0.6129807692307693 0.6177884615384616 0.052884615384615384 0.06971153846153846