1 0.07211538461538461 0.7007211538461539 0.14423076923076922 0.19951923076923078
1 0.1814903846153846 0.6298076923076923 0.09375 0.08052884615384616
1 0.2620192307692308 0.6382211538461539 0.13942307692307693 0.08413461538461539
2 0.3545673076923077 0.6418269230769231 0.03485576923076923 0.06850961538461539
2 0.3894230769230769 0.640625 0.03125 0.06610576923076923
1 0.4206730769230769 0.6274038461538461 0.038461538461538464 0.046875
1 0.5012019230769231 0.6586538461538461 0.0889423076923077 0.09615384615384616
1 0.90625 0.7211538461538461 0.18389423076923078 0.24759615384615385
1 0.8052884615384616 0.6923076923076923 0.16105769230769232 0.17427884615384615
1 0.7151442307692307 0.6694711538461539 0.10817307692307693 0.1346153846153846
1 0.6237980769230769 0.6430288461538461 0.05048076923076923 0.06971153846153846
1 0.59375 0.6286057692307693 0.06850961538461539 0.07451923076923077
1 0.13341346153846154 0.6538461538461539 0.06129807692307692 0.09134615384615384
1 0.453125 0.625 0.027644230769230768 0.027644230769230768