1 0.4723557692307692 0.6814903846153846 0.12379807692307693 0.13221153846153846
3 0.12379807692307693 0.6923076923076923 0.051682692307692304 0.17427884615384615
2 0.31971153846153844 0.6694711538461539 0.052884615384615384 0.109375
1 0.7439903846153846 0.6382211538461539 0.23076923076923078 0.26802884615384615
1 0.2608173076923077 0.6634615384615384 0.10576923076923077 0.11899038461538461
1 0.15985576923076922 0.6694711538461539 0.13221153846153846 0.140625
1 0.8377403846153846 0.71875 0.21514423076923078 0.24278846153846154
1 0.9050480769230769 0.8052884615384616 0.18629807692307693 0.3870192307692308
1 0.6009615384615384 0.6478365384615384 0.046875 0.07572115384615384
1 0.5817307692307693 0.6382211538461539 0.030048076923076924 0.055288461538461536
1 0.6177884615384616 0.65625 0.027644230769230768 0.08173076923076923
1 0.3473557692307692 0.6382211538461539 0.06971153846153846 0.0625
4 0.04326923076923077 0.6225961538461539 0.08653846153846154 0.1310096153846154