1 0.1310096153846154 0.7776442307692307 0.2608173076923077 0.2692307692307692
1 0.8870192307692307 0.7415865384615384 0.22235576923076922 0.28365384615384615
1 0.41225961538461536 0.6959134615384616 0.10817307692307693 0.10697115384615384
1 0.5817307692307693 0.6862980769230769 0.07692307692307693 0.08413461538461539
1 0.7067307692307693 0.6911057692307693 0.09375 0.08173076923076923
2 0.3473557692307692 0.6947115384615384 0.027644230769230768 0.07572115384615384
1 0.47836538461538464 0.6899038461538461 0.05048076923076923 0.06971153846153846
1 0.7788461538461539 0.7223557692307693 0.0733173076923077 0.16346153846153846
1 0.6634615384615384 0.6766826923076923 0.05889423076923077 0.08413461538461539
1 0.5240384615384616 0.6658653846153846 0.042067307692307696 0.03485576923076923
1 0.31490384615384615 0.6802884615384616 0.04807692307692308 0.04927884615384615