1 0.25600961538461536 0.6790865384615384 0.1310096153846154 0.12740384615384615
1 0.09375 0.6358173076923077 0.08774038461538461 0.06009615384615385
1 0.11177884615384616 0.6298076923076923 0.0985576923076923 0.06850961538461539
1 0.4050480769230769 0.6322115384615384 0.05048076923076923 0.056490384615384616
1 0.4723557692307692 0.6502403846153846 0.0889423076923077 0.10096153846153846
1 0.32572115384615385 0.6322115384615384 0.042067307692307696 0.04326923076923077
1 0.5552884615384616 0.6322115384615384 0.051682692307692304 0.056490384615384616
1 0.5949519230769231 0.6346153846153846 0.06850961538461539 0.09735576923076923
1 0.6814903846153846 0.65625 0.12860576923076922 0.18028846153846154
1 0.7920673076923077 0.6947115384615384 0.18389423076923078 0.19471153846153846
1 0.9326923076923077 0.671875 0.1310096153846154 0.3125
1 0.025240384615384616 0.6838942307692307 0.05048076923076923 0.18990384615384615