1 0.9206730769230769 0.6742788461538461 0.15625 0.43509615384615385
1 0.7043269230769231 0.6382211538461539 0.2127403846153846 0.1814903846153846
1 0.2692307692307692 0.6298076923076923 0.13581730769230768 0.12740384615384615
1 0.38100961538461536 0.609375 0.06610576923076923 0.07451923076923077
1 0.49038461538461536 0.6165865384615384 0.0829326923076923 0.08413461538461539
1 0.5877403846153846 0.6177884615384616 0.0733173076923077 0.08173076923076923
1 0.11057692307692307 0.6153846153846154 0.10336538461538461 0.06971153846153846
1 0.02283653846153846 0.6105769230769231 0.04567307692307692 0.09615384615384616
1 0.06129807692307692 0.6117788461538461 0.05048076923076923 0.07572115384615384
1 0.42427884615384615 0.6057692307692307 0.030048076923076924 0.05889423076923077
1 0.3449519230769231 0.5985576923076923 0.030048076923076924 0.04447115384615385