1 0.05889423076923077 0.6754807692307693 0.11778846153846154 0.16826923076923078
1 0.3004807692307692 0.6778846153846154 0.10096153846153846 0.10096153846153846
2 0.25600961538461536 0.6538461538461539 0.026442307692307692 0.06850961538461539
1 0.375 0.6394230769230769 0.03485576923076923 0.037259615384615384
1 0.4254807692307692 0.6430288461538461 0.037259615384615384 0.04927884615384615
1 0.4795673076923077 0.6694711538461539 0.09014423076923077 0.10336538461538461
2 0.6129807692307693 0.7463942307692307 0.19951923076923078 0.23798076923076922
1 0.9002403846153846 0.6850961538461539 0.19471153846153846 0.265625
1 0.7463942307692307 0.7067307692307693 0.14182692307692307 0.16826923076923078
1 0.6646634615384616 0.6574519230769231 0.11057692307692307 0.1310096153846154
1 0.5600961538461539 0.6490384615384616 0.04807692307692308 0.052884615384615384
1 0.1466346153846154 0.6418269230769231 0.0889423076923077 0.06850961538461539