1 0.9242788461538461 0.7295673076923077 0.14903846153846154 0.37740384615384615
1 0.8377403846153846 0.7235576923076923 0.17067307692307693 0.24759615384615385
1 0.20673076923076922 0.6899038461538461 0.21394230769230768 0.18990384615384615
1 0.6778846153846154 0.6622596153846154 0.125 0.10576923076923077
1 0.3545673076923077 0.6634615384615384 0.09975961538461539 0.09615384615384616
1 0.5168269230769231 0.6502403846153846 0.0733173076923077 0.08173076923076923
1 0.04326923076923077 0.6586538461538461 0.08653846153846154 0.09735576923076923
1 0.09014423076923077 0.6490384615384616 0.11057692307692307 0.07211538461538461
1 0.44471153846153844 0.6274038461538461 0.04567307692307692 0.03485576923076923
1 0.4675480769230769 0.6225961538461539 0.02403846153846154 0.025240384615384616
3 0.3918269230769231 0.6189903846153846 0.009615384615384616 0.019230769230769232
2 0.421875 0.6262019230769231 0.01201923076923077 0.028846153846153848
1 0.6201923076923077 0.6466346153846154 0.06850961538461539 0.09735576923076923