1 0.05889423076923077 0.5168269230769231 0.11778846153846154 0.09975961538461539
1 0.14302884615384615 0.49759615384615385 0.0985576923076923 0.09014423076923077
1 0.20552884615384615 0.4987980769230769 0.051682692307692304 0.06850961538461539
1 0.2512019230769231 0.49278846153846156 0.05889423076923077 0.05889423076923077
1 0.2848557692307692 0.48197115384615385 0.042067307692307696 0.055288461538461536
1 0.3329326923076923 0.46875 0.040865384615384616 0.05048076923076923
1 0.4651442307692308 0.46033653846153844 0.020432692307692308 0.025240384615384616
1 0.49158653846153844 0.4579326923076923 0.020432692307692308 0.025240384615384616
1 0.5949519230769231 0.6322115384615384 0.3389423076923077 0.3473557692307692
1 0.9399038461538461 0.45072115384615385 0.11778846153846154 0.1310096153846154
1 0.9002403846153846 0.44471153846153844 0.11899038461538461 0.10697115384615384
1 0.7908653846153846 0.4254807692307692 0.046875 0.09014423076923077
1 0.7512019230769231 0.44471153846153844 0.040865384615384616 0.05048076923076923
1 0.36538461538461536 0.46875 0.030048076923076924 0.046875