1 0.5949519230769231 0.6322115384615384 0.3425480769230769 0.3473557692307692
1 0.9387019230769231 0.4495192307692308 0.11899038461538461 0.13221153846153846
1 0.46153846153846156 0.46274038461538464 0.02403846153846154 0.027644230769230768
0 0.4963942307692308 0.45552884615384615 0.020432692307692308 0.025240384615384616
1 0.056490384615384616 0.5168269230769231 0.11298076923076923 0.10096153846153846
1 0.14543269230769232 0.4987980769230769 0.08774038461538461 0.08774038461538461
1 0.203125 0.49759615384615385 0.05048076923076923 0.06490384615384616
1 0.25 0.49038461538461536 0.052884615384615384 0.0625
1 0.2848557692307692 0.4831730769230769 0.038461538461538464 0.056490384615384616
1 0.3317307692307692 0.4699519230769231 0.042067307692307696 0.052884615384615384
1 0.3605769230769231 0.4699519230769231 0.026442307692307692 0.04447115384615385
1 0.8221153846153846 0.43149038461538464 0.10817307692307693 0.109375