1 0.05889423076923077 0.515625 0.11778846153846154 0.10096153846153846
1 0.14302884615384615 0.4987980769230769 0.0985576923076923 0.09134615384615384
1 0.20552884615384615 0.49759615384615385 0.055288461538461536 0.06610576923076923
1 0.2512019230769231 0.49038461538461536 0.0625 0.05889423076923077
1 0.2848557692307692 0.4807692307692308 0.040865384615384616 0.055288461538461536
1 0.3317307692307692 0.4699519230769231 0.04326923076923077 0.052884615384615384
1 0.4855769230769231 0.46033653846153844 0.02403846153846154 0.025240384615384616
1 0.5949519230769231 0.6334134615384616 0.3401442307692308 0.34975961538461536
1 0.9387019230769231 0.44591346153846156 0.1201923076923077 0.12740384615384615
1 0.8978365384615384 0.44591346153846156 0.1141826923076923 0.10697115384615384
1 0.7908653846153846 0.4254807692307692 0.046875 0.09014423076923077
1 0.7512019230769231 0.44471153846153844 0.040865384615384616 0.04927884615384615
1 0.36538461538461536 0.4675480769230769 0.03485576923076923 0.04447115384615385