1 0.05889423076923077 0.515625 0.11778846153846154 0.09735576923076923
1 0.14423076923076922 0.49759615384615385 0.09375 0.09014423076923077
1 0.20432692307692307 0.49759615384615385 0.05048076923076923 0.06610576923076923
1 0.2512019230769231 0.49278846153846156 0.05889423076923077 0.06009615384615385
1 0.2824519230769231 0.4831730769230769 0.04567307692307692 0.056490384615384616
1 0.3317307692307692 0.46875 0.040865384615384616 0.05048076923076923
1 0.49399038461538464 0.45913461538461536 0.020432692307692308 0.02403846153846154
1 0.4651442307692308 0.46153846153846156 0.020432692307692308 0.02403846153846154
1 0.59375 0.6322115384615384 0.3401442307692308 0.35096153846153844
1 0.9387019230769231 0.4483173076923077 0.11899038461538461 0.12740384615384615
1 0.9002403846153846 0.44591346153846156 0.11899038461538461 0.11177884615384616
1 0.7884615384615384 0.42908653846153844 0.04326923076923077 0.09615384615384616
1 0.7512019230769231 0.44711538461538464 0.037259615384615384 0.055288461538461536
1 0.36658653846153844 0.46875 0.036057692307692304 0.04326923076923077