1 0.59375 0.640625 0.3401442307692308 0.3713942307692308
1 0.057692307692307696 0.515625 0.11538461538461539 0.10096153846153846
1 0.14302884615384615 0.5012019230769231 0.09495192307692307 0.09134615384615384
1 0.20673076923076922 0.49759615384615385 0.04807692307692308 0.06610576923076923
1 0.2512019230769231 0.49038461538461536 0.06129807692307692 0.0625
1 0.28846153846153844 0.48677884615384615 0.03245192307692308 0.05889423076923077
4 0.3317307692307692 0.47115384615384615 0.046875 0.052884615384615384
1 0.9783653846153846 0.45552884615384615 0.040865384615384616 0.12259615384615384
1 0.9387019230769231 0.45072115384615385 0.11899038461538461 0.13221153846153846
1 0.9014423076923077 0.44711538461538464 0.125 0.12139423076923077
1 0.8521634615384616 0.4362980769230769 0.15745192307692307 0.11177884615384616