1 0.59375 0.6358173076923077 0.34375 0.36177884615384615
1 0.05889423076923077 0.5168269230769231 0.11778846153846154 0.09975961538461539
1 0.14302884615384615 0.49759615384615385 0.0985576923076923 0.09014423076923077
1 0.20432692307692307 0.49759615384615385 0.052884615384615384 0.06850961538461539
1 0.2512019230769231 0.49158653846153844 0.06129807692307692 0.056490384615384616
1 0.2800480769230769 0.484375 0.052884615384615384 0.055288461538461536
1 0.3317307692307692 0.46875 0.04326923076923077 0.05048076923076923
1 0.4182692307692308 0.47475961538461536 0.04567307692307692 0.04326923076923077
3 0.4651442307692308 0.46153846153846156 0.009615384615384616 0.027644230769230768
3 0.47716346153846156 0.46033653846153844 0.007211538461538462 0.021634615384615384
1 0.9399038461538461 0.45072115384615385 0.11778846153846154 0.1310096153846154
1 0.3629807692307692 0.4675480769230769 0.026442307692307692 0.04447115384615385
1 0.8221153846153846 0.4338942307692308 0.10817307692307693 0.10096153846153846