1 0.5949519230769231 0.6442307692307693 0.3425480769230769 0.3713942307692308
1 0.3918269230769231 0.48197115384615385 0.05048076923076923 0.04927884615384615
1 0.05889423076923077 0.5180288461538461 0.11778846153846154 0.10096153846153846
1 0.14182692307692307 0.5 0.09735576923076923 0.09375
1 0.20552884615384615 0.49759615384615385 0.051682692307692304 0.06971153846153846
1 0.2512019230769231 0.4891826923076923 0.057692307692307696 0.06490384615384616
1 0.28846153846153844 0.484375 0.036057692307692304 0.05889423076923077
1 0.3317307692307692 0.4735576923076923 0.042067307692307696 0.06009615384615385
1 0.9783653846153846 0.4675480769230769 0.038461538461538464 0.10697115384615384
1 0.9387019230769231 0.45072115384615385 0.11899038461538461 0.12740384615384615
1 0.8497596153846154 0.4266826923076923 0.1622596153846154 0.09615384615384616
3 0.47596153846153844 0.46033653846153844 0.007211538461538462 0.021634615384615384