1 0.06009615384615385 0.515625 0.11778846153846154 0.09735576923076923
1 0.13942307692307693 0.5 0.10096153846153846 0.09375
1 0.20432692307692307 0.49759615384615385 0.05048076923076923 0.06610576923076923
1 0.25240384615384615 0.49038461538461536 0.06129807692307692 0.06610576923076923
1 0.3918269230769231 0.48197115384615385 0.04807692307692308 0.04927884615384615
1 0.5925480769230769 0.6490384615384616 0.3389423076923077 0.38221153846153844
4 0.3317307692307692 0.4723557692307692 0.042067307692307696 0.055288461538461536
3 0.47596153846153844 0.46153846153846156 0.010817307692307692 0.02403846153846154
1 0.9783653846153846 0.45072115384615385 0.040865384615384616 0.09375
1 0.9399038461538461 0.4495192307692308 0.11778846153846154 0.140625
1 0.90625 0.44471153846153844 0.1310096153846154 0.125
1 0.8521634615384616 0.43149038461538464 0.16105769230769232 0.10576923076923077