1 0.05889423076923077 0.5168269230769231 0.11778846153846154 0.10096153846153846
1 0.14182692307692307 0.5012019230769231 0.09735576923076923 0.09134615384615384
1 0.20432692307692307 0.49759615384615385 0.046875 0.06850961538461539
1 0.2512019230769231 0.49278846153846156 0.05889423076923077 0.0625
1 0.59375 0.6490384615384616 0.3401442307692308 0.38221153846153844
1 0.28725961538461536 0.484375 0.03485576923076923 0.05889423076923077
4 0.3317307692307692 0.47115384615384615 0.04807692307692308 0.052884615384615384
1 0.9783653846153846 0.46153846153846156 0.040865384615384616 0.09134615384615384
1 0.9387019230769231 0.4519230769230769 0.11899038461538461 0.1310096153846154
1 0.9134615384615384 0.45072115384615385 0.1502403846153846 0.11538461538461539
1 0.8497596153846154 0.4387019230769231 0.16346153846153846 0.11538461538461539