1 0.59375 0.6358173076923077 0.34375 0.36538461538461536
1 0.5408653846153846 0.45913461538461536 0.07932692307692307 0.05048076923076923
1 0.14783653846153846 0.4987980769230769 0.09495192307692307 0.09615384615384616
1 0.24879807692307693 0.4879807692307692 0.05889423076923077 0.06610576923076923
1 0.3329326923076923 0.4723557692307692 0.046875 0.0625
1 0.21153846153846154 0.4987980769230769 0.05889423076923077 0.06490384615384616
1 0.28966346153846156 0.4855769230769231 0.036057692307692304 0.052884615384615384
1 0.06129807692307692 0.5180288461538461 0.12139423076923077 0.10096153846153846
1 0.7908653846153846 0.43028846153846156 0.040865384615384616 0.109375
1 0.9194711538461539 0.44471153846153844 0.15745192307692307 0.12259615384615384
1 0.9387019230769231 0.45913461538461536 0.11899038461538461 0.12860576923076922