1 0.59375 0.6490384615384616 0.34375 0.38221153846153844
1 0.05889423076923077 0.5168269230769231 0.11778846153846154 0.10576923076923077
1 0.14543269230769232 0.5012019230769231 0.09375 0.09134615384615384
1 0.20432692307692307 0.4987980769230769 0.05048076923076923 0.06850961538461539
1 0.2512019230769231 0.49278846153846156 0.057692307692307696 0.0625
1 0.2800480769230769 0.4831730769230769 0.051682692307692304 0.056490384615384616
4 0.3317307692307692 0.47115384615384615 0.04567307692307692 0.055288461538461536
1 0.9783653846153846 0.46153846153846156 0.040865384615384616 0.09975961538461539
1 0.9387019230769231 0.44591346153846156 0.11899038461538461 0.12740384615384615
1 0.9098557692307693 0.44591346153846156 0.14182692307692307 0.11899038461538461
1 0.8509615384615384 0.43509615384615385 0.16826923076923078 0.109375