1 0.5949519230769231 0.6382211538461539 0.3425480769230769 0.359375
1 0.5408653846153846 0.46634615384615385 0.08173076923076923 0.06610576923076923
1 0.056490384615384616 0.5228365384615384 0.11298076923076923 0.10697115384615384
1 0.140625 0.5036057692307693 0.09735576923076923 0.09735576923076923
1 0.25240384615384615 0.49038461538461536 0.06129807692307692 0.05889423076923077
1 0.20673076923076922 0.5 0.052884615384615384 0.06610576923076923
1 0.28725961538461536 0.4831730769230769 0.03485576923076923 0.052884615384615384
1 0.3317307692307692 0.47115384615384615 0.04326923076923077 0.052884615384615384
1 0.7884615384615384 0.43509615384615385 0.038461538461538464 0.109375
1 0.9098557692307693 0.44591346153846156 0.13701923076923078 0.10697115384615384
1 0.9387019230769231 0.4519230769230769 0.11899038461538461 0.11538461538461539