1 0.13942307692307693 0.5 0.13221153846153846 0.14423076923076922
1 0.23317307692307693 0.49278846153846156 0.06971153846153846 0.10576923076923077
1 0.27283653846153844 0.49158653846153844 0.038461538461538464 0.09615384615384616
1 0.5024038461538461 0.4807692307692308 0.036057692307692304 0.038461538461538464
1 0.4567307692307692 0.47115384615384615 0.05889423076923077 0.028846153846153848
1 0.9507211538461539 0.5408653846153846 0.09495192307692307 0.25
1 0.8605769230769231 0.5372596153846154 0.1622596153846154 0.18389423076923078
1 0.7572115384615384 0.5180288461538461 0.12620192307692307 0.12860576923076922
1 0.6262019230769231 0.5 0.055288461538461536 0.07451923076923077
1 0.4026442307692308 0.4639423076923077 0.014423076923076924 0.021634615384615384
1 0.4206730769230769 0.46875 0.020432692307692308 0.03125