1 0.09254807692307693 0.5925480769230769 0.18389423076923078 0.24759615384615385
1 0.23197115384615385 0.5384615384615384 0.16706730769230768 0.1778846153846154
1 0.33052884615384615 0.5252403846153846 0.0733173076923077 0.11778846153846154
1 0.3894230769230769 0.5132211538461539 0.06971153846153846 0.09735576923076923
1 0.9519230769230769 0.5552884615384616 0.09375 0.171875
1 0.8798076923076923 0.5276442307692307 0.05889423076923077 0.13221153846153846
1 0.7644230769230769 0.49399038461538464 0.051682692307692304 0.08173076923076923
1 0.8100961538461539 0.5060096153846154 0.051682692307692304 0.10096153846153846
1 0.8401442307692307 0.5144230769230769 0.06129807692307692 0.10336538461538461
1 0.4579326923076923 0.4795673076923077 0.05048076923076923 0.07572115384615384
1 0.5769230769230769 0.4699519230769231 0.05889423076923077 0.03365384615384615
1 0.6346153846153846 0.46875 0.030048076923076924 0.03125
2 0.48197115384615385 0.5048076923076923 0.051682692307692304 0.11538461538461539