1 0.046875 0.5805288461538461 0.09375 0.24278846153846154
1 0.2439903846153846 0.5288461538461539 0.21394230769230768 0.1814903846153846
1 0.3870192307692308 0.49038461538461536 0.09495192307692307 0.11298076923076923
2 0.5408653846153846 0.4795673076923077 0.016826923076923076 0.052884615384615384
1 0.5612980769230769 0.47596153846153844 0.036057692307692304 0.046875
1 0.6237980769230769 0.46033653846153844 0.010817307692307692 0.013221153846153846
1 0.9302884615384616 0.6899038461538461 0.13581730769230768 0.4098557692307692
1 0.8173076923076923 0.5036057692307693 0.08774038461538461 0.09375
4 0.8016826923076923 0.47115384615384615 0.08413461538461539 0.12860576923076922
1 0.7439903846153846 0.47475961538461536 0.030048076923076924 0.07451923076923077
1 0.06610576923076923 0.5012019230769231 0.1310096153846154 0.09975961538461539
1 0.12860576923076922 0.4699519230769231 0.1310096153846154 0.06850961538461539