1 0.052884615384615384 0.5396634615384616 0.10576923076923077 0.15384615384615385
1 0.1658653846153846 0.5084134615384616 0.12860576923076922 0.11899038461538461
1 0.24278846153846154 0.4891826923076923 0.06370192307692307 0.08413461538461539
1 0.5769230769230769 0.5444711538461539 0.16706730769230768 0.15264423076923078
1 0.8701923076923077 0.5661057692307693 0.2127403846153846 0.25721153846153844
1 0.9543269230769231 0.5793269230769231 0.0889423076923077 0.35697115384615385
1 0.7596153846153846 0.5384615384615384 0.1346153846153846 0.18509615384615385
4 0.5661057692307693 0.44350961538461536 0.06129807692307692 0.05048076923076923
1 0.7055288461538461 0.4963942307692308 0.11778846153846154 0.15985576923076922
2 0.37259615384615385 0.4795673076923077 0.014423076923076924 0.040865384615384616
1 0.4026442307692308 0.47596153846153844 0.03125 0.03125
1 0.4483173076923077 0.46634615384615385 0.01201923076923077 0.01201923076923077