1 0.07692307692307693 0.5300480769230769 0.15384615384615385 0.18509615384615385
1 0.17067307692307693 0.5240384615384616 0.08653846153846154 0.12139423076923077
1 0.2403846153846154 0.5072115384615384 0.07692307692307693 0.08774038461538461
1 0.27163461538461536 0.49399038461538464 0.0673076923076923 0.08653846153846154
1 0.33413461538461536 0.4831730769230769 0.025240384615384616 0.056490384615384616
1 0.3581730769230769 0.47716346153846156 0.03125 0.04927884615384615
1 0.4206730769230769 0.4831730769230769 0.052884615384615384 0.052884615384615384
1 0.4567307692307692 0.46274038461538464 0.01201923076923077 0.015625
1 0.5324519230769231 0.48677884615384615 0.04807692307692308 0.055288461538461536
1 0.9555288461538461 0.5769230769230769 0.08653846153846154 0.18509615384615385
1 0.8653846153846154 0.5540865384615384 0.18629807692307693 0.1658653846153846
1 0.7644230769230769 0.5300480769230769 0.09014423076923077 0.1346153846153846
1 0.7295673076923077 0.5024038461538461 0.1346153846153846 0.12740384615384615
4 0.6706730769230769 0.4639423076923077 0.109375 0.1622596153846154
3 0.18870192307692307 0.45072115384615385 0.026442307692307692 0.028846153846153848
1 0.3088942307692308 0.4891826923076923 0.026442307692307692 0.07211538461538461
1 0.27163461538461536 0.4795673076923077 0.10817307692307693 0.08774038461538461