1 0.09975961538461539 0.578125 0.19831730769230768 0.24278846153846154
1 0.4963942307692308 0.5180288461538461 0.12980769230769232 0.1310096153846154
1 0.9230769230769231 0.6454326923076923 0.15144230769230768 0.36538461538461536
1 0.8137019230769231 0.5444711538461539 0.23557692307692307 0.27163461538461536
1 0.3918269230769231 0.4567307692307692 0.015625 0.015625
1 0.35697115384615385 0.46875 0.026442307692307692 0.02403846153846154
2 0.3233173076923077 0.4675480769230769 0.01201923076923077 0.037259615384615384
1 0.6045673076923077 0.48677884615384615 0.11538461538461539 0.13822115384615385
1 0.6911057692307693 0.5192307692307693 0.12139423076923077 0.19471153846153846
1 0.6237980769230769 0.5096153846153846 0.07211538461538461 0.14903846153846154
1 0.15985576923076922 0.4879807692307692 0.0889423076923077 0.08653846153846154
1 0.21153846153846154 0.47596153846153844 0.051682692307692304 0.08052884615384616
1 0.4987980769230769 0.4338942307692308 0.052884615384615384 0.04326923076923077
1 0.31971153846153844 0.4639423076923077 0.026442307692307692 0.03365384615384615