1 0.8185096153846154 0.5444711538461539 0.20192307692307693 0.16346153846153846
4 0.7439903846153846 0.48197115384615385 0.17548076923076922 0.21634615384615385
2 0.25721153846153844 0.5120192307692307 0.042067307692307696 0.11298076923076923
1 0.3004807692307692 0.5048076923076923 0.07451923076923077 0.08413461538461539
1 0.3317307692307692 0.4723557692307692 0.03245192307692308 0.04326923076923077
1 0.37259615384615385 0.46274038461538464 0.014423076923076924 0.019230769230769232
1 0.6057692307692307 0.48197115384615385 0.0673076923076923 0.09014423076923077
1 0.38100961538461536 0.4639423076923077 0.01201923076923077 0.021634615384615384
1 0.41346153846153844 0.46153846153846156 0.01201923076923077 0.009615384615384616
1 0.042067307692307696 0.5348557692307693 0.08413461538461539 0.20673076923076922
1 0.5588942307692307 0.4879807692307692 0.03245192307692308 0.06610576923076923
1 0.6213942307692307 0.5024038461538461 0.040865384615384616 0.09014423076923077