1 0.07932692307692307 0.5288461538461539 0.15745192307692307 0.18389423076923078
1 0.9098557692307693 0.5492788461538461 0.17668269230769232 0.1814903846153846
1 0.8064903846153846 0.5240384615384616 0.12860576923076922 0.13822115384615385
1 0.7536057692307693 0.5096153846153846 0.06971153846153846 0.109375
1 0.7127403846153846 0.4963942307692308 0.06850961538461539 0.09014423076923077
3 0.6322115384615384 0.4795673076923077 0.019230769230769232 0.06009615384615385
1 0.5793269230769231 0.4735576923076923 0.051682692307692304 0.056490384615384616
1 0.6586538461538461 0.48197115384615385 0.06129807692307692 0.05889423076923077
1 0.5588942307692307 0.47115384615384615 0.03125 0.04326923076923077
1 0.22716346153846154 0.47115384615384615 0.1045673076923077 0.04326923076923077
1 0.2764423076923077 0.46634615384615385 0.0625 0.04447115384615385