1 0.056490384615384616 0.5432692307692307 0.11298076923076923 0.140625
1 0.15865384615384615 0.5252403846153846 0.12620192307692307 0.11298076923076923
1 0.2776442307692308 0.5072115384615384 0.10336538461538461 0.078125
1 0.3629807692307692 0.49759615384615385 0.06370192307692307 0.06490384615384616
1 0.9050480769230769 0.5204326923076923 0.14182692307692307 0.10697115384615384
1 0.8245192307692307 0.515625 0.057692307692307696 0.09375
1 0.7824519230769231 0.5060096153846154 0.05889423076923077 0.08173076923076923
1 0.7668269230769231 0.5 0.06850961538461539 0.08653846153846154
1 0.40625 0.49278846153846156 0.037259615384615384 0.055288461538461536
1 0.4326923076923077 0.4723557692307692 0.056490384615384616 0.07451923076923077
1 0.5528846153846154 0.48197115384615385 0.046875 0.04447115384615385