1 0.11298076923076923 0.5204326923076923 0.12620192307692307 0.08413461538461539
1 0.2091346153846154 0.5060096153846154 0.078125 0.06610576923076923
1 0.2644230769230769 0.49759615384615385 0.046875 0.05889423076923077
1 0.4182692307692308 0.48677884615384615 0.04567307692307692 0.052884615384615384
1 0.8545673076923077 0.5336538461538461 0.16826923076923078 0.13701923076923078
1 0.7596153846153846 0.5240384615384616 0.09495192307692307 0.109375
1 0.6971153846153846 0.5132211538461539 0.07692307692307693 0.09735576923076923
1 0.671875 0.5024038461538461 0.078125 0.08774038461538461
1 0.625 0.49759615384615385 0.040865384615384616 0.06610576923076923
1 0.29086538461538464 0.47596153846153844 0.06610576923076923 0.08173076923076923
1 0.5949519230769231 0.48677884615384615 0.03245192307692308 0.05048076923076923
1 0.33653846153846156 0.4879807692307692 0.026442307692307692 0.04326923076923077
1 0.4495192307692308 0.48197115384615385 0.026442307692307692 0.037259615384615384