1 0.03365384615384615 0.5108173076923077 0.0673076923076923 0.1310096153846154
4 0.07572115384615384 0.48677884615384615 0.11778846153846154 0.1502403846153846
1 0.15144230769230768 0.5024038461538461 0.03485576923076923 0.06850961538461539
1 0.17548076923076922 0.5 0.042067307692307696 0.06971153846153846
1 0.21033653846153846 0.49759615384615385 0.03245192307692308 0.05889423076923077
1 0.2247596153846154 0.4879807692307692 0.03485576923076923 0.05048076923076923
1 0.29447115384615385 0.5024038461538461 0.09495192307692307 0.08413461538461539
4 0.49399038461538464 0.46875 0.038461538461538464 0.078125
1 0.9375 0.578125 0.12139423076923077 0.2536057692307692
1 0.8245192307692307 0.5408653846153846 0.19110576923076922 0.15625
1 0.7331730769230769 0.5192307692307693 0.11057692307692307 0.11778846153846154
1 0.6838942307692307 0.5084134615384616 0.07211538461538461 0.09975961538461539
1 0.6502403846153846 0.4963942307692308 0.08173076923076923 0.09375
1 0.6213942307692307 0.48197115384615385 0.0625 0.08173076923076923
1 0.5829326923076923 0.48677884615384615 0.03485576923076923 0.06009615384615385