1 0.025240384615384616 0.53125 0.05048076923076923 0.1201923076923077
1 0.07091346153846154 0.5192307692307693 0.0889423076923077 0.09014423076923077
1 0.11538461538461539 0.5036057692307693 0.0733173076923077 0.07451923076923077
1 0.1502403846153846 0.4879807692307692 0.07211538461538461 0.08653846153846154
4 0.18389423076923078 0.47115384615384615 0.06971153846153846 0.10096153846153846
1 0.28725961538461536 0.49759615384615385 0.09375 0.08653846153846154
1 0.3641826923076923 0.48197115384615385 0.052884615384615384 0.052884615384615384
1 0.39663461538461536 0.47115384615384615 0.02403846153846154 0.025240384615384616
1 0.4375 0.47115384615384615 0.040865384615384616 0.02403846153846154
4 0.48677884615384615 0.4651442307692308 0.038461538461538464 0.0625
1 0.8978365384615384 0.5685096153846154 0.19471153846153846 0.21514423076923078
1 0.7824519230769231 0.5216346153846154 0.16346153846153846 0.15264423076923078
1 0.7019230769230769 0.5096153846153846 0.0673076923076923 0.11778846153846154
1 0.6502403846153846 0.5048076923076923 0.06971153846153846 0.09615384615384616
1 0.6225961538461539 0.49759615384615385 0.042067307692307696 0.07572115384615384
1 0.6009615384615384 0.49278846153846156 0.030048076923076924 0.06971153846153846
1 0.5913461538461539 0.48677884615384615 0.055288461538461536 0.07451923076923077