1 0.06370192307692307 0.5144230769230769 0.1201923076923077 0.12740384615384615
1 0.1346153846153846 0.515625 0.08173076923076923 0.09735576923076923
1 0.18509615384615385 0.5048076923076923 0.06971153846153846 0.07572115384615384
1 0.2620192307692308 0.49759615384615385 0.08653846153846154 0.09134615384615384
1 0.33774038461538464 0.47716346153846156 0.051682692307692304 0.06009615384615385
1 0.390625 0.4723557692307692 0.052884615384615384 0.038461538461538464
1 0.48197115384615385 0.47596153846153844 0.11057692307692307 0.052884615384615384
1 0.9122596153846154 0.5180288461538461 0.171875 0.19471153846153846
1 0.8209134615384616 0.515625 0.1141826923076923 0.13221153846153846
1 0.6838942307692307 0.5216346153846154 0.13942307692307693 0.13701923076923078
1 0.5576923076923077 0.47596153846153844 0.05048076923076923 0.0625
1 0.78125 0.46634615384615385 0.10576923076923077 0.06850961538461539