1 0.921875 0.5600961538461539 0.15264423076923078 0.2127403846153846
1 0.7644230769230769 0.5108173076923077 0.14423076923076922 0.10697115384615384
1 0.6959134615384616 0.5024038461538461 0.07932692307692307 0.09975961538461539
1 0.6706730769230769 0.49038461538461536 0.08173076923076923 0.09014423076923077
1 0.5901442307692307 0.4987980769230769 0.08653846153846154 0.09134615384615384
1 0.037259615384615384 0.5336538461538461 0.07451923076923077 0.11298076923076923
1 0.09014423076923077 0.5048076923076923 0.10817307692307693 0.11538461538461539
1 0.15745192307692307 0.4987980769230769 0.04807692307692308 0.08052884615384616
1 0.20793269230769232 0.5072115384615384 0.09014423076923077 0.09134615384615384
1 0.2704326923076923 0.48677884615384615 0.056490384615384616 0.06490384615384616
2 0.328125 0.484375 0.025240384615384616 0.06610576923076923
1 0.453125 0.49278846153846156 0.15264423076923078 0.07572115384615384
1 0.9266826923076923 0.4807692307692308 0.14423076923076922 0.13701923076923078
1 0.32572115384615385 0.48677884615384615 0.055288461538461536 0.052884615384615384
1 0.35336538461538464 0.48197115384615385 0.03125 0.04447115384615385