1 0.038461538461538464 0.5276442307692307 0.07692307692307693 0.10817307692307693
1 0.09014423076923077 0.5132211538461539 0.07932692307692307 0.09375
1 0.14182692307692307 0.5132211538461539 0.06850961538461539 0.08413461538461539
1 0.17668269230769232 0.5048076923076923 0.046875 0.06850961538461539
1 0.19831730769230768 0.49399038461538464 0.06610576923076923 0.06971153846153846
1 0.23677884615384615 0.49399038461538464 0.038461538461538464 0.0625
1 0.2620192307692308 0.49038461538461536 0.038461538461538464 0.046875
1 0.35096153846153844 0.48197115384615385 0.03485576923076923 0.040865384615384616
1 0.4170673076923077 0.47475961538461536 0.027644230769230768 0.03485576923076923
1 0.44350961538461536 0.47596153846153844 0.019230769230769232 0.028846153846153848
4 0.5396634615384616 0.46634615384615385 0.06971153846153846 0.10576923076923077
1 0.4951923076923077 0.48197115384615385 0.021634615384615384 0.040865384615384616
1 0.9387019230769231 0.5757211538461539 0.11899038461538461 0.27163461538461536
1 0.8473557692307693 0.5204326923076923 0.17307692307692307 0.20552884615384615
1 0.7307692307692307 0.5216346153846154 0.09495192307692307 0.11298076923076923
1 0.6862980769230769 0.5096153846153846 0.052884615384615384 0.09375
1 0.6550480769230769 0.4987980769230769 0.055288461538461536 0.08413461538461539