1 0.09735576923076923 0.5264423076923077 0.171875 0.14302884615384615
1 0.17908653846153846 0.48677884615384615 0.07932692307692307 0.09375
1 0.2704326923076923 0.49158653846153844 0.06850961538461539 0.07572115384615384
1 0.4495192307692308 0.48197115384615385 0.140625 0.06009615384615385
1 0.5841346153846154 0.484375 0.06971153846153846 0.07451923076923077
1 0.3581730769230769 0.47716346153846156 0.057692307692307696 0.04447115384615385
1 0.3088942307692308 0.47475961538461536 0.04567307692307692 0.055288461538461536
1 0.8221153846153846 0.5180288461538461 0.16826923076923078 0.13822115384615385
1 0.9507211538461539 0.6490384615384616 0.09495192307692307 0.33774038461538464
1 0.7091346153846154 0.4951923076923077 0.10336538461538461 0.09134615384615384
1 0.6550480769230769 0.4807692307692308 0.06850961538461539 0.08173076923076923
1 0.6634615384615384 0.484375 0.057692307692307696 0.07451923076923077
1 0.9170673076923077 0.46634615384615385 0.1622596153846154 0.09375