4 0.6850961538461539 0.48197115384615385 0.16346153846153846 0.22235576923076922
1 0.04567307692307692 0.53125 0.0889423076923077 0.15625
1 0.11538461538461539 0.5264423076923077 0.09014423076923077 0.11177884615384616
1 0.1814903846153846 0.5180288461538461 0.09014423076923077 0.09014423076923077
1 0.2247596153846154 0.5108173076923077 0.05889423076923077 0.08413461538461539
1 0.2668269230769231 0.4987980769230769 0.06610576923076923 0.08413461538461539
1 0.35336538461538464 0.49038461538461536 0.052884615384615384 0.06610576923076923
1 0.3894230769230769 0.48197115384615385 0.038461538461538464 0.05889423076923077
1 0.9411057692307693 0.5384615384615384 0.11538461538461539 0.24278846153846154
1 0.8509615384615384 0.5348557692307693 0.1466346153846154 0.15264423076923078
1 0.578125 0.49278846153846156 0.056490384615384616 0.07451923076923077
1 0.49158653846153844 0.47836538461538464 0.06971153846153846 0.038461538461538464
1 0.5408653846153846 0.47596153846153844 0.042067307692307696 0.055288461538461536
1 0.7980769230769231 0.5060096153846154 0.11778846153846154 0.140625
3 0.41586538461538464 0.4795673076923077 0.010817307692307692 0.037259615384615384
3 0.4338942307692308 0.48197115384615385 0.016826923076923076 0.038461538461538464
3 0.4495192307692308 0.48197115384615385 0.016826923076923076 0.046875