1 0.02403846153846154 0.5396634615384616 0.04807692307692308 0.14302884615384615
1 0.07211538461538461 0.5168269230769231 0.09975961538461539 0.09975961538461539
1 0.1141826923076923 0.4951923076923077 0.08774038461538461 0.11177884615384616
1 0.17307692307692307 0.4891826923076923 0.06370192307692307 0.09615384615384616
1 0.45913461538461536 0.5072115384615384 0.11298076923076923 0.10697115384615384
1 0.9362980769230769 0.5240384615384616 0.125 0.24759615384615385
1 0.8497596153846154 0.5024038461538461 0.15745192307692307 0.18990384615384615
1 0.6887019230769231 0.5132211538461539 0.16346153846153846 0.125
1 0.22235576923076922 0.4951923076923077 0.05889423076923077 0.06490384615384616
1 0.6322115384615384 0.4735576923076923 0.06370192307692307 0.07572115384615384
1 0.5925480769230769 0.48197115384615385 0.042067307692307696 0.0625
1 0.5709134615384616 0.47716346153846156 0.036057692307692304 0.056490384615384616
3 0.37740384615384615 0.4651442307692308 0.010817307692307692 0.038461538461538464
3 0.38822115384615385 0.4639423076923077 0.010817307692307692 0.040865384615384616