1 0.06129807692307692 0.5516826923076923 0.12259615384615384 0.1658653846153846
1 0.09735576923076923 0.5132211538461539 0.09014423076923077 0.10697115384615384
1 0.4567307692307692 0.5072115384615384 0.11057692307692307 0.10576923076923077
1 0.9026442307692307 0.5360576923076923 0.19230769230769232 0.16947115384615385
1 0.8209134615384616 0.5060096153846154 0.15745192307692307 0.16826923076923078
1 0.7427884615384616 0.48677884615384615 0.11057692307692307 0.1346153846153846
1 0.6370192307692307 0.5 0.12860576923076922 0.09014423076923077
1 0.15384615384615385 0.5024038461538461 0.057692307692307696 0.08052884615384616
1 0.17307692307692307 0.48677884615384615 0.0673076923076923 0.08774038461538461
1 0.2127403846153846 0.48197115384615385 0.056490384615384616 0.078125
3 0.38100961538461536 0.4639423076923077 0.009615384615384616 0.037259615384615384
3 0.39302884615384615 0.4651442307692308 0.014423076923076924 0.03485576923076923
3 0.41947115384615385 0.46153846153846156 0.010817307692307692 0.03125
1 0.2536057692307692 0.4855769230769231 0.038461538461538464 0.06009615384615385