2 0.18629807692307693 0.5072115384615384 0.046875 0.11298076923076923
1 0.1622596153846154 0.4987980769230769 0.10096153846153846 0.09975961538461539
1 0.2668269230769231 0.49759615384615385 0.08653846153846154 0.08653846153846154
1 0.3125 0.48677884615384615 0.05048076923076923 0.06490384615384616
3 0.4098557692307692 0.45913461538461536 0.006009615384615385 0.02403846153846154
3 0.41586538461538464 0.46153846153846156 0.006009615384615385 0.02403846153846154
1 0.49399038461538464 0.5024038461538461 0.1141826923076923 0.10576923076923077
1 0.5504807692307693 0.4723557692307692 0.04567307692307692 0.055288461538461536
1 0.859375 0.5793269230769231 0.2776442307692308 0.24759615384615385
1 0.7223557692307693 0.49278846153846156 0.10336538461538461 0.11298076923076923
1 0.9555288461538461 0.4675480769230769 0.08653846153846154 0.10697115384615384
1 0.6682692307692307 0.4951923076923077 0.056490384615384616 0.09134615384615384
1 0.8689903846153846 0.4423076923076923 0.16826923076923078 0.06009615384615385