1 0.4855769230769231 0.5048076923076923 0.11778846153846154 0.10697115384615384
1 0.1658653846153846 0.5228365384615384 0.15264423076923078 0.11899038461538461
1 0.040865384615384616 0.5216346153846154 0.08173076923076923 0.14423076923076922
1 0.24759615384615385 0.5036057692307693 0.0889423076923077 0.08653846153846154
1 0.28966346153846156 0.4987980769230769 0.042067307692307696 0.07211538461538461
1 0.9098557692307693 0.5252403846153846 0.17668269230769232 0.19110576923076922
1 0.8112980769230769 0.5180288461538461 0.11899038461538461 0.1346153846153846
1 0.7620192307692307 0.5084134615384616 0.0889423076923077 0.10336538461538461
1 0.7235576923076923 0.49399038461538464 0.09975961538461539 0.09735576923076923
1 0.578125 0.4795673076923077 0.07451923076923077 0.06009615384615385
1 0.6634615384615384 0.49038461538461536 0.0625 0.078125
3 0.40865384615384615 0.46274038461538464 0.007211538461538462 0.03125
3 0.41586538461538464 0.46274038461538464 0.006009615384615385 0.03125