1 0.4639423076923077 0.5084134615384616 0.11538461538461539 0.11177884615384616
1 0.9206730769230769 0.5528846153846154 0.15504807692307693 0.19110576923076922
1 0.8161057692307693 0.5048076923076923 0.1466346153846154 0.1658653846153846
1 0.7247596153846154 0.5120192307692307 0.07211538461538461 0.10576923076923077
1 0.6887019230769231 0.5024038461538461 0.07692307692307693 0.09375
1 0.6454326923076923 0.4963942307692308 0.07211538461538461 0.08173076923076923
1 0.06129807692307692 0.5240384615384616 0.09975961538461539 0.10096153846153846
1 0.12620192307692307 0.5096153846153846 0.07451923076923077 0.08173076923076923
1 0.16826923076923078 0.5048076923076923 0.0625 0.07211538461538461
1 0.203125 0.49759615384615385 0.056490384615384616 0.06490384615384616
1 0.23317307692307693 0.49278846153846156 0.04807692307692308 0.05889423076923077
3 0.3545673076923077 0.4723557692307692 0.015625 0.05048076923076923
3 0.37259615384615385 0.4723557692307692 0.020432692307692308 0.05048076923076923
1 0.265625 0.49158653846153844 0.03485576923076923 0.052884615384615384
1 0.28125 0.48677884615384615 0.025240384615384616 0.04447115384615385
1 0.29927884615384615 0.4855769230769231 0.02403846153846154 0.04447115384615385
1 0.3112980769230769 0.48197115384615385 0.021634615384615384 0.038461538461538464
1 0.31971153846153844 0.47716346153846156 0.03245192307692308 0.037259615384615384
1 0.33653846153846156 0.47115384615384615 0.025240384615384616 0.037259615384615384
1 0.6033653846153846 0.48677884615384615 0.030048076923076924 0.0625
1 0.5901442307692307 0.4735576923076923 0.04567307692307692 0.07211538461538461
1 0.5600961538461539 0.4735576923076923 0.030048076923076924 0.06009615384615385
1 0.5372596153846154 0.4735576923076923 0.025240384615384616 0.04447115384615385