1 0.09254807692307693 0.4879807692307692 0.07451923076923077 0.07451923076923077
0 0.2920673076923077 0.4543269230769231 0.052884615384615384 0.07211538461538461
0 0.33413461538461536 0.453125 0.037259615384615384 0.05889423076923077
1 0.47115384615384615 0.46274038461538464 0.016826923076923076 0.019230769230769232
0 0.8293269230769231 0.4182692307692308 0.3293269230769231 0.35096153846153844
4 0.030048076923076924 0.46634615384615385 0.06009615384615385 0.16826923076923078
1 0.13581730769230768 0.49158653846153844 0.03125 0.056490384615384616
1 0.15745192307692307 0.48677884615384615 0.03245192307692308 0.05048076923076923
1 0.1814903846153846 0.4855769230769231 0.026442307692307692 0.04447115384615385
1 0.20432692307692307 0.4831730769230769 0.026442307692307692 0.040865384615384616
1 0.22235576923076922 0.47716346153846156 0.038461538461538464 0.040865384615384616
1 0.25 0.47596153846153844 0.027644230769230768 0.03485576923076923
1 0.27524038461538464 0.47115384615384615 0.036057692307692304 0.037259615384615384
0 0.3918269230769231 0.45552884615384615 0.026442307692307692 0.028846153846153848