1 0.13942307692307693 0.5132211538461539 0.15745192307692307 0.1466346153846154
0 0.15384615384615385 0.4362980769230769 0.11057692307692307 0.09615384615384616
0 0.33774038461538464 0.4483173076923077 0.030048076923076924 0.040865384615384616
1 0.36899038461538464 0.4639423076923077 0.03125 0.03365384615384615
1 0.46033653846153844 0.4579326923076923 0.014423076923076924 0.018028846153846152
1 0.43990384615384615 0.4579326923076923 0.016826923076923076 0.018028846153846152
1 0.4807692307692308 0.45552884615384615 0.026442307692307692 0.015625
1 0.39903846153846156 0.4651442307692308 0.030048076923076924 0.03125
1 0.31971153846153844 0.46634615384615385 0.026442307692307692 0.028846153846153848
1 0.23317307692307693 0.47115384615384615 0.038461538461538464 0.038461538461538464
1 0.2704326923076923 0.4639423076923077 0.03485576923076923 0.037259615384615384
1 0.29447115384615385 0.46153846153846156 0.016826923076923076 0.03365384615384615
1 0.41947115384615385 0.45913461538461536 0.020432692307692308 0.02403846153846154
1 0.042067307692307696 0.4831730769230769 0.07451923076923077 0.09134615384615384
1 0.8245192307692307 0.4543269230769231 0.040865384615384616 0.040865384615384616