1 0.09495192307692307 0.5877403846153846 0.18990384615384615 0.23798076923076922
3 0.7716346153846154 0.46274038461538464 0.021634615384615384 0.0625
3 0.7415865384615384 0.45913461538461536 0.016826923076923076 0.055288461538461536
3 0.7151442307692307 0.4567307692307692 0.016826923076923076 0.05048076923076923
3 0.6935096153846154 0.4543269230769231 0.016826923076923076 0.04447115384615385
1 0.8665865384615384 0.453125 0.1045673076923077 0.038461538461538464
1 0.4855769230769231 0.4483173076923077 0.03245192307692308 0.04447115384615385
1 0.6526442307692307 0.4411057692307692 0.02403846153846154 0.02403846153846154
4 0.42908653846153844 0.44711538461538464 0.026442307692307692 0.046875
1 0.38221153846153844 0.4543269230769231 0.019230769230769232 0.018028846153846152
1 0.41225961538461536 0.4519230769230769 0.016826923076923076 0.021634615384615384
3 0.9314903846153846 0.46634615384615385 0.026442307692307692 0.03125
3 0.9387019230769231 0.44350961538461536 0.020432692307692308 0.03485576923076923