1 0.4951923076923077 0.6346153846153846 0.45913461538461536 0.49278846153846156
1 0.22355769230769232 0.5036057692307693 0.05889423076923077 0.046875
1 0.2512019230769231 0.5036057692307693 0.027644230769230768 0.038461538461538464
1 0.28846153846153844 0.5012019230769231 0.052884615384615384 0.04927884615384615
3 0.0673076923076923 0.5 0.021634615384615384 0.05048076923076923
3 0.7019230769230769 0.484375 0.01201923076923077 0.046875
3 0.6899038461538461 0.4855769230769231 0.016826923076923076 0.040865384615384616
3 0.8088942307692307 0.484375 0.009615384615384616 0.015625
3 0.8786057692307693 0.4795673076923077 0.016826923076923076 0.040865384615384616
3 0.9014423076923077 0.4795673076923077 0.01201923076923077 0.037259615384615384
3 0.9098557692307693 0.4807692307692308 0.014423076923076924 0.03485576923076923