4 0.10817307692307693 0.5276442307692307 0.21634615384615385 0.2620192307692308
1 0.4855769230769231 0.5588942307692307 0.2764423076923077 0.3088942307692308
1 0.2512019230769231 0.5024038461538461 0.06370192307692307 0.05048076923076923
1 0.3004807692307692 0.5024038461538461 0.037259615384615384 0.038461538461538464
1 0.3245192307692308 0.5024038461538461 0.021634615384615384 0.03365384615384615
1 0.6358173076923077 0.49158653846153844 0.046875 0.04447115384615385
1 0.8497596153846154 0.49399038461538464 0.1310096153846154 0.05889423076923077
3 0.7103365384615384 0.48677884615384615 0.014423076923076924 0.046875
3 0.7223557692307693 0.4879807692307692 0.016826923076923076 0.038461538461538464
3 0.7668269230769231 0.484375 0.014423076923076924 0.046875
3 0.921875 0.4807692307692308 0.015625 0.03485576923076923