1 0.5072115384615384 0.5240384615384616 0.12379807692307693 0.140625
1 0.12980769230769232 0.5216346153846154 0.09014423076923077 0.06971153846153846
1 0.36899038461538464 0.5180288461538461 0.040865384615384616 0.046875
1 0.3942307692307692 0.5192307692307693 0.019230769230769232 0.03485576923076923
1 0.17908653846153846 0.5204326923076923 0.026442307692307692 0.052884615384615384
1 0.2127403846153846 0.5216346153846154 0.03125 0.04326923076923077
4 0.2764423076923077 0.5180288461538461 0.11538461538461539 0.140625
1 0.6153846153846154 0.5132211538461539 0.07211538461538461 0.052884615384615384
3 0.7319711538461539 0.5024038461538461 0.010817307692307692 0.046875
3 0.7668269230769231 0.5024038461538461 0.014423076923076924 0.05048076923076923
3 0.9074519230769231 0.49278846153846156 0.010817307692307692 0.025240384615384616
3 0.671875 0.5048076923076923 0.01201923076923077 0.04447115384615385
1 0.02283653846153846 0.6754807692307693 0.04567307692307692 0.21153846153846154
1 0.9387019230769231 0.5048076923076923 0.11899038461538461 0.04927884615384615