1 0.1310096153846154 0.5901442307692307 0.2439903846153846 0.19110576923076922
4 0.3473557692307692 0.5192307692307693 0.08653846153846154 0.11298076923076923
1 0.5216346153846154 0.5204326923076923 0.08413461538461539 0.09134615384615384
1 0.24879807692307693 0.5228365384615384 0.01201923076923077 0.025240384615384616
3 0.7776442307692307 0.5036057692307693 0.014423076923076924 0.055288461538461536
3 0.8185096153846154 0.5012019230769231 0.015625 0.052884615384615384
1 0.6550480769230769 0.515625 0.0625 0.055288461538461536
1 0.6153846153846154 0.5192307692307693 0.03485576923076923 0.055288461538461536
1 0.040865384615384616 0.5432692307692307 0.08173076923076923 0.09134615384615384
1 0.4699519230769231 0.5168269230769231 0.03125 0.025240384615384616
1 0.39783653846153844 0.515625 0.016826923076923076 0.02403846153846154