1 0.08533653846153846 0.5961538461538461 0.17067307692307693 0.23677884615384615
4 0.32091346153846156 0.5132211538461539 0.09254807692307693 0.11778846153846154
1 0.5252403846153846 0.515625 0.09375 0.10576923076923077
1 0.6838942307692307 0.5120192307692307 0.12860576923076922 0.055288461538461536
1 0.1622596153846154 0.5228365384615384 0.06610576923076923 0.06490384615384616
1 0.22596153846153846 0.5228365384615384 0.06129807692307692 0.056490384615384616
3 0.7704326923076923 0.4987980769230769 0.015625 0.052884615384615384
3 0.9447115384615384 0.49759615384615385 0.014423076923076924 0.05889423076923077
3 0.9639423076923077 0.5 0.015625 0.055288461538461536
3 0.9831730769230769 0.5 0.015625 0.05048076923076923
1 0.4699519230769231 0.5144230769230769 0.021634615384615384 0.028846153846153848
1 0.2644230769230769 0.5216346153846154 0.021634615384615384 0.046875
1 0.3918269230769231 0.5144230769230769 0.016826923076923076 0.021634615384615384