1 0.07451923076923077 0.6021634615384616 0.14903846153846154 0.24759615384615385
1 0.125 0.5 0.052884615384615384 0.05048076923076923
4 0.23076923076923078 0.5024038461538461 0.10336538461538461 0.13221153846153846
1 0.29447115384615385 0.4831730769230769 0.02403846153846154 0.037259615384615384
1 0.33413461538461536 0.4951923076923077 0.03485576923076923 0.04447115384615385
1 0.38341346153846156 0.5012019230769231 0.0673076923076923 0.07572115384615384
1 0.8786057692307693 0.5252403846153846 0.21394230769230768 0.16826923076923078
1 0.7439903846153846 0.5252403846153846 0.11899038461538461 0.109375
1 0.6742788461538461 0.5120192307692307 0.0673076923076923 0.09735576923076923
1 0.6009615384615384 0.5012019230769231 0.08653846153846154 0.08774038461538461
1 0.5444711538461539 0.49759615384615385 0.038461538461538464 0.05889423076923077
1 0.4543269230769231 0.48197115384615385 0.03245192307692308 0.038461538461538464
1 0.5324519230769231 0.49038461538461536 0.046875 0.055288461538461536
1 0.5060096153846154 0.48677884615384615 0.03125 0.04326923076923077
1 0.4879807692307692 0.4855769230769231 0.025240384615384616 0.037259615384615384
1 0.2932692307692308 0.4651442307692308 0.016826923076923076 0.015625
1 0.42788461538461536 0.4795673076923077 0.02403846153846154 0.025240384615384616
1 0.3713942307692308 0.45552884615384615 0.007211538461538462 0.009615384615384616
1 0.3942307692307692 0.45552884615384615 0.010817307692307692 0.009615384615384616
1 0.4098557692307692 0.45552884615384615 0.009615384615384616 0.01201923076923077
0 0.4206730769230769 0.45072115384615385 0.010817307692307692 0.018028846153846152