1 0.03125 0.5252403846153846 0.0625 0.11778846153846154
1 0.27524038461538464 0.5757211538461539 0.2536057692307692 0.234375
3 0.10336538461538461 0.46875 0.016826923076923076 0.05889423076923077
1 0.1346153846153846 0.4639423076923077 0.046875 0.04447115384615385
1 0.38822115384615385 0.4639423076923077 0.06370192307692307 0.06490384615384616
1 0.8918269230769231 0.5324519230769231 0.2127403846153846 0.17427884615384615
1 0.7620192307692307 0.5072115384615384 0.12139423076923077 0.125
1 0.7439903846153846 0.48197115384615385 0.1346153846153846 0.11298076923076923
1 0.6634615384615384 0.48197115384615385 0.0673076923076923 0.08653846153846154
1 0.5216346153846154 0.453125 0.052884615384615384 0.055288461538461536
1 0.2283653846153846 0.46274038461538464 0.12379807692307693 0.10576923076923077
1 0.4807692307692308 0.4543269230769231 0.04326923076923077 0.040865384615384616
1 0.6346153846153846 0.4735576923076923 0.0733173076923077 0.07572115384615384
1 0.5901442307692307 0.47115384615384615 0.051682692307692304 0.06009615384615385
1 0.4543269230769231 0.45552884615384615 0.026442307692307692 0.03365384615384615
1 0.30528846153846156 0.43509615384615385 0.021634615384615384 0.03125
1 0.34375 0.4543269230769231 0.04326923076923077 0.03365384615384615
1 0.37259615384615385 0.43028846153846156 0.020432692307692308 0.015625
1 0.40024038461538464 0.4254807692307692 0.016826923076923076 0.015625
1 0.42788461538461536 0.4206730769230769 0.009615384615384616 0.009615384615384616
1 0.4411057692307692 0.4206730769230769 0.014423076923076924 0.013221153846153846
1 0.45913461538461536 0.4230769230769231 0.010817307692307692 0.013221153846153846
0 0.47475961538461536 0.41586538461538464 0.010817307692307692 0.019230769230769232