1 0.12139423076923077 0.6117788461538461 0.24278846153846154 0.27403846153846156
1 0.38221153846153844 0.484375 0.0625 0.06610576923076923
4 0.21875 0.49759615384615385 0.109375 0.14423076923076922
1 0.9206730769230769 0.5408653846153846 0.15625 0.17548076923076922
1 0.7355769230769231 0.515625 0.1310096153846154 0.12860576923076922
1 0.6598557692307693 0.4963942307692308 0.06129807692307692 0.08653846153846154
1 0.6153846153846154 0.4891826923076923 0.056490384615384616 0.06850961538461539
1 0.34615384615384615 0.48197115384615385 0.030048076923076924 0.04447115384615385
1 0.28365384615384615 0.47596153846153844 0.026442307692307692 0.055288461538461536
1 0.5793269230769231 0.4855769230769231 0.03245192307692308 0.06009615384615385
1 0.5612980769230769 0.47716346153846156 0.03245192307692308 0.056490384615384616
1 0.5456730769230769 0.47475961538461536 0.027644230769230768 0.05048076923076923
1 0.5276442307692307 0.47596153846153844 0.027644230769230768 0.04326923076923077
1 0.3088942307692308 0.453125 0.019230769230769232 0.027644230769230768
1 0.3786057692307692 0.44471153846153844 0.014423076923076924 0.013221153846153846
1 0.3942307692307692 0.4423076923076923 0.014423076923076924 0.018028846153846152
1 0.4891826923076923 0.4675480769230769 0.040865384615384616 0.04447115384615385
1 0.47115384615384615 0.4651442307692308 0.020432692307692308 0.03485576923076923
1 0.45552884615384615 0.46634615384615385 0.02403846153846154 0.03125
1 0.4375 0.4675480769230769 0.019230769230769232 0.025240384615384616
1 0.4230769230769231 0.43990384615384615 0.01201923076923077 0.01201923076923077
1 0.43990384615384615 0.43990384615384615 0.010817307692307692 0.01201923076923077
0 0.4543269230769231 0.43149038461538464 0.010817307692307692 0.019230769230769232