1 0.04927884615384615 0.5048076923076923 0.0985576923076923 0.09615384615384616
1 0.11298076923076923 0.5 0.06850961538461539 0.078125
1 0.19471153846153846 0.4987980769230769 0.1502403846153846 0.13822115384615385
4 0.36658653846153844 0.49759615384615385 0.17307692307692307 0.19471153846153846
1 0.5408653846153846 0.5552884615384616 0.203125 0.20552884615384615
1 0.5721153846153846 0.44350961538461536 0.05889423076923077 0.03125
1 0.9026442307692307 0.5204326923076923 0.18870192307692307 0.1935096153846154
1 0.7764423076923077 0.5180288461538461 0.14423076923076922 0.1466346153846154
1 0.7379807692307693 0.4675480769230769 0.06850961538461539 0.06850961538461539
1 0.5120192307692307 0.44471153846153844 0.02403846153846154 0.02403846153846154
1 0.2920673076923077 0.47475961538461536 0.04326923076923077 0.05048076923076923
1 0.7079326923076923 0.46153846153846156 0.05048076923076923 0.06610576923076923
0 0.6262019230769231 0.43509615384615385 0.01201923076923077 0.019230769230769232
1 0.6129807692307693 0.4423076923076923 0.010817307692307692 0.009615384615384616