1 0.6730769230769231 0.484375 0.12139423076923077 0.12139423076923077
1 0.9459134615384616 0.5576923076923077 0.1045673076923077 0.21634615384615385
3 0.8149038461538461 0.45072115384615385 0.02403846153846154 0.056490384615384616
1 0.04326923076923077 0.484375 0.07932692307692307 0.06610576923076923
1 0.1201923076923077 0.47475961538461536 0.06610576923076923 0.05889423076923077
1 0.33052884615384615 0.5612980769230769 0.21153846153846154 0.2091346153846154
1 0.21514423076923078 0.49278846153846156 0.12980769230769232 0.1658653846153846
1 0.42788461538461536 0.46634615384615385 0.06370192307692307 0.07211538461538461
1 0.5697115384615384 0.4735576923076923 0.06850961538461539 0.07211538461538461
1 0.5240384615384616 0.4723557692307692 0.051682692307692304 0.06610576923076923
1 0.6105769230769231 0.47836538461538464 0.04807692307692308 0.09375
1 0.34134615384615385 0.44471153846153844 0.038461538461538464 0.03125
1 0.3894230769230769 0.4495192307692308 0.02403846153846154 0.027644230769230768
1 0.47475961538461536 0.43028846153846156 0.010817307692307692 0.01201923076923077
1 0.5204326923076923 0.43028846153846156 0.01201923076923077 0.015625
1 0.5036057692307693 0.42908653846153844 0.014423076923076924 0.013221153846153846
0 0.5348557692307693 0.42427884615384615 0.010817307692307692 0.018028846153846152