1 0.14423076923076922 0.5264423076923077 0.18870192307692307 0.16947115384615385
1 0.06971153846153846 0.49759615384615385 0.056490384615384616 0.08173076923076923
1 0.24158653846153846 0.4831730769230769 0.055288461538461536 0.056490384615384616
1 0.2824519230769231 0.47475961538461536 0.04326923076923077 0.046875
1 0.3125 0.46634615384615385 0.046875 0.055288461538461536
4 0.4050480769230769 0.5060096153846154 0.15625 0.203125
1 0.5192307692307693 0.47475961538461536 0.055288461538461536 0.0625
1 0.5769230769230769 0.47475961538461536 0.0673076923076923 0.08173076923076923
1 0.6514423076923077 0.5564903846153846 0.1971153846153846 0.19471153846153846
1 0.7379807692307693 0.484375 0.06129807692307692 0.10096153846153846
1 0.9254807692307693 0.5180288461538461 0.14423076923076922 0.13701923076923078
1 0.8064903846153846 0.49158653846153844 0.1346153846153846 0.11177884615384616