1 0.04567307692307692 0.49399038461538464 0.0829326923076923 0.07451923076923077
1 0.10336538461538461 0.47596153846153844 0.06971153846153846 0.078125
1 0.21995192307692307 0.48197115384615385 0.0733173076923077 0.06971153846153846
4 0.33052884615384615 0.5 0.14182692307692307 0.19471153846153846
1 0.421875 0.47596153846153844 0.046875 0.056490384615384616
1 0.5216346153846154 0.47596153846153844 0.0625 0.078125
1 0.6057692307692307 0.5372596153846154 0.17307692307692307 0.16346153846153846
1 0.8882211538461539 0.515625 0.18269230769230768 0.19951923076923078
1 0.7548076923076923 0.5012019230769231 0.109375 0.11899038461538461
1 0.7019230769230769 0.4951923076923077 0.07211538461538461 0.08413461538461539
0 0.46153846153846156 0.4495192307692308 0.010817307692307692 0.019230769230769232
3 0.5637019230769231 0.44711538461538464 0.007211538461538462 0.015625