1 0.33774038461538464 0.5108173076923077 0.1658653846153846 0.2247596153846154
1 0.44591346153846156 0.47115384615384615 0.04567307692307692 0.06490384615384616
1 0.640625 0.5180288461538461 0.14423076923076922 0.12259615384615384
1 0.5637019230769231 0.4735576923076923 0.05889423076923077 0.07211538461538461
1 0.9122596153846154 0.5276442307692307 0.17307692307692307 0.15264423076923078
1 0.7463942307692307 0.48197115384615385 0.109375 0.06610576923076923
3 0.8846153846153846 0.4362980769230769 0.01201923076923077 0.028846153846153848
3 0.9002403846153846 0.43509615384615385 0.015625 0.02403846153846154
1 0.4963942307692308 0.45552884615384615 0.009615384615384616 0.01201923076923077
0 0.49038461538461536 0.4495192307692308 0.01201923076923077 0.019230769230769232
3 0.7391826923076923 0.4423076923076923 0.009615384615384616 0.013221153846153846
3 0.7536057692307693 0.4423076923076923 0.01201923076923077 0.013221153846153846