1 0.8762019230769231 0.546875 0.2439903846153846 0.21514423076923078
3 0.8882211538461539 0.42427884615384615 0.02403846153846154 0.028846153846153848
3 0.9122596153846154 0.4266826923076923 0.019230769230769232 0.03365384615384615
1 0.5721153846153846 0.5192307692307693 0.15264423076923078 0.15264423076923078
1 0.5120192307692307 0.46274038461538464 0.046875 0.06971153846153846
1 0.4182692307692308 0.46153846153846156 0.040865384615384616 0.056490384615384616
1 0.27884615384615385 0.5444711538461539 0.2824519230769231 0.36538461538461536
1 0.7355769230769231 0.4326923076923077 0.042067307692307696 0.03365384615384615
1 0.7644230769230769 0.4362980769230769 0.042067307692307696 0.028846153846153848
1 0.8100961538461539 0.43990384615384615 0.06370192307692307 0.037259615384615384
0 0.46274038461538464 0.4411057692307692 0.01201923076923077 0.019230769230769232
1 0.46875 0.44471153846153844 0.009615384615384616 0.01201923076923077