1 0.03485576923076923 0.4879807692307692 0.06971153846153846 0.08173076923076923
1 0.06850961538461539 0.5180288461538461 0.13581730769230768 0.12139423076923077
4 0.31971153846153844 0.5084134615384616 0.1466346153846154 0.20552884615384615
1 0.41225961538461536 0.48677884615384615 0.046875 0.0625
1 0.5240384615384616 0.48677884615384615 0.0673076923076923 0.08173076923076923
1 0.6141826923076923 0.5420673076923077 0.1622596153846154 0.15865384615384615
1 0.7596153846153846 0.5084134615384616 0.1141826923076923 0.10697115384615384
1 0.8966346153846154 0.5444711538461539 0.20432692307692307 0.18028846153846154
3 0.8653846153846154 0.44471153846153844 0.025240384615384616 0.046875
0 0.45552884615384615 0.4579326923076923 0.010817307692307692 0.018028846153846152
1 0.4567307692307692 0.4639423076923077 0.009615384615384616 0.013221153846153846