1 0.23076923076923078 0.49759615384615385 0.08653846153846154 0.078125
1 0.3425480769230769 0.4723557692307692 0.042067307692307696 0.046875
1 0.4074519230769231 0.47475961538461536 0.040865384615384616 0.04326923076923077
1 0.4651442307692308 0.47115384615384615 0.026442307692307692 0.025240384615384616
1 0.5084134615384616 0.49399038461538464 0.08653846153846154 0.08173076923076923
4 0.6574519230769231 0.5036057692307693 0.15264423076923078 0.19110576923076922
1 0.8557692307692307 0.453125 0.06971153846153846 0.055288461538461536
1 0.9230769230769231 0.4675480769230769 0.14903846153846154 0.06850961538461539
1 0.7403846153846154 0.45552884615384615 0.09254807692307693 0.052884615384615384
1 0.7764423076923077 0.45913461538461536 0.0625 0.03125
3 0.8185096153846154 0.46153846153846156 0.010817307692307692 0.052884615384615384