1 0.15745192307692307 0.5036057692307693 0.10096153846153846 0.10576923076923077
1 0.25961538461538464 0.4795673076923077 0.042067307692307696 0.04447115384615385
1 0.3293269230769231 0.47475961538461536 0.02403846153846154 0.027644230769230768
1 0.4338942307692308 0.49759615384615385 0.07211538461538461 0.07211538461538461
1 0.3581730769230769 0.48197115384615385 0.042067307692307696 0.04326923076923077
1 0.4026442307692308 0.4675480769230769 0.016826923076923076 0.021634615384615384
4 0.6177884615384616 0.5084134615384616 0.14423076923076922 0.18509615384615385
1 0.7560096153846154 0.46875 0.10576923076923077 0.09375
1 0.8052884615384616 0.47596153846153844 0.12379807692307693 0.07451923076923077
3 0.8834134615384616 0.46634615384615385 0.02403846153846154 0.07451923076923077
1 0.9615384615384616 0.47115384615384615 0.07451923076923077 0.055288461538461536