3 0.07091346153846154 0.48677884615384615 0.016826923076923076 0.040865384615384616
2 0.21995192307692307 0.49399038461538464 0.021634615384615384 0.06610576923076923
2 0.37259615384615385 0.47115384615384615 0.010817307692307692 0.038461538461538464
2 0.38822115384615385 0.47596153846153844 0.010817307692307692 0.037259615384615384
1 0.4206730769230769 0.47596153846153844 0.036057692307692304 0.038461538461538464
1 0.4567307692307692 0.4579326923076923 0.016826923076923076 0.021634615384615384
1 0.4855769230769231 0.4519230769230769 0.027644230769230768 0.018028846153846152
1 0.5180288461538461 0.5540865384615384 0.19471153846153846 0.1935096153846154
3 0.9411057692307693 0.4795673076923077 0.02403846153846154 0.08413461538461539
3 0.9591346153846154 0.4699519230769231 0.025240384615384616 0.09615384615384616
1 0.6610576923076923 0.4723557692307692 0.037259615384615384 0.04326923076923077
3 0.17427884615384615 0.4723557692307692 0.014423076923076924 0.02403846153846154
3 0.2091346153846154 0.47115384615384615 0.016826923076923076 0.028846153846153848