3 0.018028846153846152 0.47596153846153844 0.020432692307692308 0.05048076923076923
3 0.30288461538461536 0.46153846153846156 0.020432692307692308 0.04927884615384615
1 0.33774038461538464 0.44350961538461536 0.02403846153846154 0.027644230769230768
3 0.3762019230769231 0.4495192307692308 0.01201923076923077 0.038461538461538464
2 0.3918269230769231 0.45072115384615385 0.01201923076923077 0.03365384615384615
1 0.43028846153846156 0.4483173076923077 0.026442307692307692 0.037259615384615384
1 0.4519230769230769 0.4362980769230769 0.019230769230769232 0.025240384615384616
1 0.4735576923076923 0.4338942307692308 0.015625 0.027644230769230768
1 0.5120192307692307 0.5564903846153846 0.22956730769230768 0.234375
3 0.8221153846153846 0.45072115384615385 0.014423076923076924 0.06490384615384616
3 0.8353365384615384 0.4423076923076923 0.016826923076923076 0.08052884615384616
3 0.2403846153846154 0.453125 0.01201923076923077 0.027644230769230768