1 0.046875 0.6057692307692307 0.09375 0.3161057692307692
1 0.5264423076923077 0.5961538461538461 0.25961538461538464 0.27163461538461536
3 0.36538461538461536 0.4675480769230769 0.019230769230769232 0.04927884615384615
3 0.4254807692307692 0.46274038461538464 0.01201923076923077 0.03485576923076923
3 0.4375 0.46153846153846156 0.01201923076923077 0.03125
3 0.4110576923076923 0.46153846153846156 0.01201923076923077 0.021634615384615384
1 0.4723557692307692 0.4567307692307692 0.025240384615384616 0.03485576923076923
1 0.49278846153846156 0.4495192307692308 0.016826923076923076 0.02403846153846154
1 0.5120192307692307 0.4495192307692308 0.014423076923076924 0.019230769230769232
1 0.53125 0.4495192307692308 0.01201923076923077 0.027644230769230768
3 0.0625 0.47836538461538464 0.025240384615384616 0.078125