1 0.036057692307692304 0.5961538461538461 0.07211538461538461 0.2692307692307692
1 0.052884615384615384 0.5300480769230769 0.07211538461538461 0.12740384615384615
1 0.1201923076923077 0.5048076923076923 0.09735576923076923 0.10336538461538461
1 0.21754807692307693 0.49158653846153844 0.06370192307692307 0.07211538461538461
1 0.2548076923076923 0.4879807692307692 0.037259615384615384 0.05889423076923077
1 0.2956730769230769 0.47596153846153844 0.03485576923076923 0.046875
1 0.36899038461538464 0.48197115384615385 0.04326923076923077 0.052884615384615384
1 0.39663461538461536 0.46634615384615385 0.027644230769230768 0.03125
1 0.4807692307692308 0.49038461538461536 0.06850961538461539 0.07451923076923077
3 0.9086538461538461 0.48197115384615385 0.038461538461538464 0.12139423076923077
3 0.9543269230769231 0.47475961538461536 0.03245192307692308 0.125