1 0.05048076923076923 0.5024038461538461 0.09975961538461539 0.1622596153846154
1 0.15384615384615385 0.49278846153846156 0.18028846153846154 0.125
1 0.31490384615384615 0.4831730769230769 0.15745192307692307 0.09615384615384616
1 0.4026442307692308 0.4723557692307692 0.1310096153846154 0.07451923076923077
1 0.5324519230769231 0.47716346153846156 0.1045673076923077 0.1310096153846154
1 0.6177884615384616 0.47115384615384615 0.078125 0.09375
1 0.9026442307692307 0.4699519230769231 0.07692307692307693 0.08413461538461539
1 0.8605769230769231 0.44471153846153844 0.03125 0.038461538461538464
1 0.6670673076923077 0.4723557692307692 0.027644230769230768 0.06971153846153846
1 0.6862980769230769 0.46634615384615385 0.025240384615384616 0.05889423076923077
1 0.7536057692307693 0.45552884615384615 0.03125 0.04447115384615385
1 0.7992788461538461 0.44711538461538464 0.036057692307692304 0.03125