2 0.24879807692307693 0.5192307692307693 0.04807692307692308 0.15264423076923078
1 0.4338942307692308 0.47836538461538464 0.052884615384615384 0.0625
1 0.5961538461538461 0.49278846153846156 0.0733173076923077 0.09014423076923077
1 0.7115384615384616 0.45552884615384615 0.1201923076923077 0.09615384615384616
1 0.7475961538461539 0.4855769230769231 0.13221153846153846 0.09134615384615384
1 0.8245192307692307 0.49759615384615385 0.15504807692307693 0.10336538461538461
1 0.9170673076923077 0.5384615384615384 0.15625 0.1466346153846154
1 0.9495192307692307 0.5540865384615384 0.09735576923076923 0.1778846153846154
1 0.08413461538461539 0.515625 0.16706730769230768 0.12860576923076922
1 0.18269230769230768 0.49399038461538464 0.125 0.09735576923076923
1 0.47475961538461536 0.4675480769230769 0.027644230769230768 0.052884615384615384