1 0.030048076923076924 0.5120192307692307 0.055288461538461536 0.078125
1 0.05889423076923077 0.48197115384615385 0.0985576923076923 0.10336538461538461
1 0.17548076923076922 0.5036057692307693 0.09735576923076923 0.109375
1 0.22235576923076922 0.48677884615384615 0.08774038461538461 0.11298076923076923
1 0.2932692307692308 0.4723557692307692 0.06129807692307692 0.07451923076923077
1 0.44350961538461536 0.5324519230769231 0.21995192307692307 0.17427884615384615
3 0.36899038461538464 0.45552884615384615 0.016826923076923076 0.028846153846153848
3 0.38221153846153844 0.45552884615384615 0.014423076923076924 0.021634615384615384
3 0.3954326923076923 0.45552884615384615 0.01201923076923077 0.02403846153846154
1 0.5637019230769231 0.46875 0.07932692307692307 0.06610576923076923
1 0.6009615384615384 0.484375 0.08774038461538461 0.06971153846153846
1 0.7427884615384616 0.4567307692307692 0.234375 0.18389423076923078
1 0.8473557692307693 0.4987980769230769 0.27163461538461536 0.17427884615384615
1 0.8810096153846154 0.5492788461538461 0.22235576923076922 0.18389423076923078
1 0.9495192307692307 0.5853365384615384 0.09735576923076923 0.24759615384615385