1 0.7463942307692307 0.47836538461538464 0.21153846153846154 0.18028846153846154
1 0.8028846153846154 0.46634615384615385 0.13581730769230768 0.05048076923076923
1 0.7848557692307693 0.5180288461538461 0.1658653846153846 0.10576923076923077
1 0.8425480769230769 0.5432692307692307 0.1658653846153846 0.15264423076923078
1 0.9399038461538461 0.5745192307692307 0.11778846153846154 0.21875
1 0.625 0.49278846153846156 0.05048076923076923 0.06971153846153846
4 0.6009615384615384 0.45552884615384615 0.11778846153846154 0.10576923076923077
1 0.5420673076923077 0.48197115384615385 0.0625 0.078125
0 0.4519230769230769 0.4579326923076923 0.03125 0.040865384615384616
1 0.36538461538461536 0.4807692307692308 0.02403846153846154 0.078125
1 0.33774038461538464 0.48197115384615385 0.026442307692307692 0.07451923076923077
1 0.49278846153846156 0.4651442307692308 0.036057692307692304 0.02403846153846154