0 0.3581730769230769 0.4543269230769231 0.10336538461538461 0.12259615384615384
3 0.44350961538461536 0.44350961538461536 0.015625 0.027644230769230768
1 0.4338942307692308 0.47115384615384615 0.05048076923076923 0.046875
1 0.4963942307692308 0.46875 0.07692307692307693 0.046875
3 0.5456730769230769 0.4735576923076923 0.019230769230769232 0.06009615384615385
1 0.9230769230769231 0.5685096153846154 0.1346153846153846 0.15985576923076922
1 0.8918269230769231 0.5384615384615384 0.1875 0.13701923076923078
1 0.84375 0.5264423076923077 0.1466346153846154 0.1310096153846154
1 0.7524038461538461 0.5240384615384616 0.10096153846153846 0.10576923076923077
1 0.7043269230769231 0.5060096153846154 0.09375 0.078125
1 0.6418269230769231 0.49278846153846156 0.08173076923076923 0.05889423076923077
1 0.5384615384615384 0.4579326923076923 0.08774038461538461 0.07211538461538461