0 0.03365384615384615 0.45552884615384615 0.0673076923076923 0.36538461538461536
3 0.09495192307692307 0.5012019230769231 0.046875 0.11177884615384616
3 0.125 0.49278846153846156 0.040865384615384616 0.11298076923076923
3 0.20793269230769232 0.453125 0.021634615384615384 0.08653846153846154
1 0.3473557692307692 0.4831730769230769 0.18028846153846154 0.07211538461538461
1 0.43509615384615385 0.43990384615384615 0.17067307692307693 0.09735576923076923
1 0.6057692307692307 0.4483173076923077 0.025240384615384616 0.03365384615384615
3 0.6418269230769231 0.4495192307692308 0.010817307692307692 0.046875
1 0.6358173076923077 0.49158653846153844 0.09975961538461539 0.08052884615384616
1 0.6742788461538461 0.5 0.14182692307692307 0.109375
1 0.7680288461538461 0.5180288461538461 0.23557692307692307 0.16947115384615385
1 0.8617788461538461 0.5552884615384616 0.27403846153846156 0.1875