1 0.037259615384615384 0.5384615384615384 0.06971153846153846 0.140625
1 0.08774038461538461 0.5216346153846154 0.08413461538461539 0.09735576923076923
1 0.12620192307692307 0.5 0.0733173076923077 0.09735576923076923
1 0.15745192307692307 0.5 0.056490384615384616 0.09735576923076923
1 0.19230769230769232 0.49278846153846156 0.03125 0.06971153846153846
1 0.21754807692307693 0.48677884615384615 0.037259615384615384 0.06971153846153846
1 0.234375 0.484375 0.027644230769230768 0.0625
1 0.26802884615384615 0.47596153846153844 0.03245192307692308 0.04927884615384615
1 0.3762019230769231 0.47115384615384615 0.026442307692307692 0.03485576923076923
0 0.4362980769230769 0.45072115384615385 0.04807692307692308 0.08653846153846154
1 0.43990384615384615 0.4735576923076923 0.026442307692307692 0.04447115384615385
1 0.46274038461538464 0.4795673076923077 0.042067307692307696 0.06850961538461539
1 0.5012019230769231 0.4951923076923077 0.07932692307692307 0.08413461538461539
1 0.5841346153846154 0.5168269230769231 0.10817307692307693 0.13822115384615385
1 0.6814903846153846 0.546875 0.1971153846153846 0.1875