1 0.056490384615384616 0.49038461538461536 0.11298076923076923 0.08173076923076923
1 0.16105769230769232 0.5084134615384616 0.09975961538461539 0.09134615384615384
1 0.21394230769230768 0.4963942307692308 0.08413461538461539 0.09735576923076923
1 0.27524038461538464 0.4831730769230769 0.057692307692307696 0.07211538461538461
1 0.3076923076923077 0.48197115384615385 0.037259615384615384 0.052884615384615384
1 0.41586538461538464 0.46153846153846156 0.03485576923076923 0.040865384615384616
1 0.4855769230769231 0.46033653846153844 0.027644230769230768 0.037259615384615384
0 0.6081730769230769 0.44471153846153844 0.14543269230769232 0.20552884615384615
1 0.7067307692307693 0.5180288461538461 0.14423076923076922 0.1658653846153846
1 0.8125 0.5625 0.1935096153846154 0.21514423076923078
1 0.9182692307692307 0.6057692307692307 0.15985576923076922 0.3786057692307692