1 0.030048076923076924 0.5492788461538461 0.06009615384615385 0.18509615384615385
1 0.08413461538461539 0.5240384615384616 0.1310096153846154 0.16826923076923078
1 0.16706730769230768 0.5180288461538461 0.08173076923076923 0.13822115384615385
1 0.22355769230769232 0.5132211538461539 0.052884615384615384 0.10336538461538461
1 0.2439903846153846 0.49759615384615385 0.07211538461538461 0.09975961538461539
1 0.28365384615384615 0.49759615384615385 0.04567307692307692 0.08052884615384616
1 0.3449519230769231 0.4855769230769231 0.04326923076923077 0.056490384615384616
1 0.5084134615384616 0.46634615384615385 0.03245192307692308 0.038461538461538464
0 0.5673076923076923 0.45072115384615385 0.06610576923076923 0.109375
1 0.5745192307692307 0.4795673076923077 0.03125 0.06490384615384616
1 0.6165865384615384 0.49038461538461536 0.06370192307692307 0.09375
1 0.6466346153846154 0.4987980769230769 0.055288461538461536 0.10336538461538461
1 0.6790865384615384 0.5132211538461539 0.07932692307692307 0.125
1 0.7463942307692307 0.5384615384615384 0.17067307692307693 0.1622596153846154
2 0.9435096153846154 0.49038461538461536 0.109375 0.15985576923076922