1 0.04567307692307692 0.5384615384615384 0.0889423076923077 0.1310096153846154
1 0.09975961538461539 0.5180288461538461 0.0889423076923077 0.11899038461538461
1 0.13701923076923078 0.5024038461538461 0.078125 0.11177884615384616
1 0.18028846153846154 0.5 0.04567307692307692 0.09014423076923077
1 0.20192307692307693 0.4963942307692308 0.04326923076923077 0.078125
1 0.21995192307692307 0.49158653846153844 0.036057692307692304 0.07572115384615384
1 0.23798076923076922 0.49278846153846156 0.03125 0.05889423076923077
1 0.27524038461538464 0.48197115384615385 0.038461538461538464 0.046875
1 0.4050480769230769 0.47115384615384615 0.03485576923076923 0.03485576923076923
0 0.46033653846153844 0.45072115384615385 0.055288461538461536 0.09375
1 0.46274038461538464 0.4723557692307692 0.020432692307692308 0.055288461538461536
1 0.49038461538461536 0.4891826923076923 0.051682692307692304 0.07211538461538461
1 0.5384615384615384 0.5060096153846154 0.09975961538461539 0.09735576923076923
1 0.6622596153846154 0.5300480769230769 0.16706730769230768 0.1622596153846154
1 0.8112980769230769 0.5841346153846154 0.3088942307692308 0.25