1 0.052884615384615384 0.5444711538461539 0.10576923076923077 0.1935096153846154
1 0.1310096153846154 0.5288461538461539 0.09014423076923077 0.12860576923076922
1 0.17548076923076922 0.5048076923076923 0.09495192307692307 0.12740384615384615
1 0.23557692307692307 0.5060096153846154 0.051682692307692304 0.10096153846153846
1 0.31971153846153844 0.4831730769230769 0.05889423076923077 0.056490384615384616
1 0.3581730769230769 0.4735576923076923 0.03485576923076923 0.04447115384615385
1 0.5012019230769231 0.45913461538461536 0.027644230769230768 0.03485576923076923
1 0.4375 0.4543269230769231 0.019230769230769232 0.025240384615384616
0 0.5661057692307693 0.44591346153846156 0.08653846153846154 0.11899038461538461
1 0.5901442307692307 0.47836538461538464 0.05889423076923077 0.07451923076923077
1 0.6442307692307693 0.4951923076923077 0.09495192307692307 0.11899038461538461
1 0.703125 0.5180288461538461 0.09375 0.1310096153846154
1 0.75 0.5336538461538461 0.125 0.1658653846153846
1 0.8689903846153846 0.5949519230769231 0.25961538461538464 0.28725961538461536