2 0.2091346153846154 0.4891826923076923 0.019230769230769232 0.06009615384615385
1 0.3449519230769231 0.47716346153846156 0.04326923076923077 0.03365384615384615
1 0.484375 0.4675480769230769 0.025240384615384616 0.028846153846153848
1 0.5612980769230769 0.4651442307692308 0.027644230769230768 0.02403846153846154
1 0.5685096153846154 0.4699519230769231 0.021634615384615384 0.025240384615384616
1 0.5889423076923077 0.47115384615384615 0.021634615384615384 0.03485576923076923
1 0.609375 0.47596153846153844 0.025240384615384616 0.04927884615384615
1 0.6370192307692307 0.4807692307692308 0.05048076923076923 0.05889423076923077
4 0.7151442307692307 0.45552884615384615 0.11899038461538461 0.15985576923076922
1 0.7608173076923077 0.49038461538461536 0.09375 0.125
1 0.4387019230769231 0.4651442307692308 0.016826923076923076 0.015625