1 0.09495192307692307 0.5072115384615384 0.08774038461538461 0.08052884615384616
1 0.36899038461538464 0.47596153846153844 0.036057692307692304 0.038461538461538464
1 0.4639423076923077 0.46634615384615385 0.021634615384615384 0.025240384615384616
1 0.5649038461538461 0.47115384615384615 0.03245192307692308 0.03365384615384615
1 0.6009615384615384 0.47596153846153844 0.055288461538461536 0.04447115384615385
1 0.6586538461538461 0.4831730769230769 0.06971153846153846 0.06009615384615385
1 0.7800480769230769 0.4987980769230769 0.1045673076923077 0.09615384615384616
1 0.8581730769230769 0.5036057692307693 0.14182692307692307 0.13221153846153846
1 0.4098557692307692 0.4567307692307692 0.009615384615384616 0.01201923076923077
1 0.4362980769230769 0.45072115384615385 0.007211538461538462 0.009615384615384616
1 0.4182692307692308 0.44471153846153844 0.009615384615384616 0.009615384615384616