2 0.8377403846153846 0.4723557692307692 0.030048076923076924 0.06610576923076923
1 0.5240384615384616 0.46033653846153844 0.038461538461538464 0.06009615384615385
0 0.5985576923076923 0.4411057692307692 0.14423076923076922 0.12139423076923077
1 0.4879807692307692 0.4735576923076923 0.0625 0.06009615384615385
1 0.42788461538461536 0.5012019230769231 0.09735576923076923 0.10697115384615384
2 0.3737980769230769 0.4675480769230769 0.021634615384615384 0.052884615384615384
1 0.375 0.46634615384615385 0.07211538461538461 0.05048076923076923
1 0.2247596153846154 0.45913461538461536 0.0625 0.05889423076923077
1 0.12259615384615384 0.46634615384615385 0.038461538461538464 0.04326923076923077
1 0.17307692307692307 0.48197115384615385 0.0733173076923077 0.08052884615384616
1 0.039663461538461536 0.47475961538461536 0.0673076923076923 0.06610576923076923
3 0.9387019230769231 0.43028846153846156 0.009615384615384616 0.025240384615384616
1 0.3317307692307692 0.4375 0.030048076923076924 0.038461538461538464