1 0.08413461538461539 0.6502403846153846 0.16826923076923078 0.3629807692307692
1 0.24879807692307693 0.5120192307692307 0.13581730769230768 0.10576923076923077
1 0.4387019230769231 0.46153846153846156 0.040865384615384616 0.025240384615384616
1 0.421875 0.46153846153846156 0.03125 0.02403846153846154
1 0.5 0.4891826923076923 0.09735576923076923 0.09134615384615384
2 0.8918269230769231 0.5408653846153846 0.07932692307692307 0.18389423076923078
1 0.8473557692307693 0.47836538461538464 0.04567307692307692 0.04326923076923077
3 0.7427884615384616 0.4483173076923077 0.009615384615384616 0.025240384615384616
2 0.7259615384615384 0.4519230769230769 0.009615384615384616 0.025240384615384616
1 0.6971153846153846 0.4807692307692308 0.04326923076923077 0.05889423076923077
1 0.6502403846153846 0.48677884615384615 0.06971153846153846 0.07451923076923077
1 0.6610576923076923 0.41346153846153844 0.015625 0.01201923076923077
2 0.6322115384615384 0.41586538461538464 0.009615384615384616 0.015625
4 0.6971153846153846 0.4230769230769231 0.014423076923076924 0.018028846153846152
4 0.9711538461538461 0.46033653846153844 0.055288461538461536 0.12740384615384615
1 0.17427884615384615 0.4795673076923077 0.04567307692307692 0.040865384615384616