1 0.09495192307692307 0.4831730769230769 0.06610576923076923 0.040865384615384616
1 0.23798076923076922 0.5252403846153846 0.1502403846153846 0.13221153846153846
1 0.42427884615384615 0.41947115384615385 0.014423076923076924 0.013221153846153846
1 0.43149038461538464 0.41346153846153844 0.009615384615384616 0.01201923076923077
1 0.44471153846153844 0.40865384615384615 0.007211538461538462 0.009615384615384616
1 0.453125 0.4170673076923077 0.015625 0.013221153846153846
1 0.4411057692307692 0.44471153846153844 0.021634615384615384 0.02403846153846154
1 0.4723557692307692 0.4495192307692308 0.021634615384615384 0.02403846153846154
1 0.38100961538461536 0.47596153846153844 0.056490384615384616 0.05889423076923077
1 0.46153846153846156 0.48197115384615385 0.055288461538461536 0.052884615384615384
2 0.5096153846153846 0.44471153846153844 0.010817307692307692 0.025240384615384616
3 0.5348557692307693 0.45072115384615385 0.010817307692307692 0.03125
2 0.6802884615384616 0.5180288461538461 0.06850961538461539 0.15625
1 0.8509615384615384 0.5120192307692307 0.0985576923076923 0.08173076923076923
1 0.7980769230769231 0.5012019230769231 0.07692307692307693 0.06490384615384616
1 0.5204326923076923 0.4230769230769231 0.01201923076923077 0.013221153846153846