2 0.6622596153846154 0.5168269230769231 0.06850961538461539 0.15384615384615385
2 0.5276442307692307 0.4519230769230769 0.010817307692307692 0.025240384615384616
3 0.5444711538461539 0.4519230769230769 0.014423076923076924 0.025240384615384616
4 0.49278846153846156 0.42788461538461536 0.014423076923076924 0.019230769230769232
1 0.45913461538461536 0.41346153846153844 0.007211538461538462 0.007211538461538462
1 0.4723557692307692 0.4098557692307692 0.006009615384615385 0.007211538461538462
1 0.4495192307692308 0.4206730769230769 0.01201923076923077 0.013221153846153846
1 0.43028846153846156 0.4230769230769231 0.020432692307692308 0.018028846153846152
1 0.45913461538461536 0.4579326923076923 0.021634615384615384 0.028846153846153848
1 0.5036057692307693 0.47596153846153844 0.027644230769230768 0.04326923076923077
1 0.47716346153846156 0.48677884615384615 0.06129807692307692 0.0625
2 0.4098557692307692 0.421875 0.006009615384615385 0.015625
1 0.37259615384615385 0.484375 0.06971153846153846 0.06971153846153846
1 0.14182692307692307 0.5480769230769231 0.21995192307692307 0.1814903846153846
1 0.7151442307692307 0.4855769230769231 0.05048076923076923 0.04927884615384615