2 0.8509615384615384 0.5504807692307693 0.11057692307692307 0.25721153846153844
2 0.5144230769230769 0.4230769230769231 0.010817307692307692 0.025240384615384616
3 0.5685096153846154 0.4411057692307692 0.015625 0.046875
1 0.45072115384615385 0.40384615384615385 0.010817307692307692 0.013221153846153846
4 0.46274038461538464 0.40625 0.01201923076923077 0.019230769230769232
1 0.4675480769230769 0.41947115384615385 0.021634615384615384 0.019230769230769232
1 0.47115384615384615 0.44591346153846156 0.036057692307692304 0.040865384615384616
1 0.4519230769230769 0.45913461538461536 0.055288461538461536 0.055288461538461536
1 0.4375 0.4182692307692308 0.019230769230769232 0.02403846153846154
1 0.40865384615384615 0.40625 0.014423076923076924 0.015625
1 0.41586538461538464 0.4026442307692308 0.007211538461538462 0.01201923076923077
1 0.43028846153846156 0.39903846153846156 0.007211538461538462 0.009615384615384616
1 0.3942307692307692 0.45072115384615385 0.051682692307692304 0.056490384615384616
1 0.3762019230769231 0.40865384615384615 0.010817307692307692 0.013221153846153846
1 0.27524038461538464 0.5048076923076923 0.11899038461538461 0.11177884615384616
1 0.5300480769230769 0.4098557692307692 0.015625 0.015625
1 0.19951923076923078 0.4230769230769231 0.038461538461538464 0.018028846153846152