2 0.7331730769230769 0.5180288461538461 0.055288461538461536 0.1466346153846154
1 0.4206730769230769 0.46634615384615385 0.020432692307692308 0.025240384615384616
1 0.45913461538461536 0.49038461538461536 0.0829326923076923 0.09014423076923077
1 0.38822115384615385 0.46153846153846156 0.014423076923076924 0.013221153846153846
1 0.3473557692307692 0.4651442307692308 0.020432692307692308 0.015625
1 0.2644230769230769 0.47836538461538464 0.03485576923076923 0.038461538461538464
1 0.2403846153846154 0.4831730769230769 0.026442307692307692 0.037259615384615384
1 0.22596153846153846 0.4855769230769231 0.03485576923076923 0.040865384615384616
1 0.1971153846153846 0.47716346153846156 0.046875 0.037259615384615384
1 0.18509615384615385 0.49158653846153844 0.038461538461538464 0.03365384615384615
1 0.31009615384615385 0.4987980769230769 0.07932692307692307 0.07572115384615384
1 0.09014423076923077 0.5504807692307693 0.18028846153846154 0.19471153846153846