1 0.3786057692307692 0.47115384615384615 0.016826923076923076 0.021634615384615384
1 0.4170673076923077 0.46153846153846156 0.01201923076923077 0.009615384615384616
1 0.42788461538461536 0.46153846153846156 0.007211538461538462 0.009615384615384616
1 0.2824519230769231 0.4855769230769231 0.03245192307692308 0.040865384615384616
1 0.35336538461538464 0.49278846153846156 0.06370192307692307 0.06610576923076923
1 0.20673076923076922 0.5240384615384616 0.14903846153846154 0.1346153846153846
1 0.46875 0.4855769230769231 0.0625 0.06850961538461539
1 0.49278846153846156 0.46153846153846156 0.010817307692307692 0.013221153846153846
1 0.8389423076923077 0.49399038461538464 0.09375 0.09735576923076923
1 0.7596153846153846 0.49038461538461536 0.08413461538461539 0.09014423076923077
2 0.5600961538461539 0.4795673076923077 0.020432692307692308 0.04927884615384615