1 0.2536057692307692 0.4891826923076923 0.078125 0.06009615384615385
1 0.3629807692307692 0.4723557692307692 0.03245192307692308 0.03125
1 0.4831730769230769 0.4723557692307692 0.027644230769230768 0.03485576923076923
1 0.5168269230769231 0.4651442307692308 0.02403846153846154 0.03485576923076923
1 0.5060096153846154 0.4639423076923077 0.007211538461538462 0.021634615384615384
1 0.5384615384615384 0.4735576923076923 0.042067307692307696 0.040865384615384616
1 0.42908653846153844 0.45913461538461536 0.010817307692307692 0.015625
1 0.4411057692307692 0.45913461538461536 0.009615384615384616 0.007211538461538462
3 0.328125 0.47115384615384615 0.015625 0.03485576923076923
1 0.3112980769230769 0.47596153846153844 0.021634615384615384 0.028846153846153848
1 0.9254807692307693 0.5841346153846154 0.14543269230769232 0.5384615384615384