1 0.5793269230769231 0.6201923076923077 0.026442307692307692 0.03365384615384615
1 0.5480769230769231 0.6201923076923077 0.02403846153846154 0.025240384615384616
1 0.5120192307692307 0.6225961538461539 0.021634615384615384 0.027644230769230768
1 0.4519230769230769 0.6177884615384616 0.014423076923076924 0.018028846153846152
1 0.4675480769230769 0.6274038461538461 0.021634615384615384 0.027644230769230768
1 0.49038461538461536 0.6274038461538461 0.030048076923076924 0.03365384615384615
1 0.06850961538461539 0.6514423076923077 0.13701923076923078 0.06850961538461539
1 0.2536057692307692 0.6947115384615384 0.15144230769230768 0.13701923076923078
1 0.34375 0.6310096153846154 0.0625 0.03125
1 0.5240384615384616 0.6177884615384616 0.015625 0.021634615384615384
1 0.38221153846153844 0.6274038461538461 0.042067307692307696 0.028846153846153848