3 0.4735576923076923 0.6430288461538461 0.019230769230769232 0.06610576923076923
3 0.45913461538461536 0.6430288461538461 0.02403846153846154 0.07451923076923077
1 0.12860576923076922 0.7175480769230769 0.25600961538461536 0.27163461538461536
1 0.2800480769230769 0.6586538461538461 0.0733173076923077 0.07572115384615384
1 0.3293269230769231 0.6514423076923077 0.051682692307692304 0.06490384615384616
1 0.36538461538461536 0.6478365384615384 0.036057692307692304 0.04927884615384615
1 0.40024038461538464 0.6514423076923077 0.0625 0.06009615384615385
1 0.4362980769230769 0.6322115384615384 0.02403846153846154 0.027644230769230768
1 0.5384615384615384 0.6225961538461539 0.020432692307692308 0.02403846153846154
1 0.5120192307692307 0.6213942307692307 0.014423076923076924 0.015625
1 0.5228365384615384 0.6189903846153846 0.010817307692307692 0.015625
1 0.5120192307692307 0.6201923076923077 0.014423076923076924 0.013221153846153846
1 0.4963942307692308 0.6201923076923077 0.01201923076923077 0.013221153846153846