1 0.057692307692307696 0.6742788461538461 0.11538461538461539 0.30649038461538464
4 0.4387019230769231 0.5108173076923077 0.1346153846153846 0.27884615384615385
4 0.28725961538461536 0.5865384615384616 0.08413461538461539 0.11177884615384616
1 0.1346153846153846 0.5973557692307693 0.056490384615384616 0.06610576923076923
1 0.3545673076923077 0.5913461538461539 0.04326923076923077 0.05048076923076923
1 0.5432692307692307 0.5733173076923077 0.056490384615384616 0.056490384615384616
1 0.5973557692307693 0.5685096153846154 0.042067307692307696 0.04326923076923077
1 0.23677884615384615 0.5841346153846154 0.042067307692307696 0.05048076923076923
3 0.6814903846153846 0.5540865384615384 0.016826923076923076 0.04447115384615385
3 0.6454326923076923 0.546875 0.009615384615384616 0.03485576923076923
3 0.6358173076923077 0.5480769230769231 0.009615384615384616 0.03365384615384615
4 0.16105769230769232 0.5721153846153846 0.08413461538461539 0.06610576923076923