3 0.9242788461538461 0.5685096153846154 0.02403846153846154 0.09375
3 0.953125 0.5757211538461539 0.01201923076923077 0.06610576923076923
3 0.8149038461538461 0.5552884615384616 0.014423076923076924 0.055288461538461536
1 0.7475961538461539 0.5757211538461539 0.0733173076923077 0.0625
1 0.6862980769230769 0.5721153846153846 0.05889423076923077 0.05048076923076923
1 0.6033653846153846 0.578125 0.0673076923076923 0.06971153846153846
1 0.5108173076923077 0.5745192307692307 0.03485576923076923 0.04326923076923077
4 0.4326923076923077 0.5288461538461539 0.10576923076923077 0.22115384615384615
1 0.31850961538461536 0.5853365384615384 0.0625 0.07572115384615384
1 0.24879807692307693 0.5925480769230769 0.06971153846153846 0.052884615384615384
1 0.109375 0.6069711538461539 0.06610576923076923 0.056490384615384616
1 0.15985576923076922 0.5985576923076923 0.05048076923076923 0.052884615384615384
1 0.06610576923076923 0.6021634615384616 0.030048076923076924 0.04447115384615385
3 0.7920673076923077 0.5576923076923077 0.019230769230769232 0.06850961538461539
1 0.19110576923076922 0.5889423076923077 0.040865384615384616 0.056490384615384616
3 0.78125 0.5444711538461539 0.015625 0.040865384615384616