1 0.0673076923076923 0.6117788461538461 0.06850961538461539 0.07451923076923077
1 0.14423076923076922 0.5961538461538461 0.046875 0.04326923076923077
1 0.22235576923076922 0.6045673076923077 0.10817307692307693 0.12740384615384615
1 0.5877403846153846 0.5769230769230769 0.057692307692307696 0.04927884615384615
4 0.3161057692307692 0.5829326923076923 0.0625 0.07572115384615384
4 0.41586538461538464 0.5240384615384616 0.1141826923076923 0.25240384615384615
4 0.49278846153846156 0.5552884615384616 0.021634615384615384 0.03485576923076923
1 0.48677884615384615 0.5793269230769231 0.016826923076923076 0.04927884615384615
1 0.6322115384615384 0.5697115384615384 0.03245192307692308 0.04326923076923077
2 0.7716346153846154 0.5612980769230769 0.030048076923076924 0.052884615384615384
3 0.7463942307692307 0.5600961538461539 0.025240384615384616 0.04927884615384615
3 0.6850961538461539 0.5492788461538461 0.014423076923076924 0.040865384615384616
3 0.671875 0.5540865384615384 0.01201923076923077 0.040865384615384616
1 0.3581730769230769 0.5829326923076923 0.027644230769230768 0.056490384615384616