4 0.4362980769230769 0.5 0.12620192307692307 0.265625
1 0.6033653846153846 0.5540865384615384 0.055288461538461536 0.04447115384615385
1 0.515625 0.5588942307692307 0.03485576923076923 0.05048076923076923
4 0.3125 0.5685096153846154 0.06850961538461539 0.09375
1 0.36538461538461536 0.5661057692307693 0.036057692307692304 0.055288461538461536
1 0.15745192307692307 0.6057692307692307 0.15625 0.18389423076923078
1 0.25841346153846156 0.5649038461538461 0.038461538461538464 0.03485576923076923
3 0.7836538461538461 0.5360576923076923 0.020432692307692308 0.04447115384615385
3 0.7151442307692307 0.5384615384615384 0.010817307692307692 0.040865384615384616
3 0.6682692307692307 0.5324519230769231 0.01201923076923077 0.03365384615384615
3 0.6598557692307693 0.5336538461538461 0.015625 0.037259615384615384
3 0.7247596153846154 0.5456730769230769 0.010817307692307692 0.028846153846153848
4 0.038461538461538464 0.5637019230769231 0.07692307692307693 0.09615384615384616