4 0.28725961538461536 0.5492788461538461 0.1346153846153846 0.1622596153846154
4 0.4543269230769231 0.5132211538461539 0.1045673076923077 0.2247596153846154
1 0.6971153846153846 0.5865384615384616 0.09975961538461539 0.10697115384615384
1 0.5168269230769231 0.5552884615384616 0.020432692307692308 0.03365384615384615
1 0.36899038461538464 0.5600961538461539 0.03125 0.046875
3 0.8569711538461539 0.5697115384615384 0.026442307692307692 0.10697115384615384
3 0.9723557692307693 0.5540865384615384 0.027644230769230768 0.11538461538461539
4 0.9050480769230769 0.5552884615384616 0.10336538461538461 0.11899038461538461
3 0.7908653846153846 0.5492788461538461 0.01201923076923077 0.06610576923076923
3 0.8185096153846154 0.5492788461538461 0.014423076923076924 0.06610576923076923
4 0.06009615384615385 0.5600961538461539 0.1201923076923077 0.078125
1 0.17548076923076922 0.5769230769230769 0.042067307692307696 0.04927884615384615