1 0.1346153846153846 0.6117788461538461 0.0673076923076923 0.046875
4 0.2692307692307692 0.5612980769230769 0.0673076923076923 0.07572115384615384
4 0.1658653846153846 0.5661057692307693 0.06610576923076923 0.07451923076923077
2 0.026442307692307692 0.6213942307692307 0.019230769230769232 0.046875
4 0.21634615384615385 0.5528846153846154 0.036057692307692304 0.05048076923076923
1 0.23317307692307693 0.5949519230769231 0.046875 0.03365384615384615
1 0.5192307692307693 0.5877403846153846 0.051682692307692304 0.0625
1 0.7211538461538461 0.5721153846153846 0.06129807692307692 0.05889423076923077
1 0.6586538461538461 0.5709134615384616 0.038461538461538464 0.040865384615384616
4 0.6057692307692307 0.5504807692307693 0.06129807692307692 0.10096153846153846
1 0.4891826923076923 0.5757211538461539 0.025240384615384616 0.04326923076923077
1 0.35336538461538464 0.5757211538461539 0.03485576923076923 0.019230769230769232
1 0.31009615384615385 0.5829326923076923 0.02403846153846154 0.025240384615384616
1 0.3269230769230769 0.578125 0.025240384615384616 0.027644230769230768
4 0.8485576923076923 0.53125 0.09375 0.06610576923076923