1 0.021634615384615384 0.6153846153846154 0.04326923076923077 0.05889423076923077
1 0.057692307692307696 0.5913461538461539 0.052884615384615384 0.05048076923076923
1 0.11538461538461539 0.578125 0.05889423076923077 0.0625
1 0.15504807692307693 0.5793269230769231 0.030048076923076924 0.052884615384615384
1 0.19471153846153846 0.5757211538461539 0.06129807692307692 0.06610576923076923
1 0.23557692307692307 0.5709134615384616 0.042067307692307696 0.06490384615384616
3 0.2932692307692308 0.5649038461538461 0.021634615384615384 0.046875
1 0.3401442307692308 0.59375 0.1971153846153846 0.08653846153846154
1 0.4831730769230769 0.5612980769230769 0.04567307692307692 0.052884615384615384
1 0.5096153846153846 0.5721153846153846 0.05889423076923077 0.05889423076923077
1 0.5420673076923077 0.5540865384615384 0.027644230769230768 0.037259615384615384
4 0.7908653846153846 0.5264423076923077 0.25600961538461536 0.17427884615384615
1 0.6526442307692307 0.5697115384615384 0.03485576923076923 0.05889423076923077