1 0.046875 0.6105769230769231 0.09375 0.07572115384615384
1 0.10817307692307693 0.6069711538461539 0.04567307692307692 0.052884615384615384
1 0.15504807692307693 0.5961538461538461 0.056490384615384616 0.06850961538461539
1 0.18389423076923078 0.6009615384615384 0.06971153846153846 0.07451923076923077
2 0.2644230769230769 0.6033653846153846 0.051682692307692304 0.07451923076923077
1 0.4206730769230769 0.5757211538461539 0.026442307692307692 0.03365384615384615
1 0.4543269230769231 0.5805288461538461 0.03125 0.038461538461538464
1 0.5 0.5829326923076923 0.046875 0.04927884615384615
1 0.6129807692307693 0.5985576923076923 0.14182692307692307 0.07211538461538461
2 0.7007211538461539 0.5901442307692307 0.04567307692307692 0.06971153846153846
3 0.921875 0.5625 0.027644230769230768 0.07451923076923077