1 0.0733173076923077 0.5961538461538461 0.052884615384615384 0.038461538461538464
1 0.20072115384615385 0.5757211538461539 0.038461538461538464 0.03485576923076923
1 0.2668269230769231 0.5661057692307693 0.030048076923076924 0.019230769230769232
1 0.37259615384615385 0.5649038461538461 0.020432692307692308 0.019230769230769232
1 0.4254807692307692 0.5793269230769231 0.04807692307692308 0.052884615384615384
1 0.4807692307692308 0.5973557692307693 0.07932692307692307 0.08653846153846154
1 0.6706730769230769 0.5757211538461539 0.06370192307692307 0.05889423076923077
1 0.5300480769230769 0.5600961538461539 0.02403846153846154 0.025240384615384616
1 0.4879807692307692 0.5504807692307693 0.02403846153846154 0.01201923076923077
1 0.46274038461538464 0.5540865384615384 0.021634615384615384 0.013221153846153846
4 0.5060096153846154 0.5420673076923077 0.014423076923076924 0.025240384615384616
3 0.01201923076923077 0.5865384615384616 0.01201923076923077 0.028846153846153848
3 0.055288461538461536 0.5805288461538461 0.009615384615384616 0.025240384615384616