0 0.35096153846153844 0.5444711538461539 0.026442307692307692 0.040865384615384616
4 0.4254807692307692 0.5336538461538461 0.01201923076923077 0.018028846153846152
4 0.5 0.5288461538461539 0.021634615384615384 0.028846153846153848
3 0.03485576923076923 0.5757211538461539 0.010817307692307692 0.046875
2 0.07932692307692307 0.5793269230769231 0.03125 0.04447115384615385
1 0.3954326923076923 0.5697115384615384 0.052884615384615384 0.0625
1 0.4230769230769231 0.5673076923076923 0.02403846153846154 0.052884615384615384
1 0.5096153846153846 0.59375 0.0985576923076923 0.10096153846153846
1 0.5721153846153846 0.5649038461538461 0.040865384615384616 0.05048076923076923
2 0.7692307692307693 0.5480769230769231 0.03245192307692308 0.037259615384615384
1 0.6754807692307693 0.5492788461538461 0.07692307692307693 0.040865384615384616