3 0.8509615384615384 0.5540865384615384 0.02403846153846154 0.06490384615384616
1 0.7391826923076923 0.5516826923076923 0.06610576923076923 0.03365384615384615
1 0.4963942307692308 0.5949519230769231 0.0829326923076923 0.08774038461538461
1 0.546875 0.5709134615384616 0.03485576923076923 0.040865384615384616
1 0.4026442307692308 0.578125 0.04567307692307692 0.055288461538461536
1 0.4266826923076923 0.5745192307692307 0.019230769230769232 0.04326923076923077
4 0.4891826923076923 0.5420673076923077 0.019230769230769232 0.028846153846153848
2 0.22355769230769232 0.5757211538461539 0.019230769230769232 0.03125
3 0.10576923076923077 0.5829326923076923 0.016826923076923076 0.040865384615384616
2 0.18389423076923078 0.5805288461538461 0.025240384615384616 0.027644230769230768
1 0.02283653846153846 0.5889423076923077 0.04567307692307692 0.07211538461538461
0 0.36538461538461536 0.5552884615384616 0.021634615384615384 0.028846153846153848