2 0.040865384615384616 0.5733173076923077 0.025240384615384616 0.052884615384615384
0 0.1935096153846154 0.5456730769230769 0.06129807692307692 0.06009615384615385
1 0.14423076923076922 0.5420673076923077 0.04567307692307692 0.021634615384615384
2 0.30288461538461536 0.5480769230769231 0.01201923076923077 0.021634615384615384
4 0.3737980769230769 0.5240384615384616 0.03245192307692308 0.052884615384615384
4 0.5 0.5240384615384616 0.01201923076923077 0.02403846153846154
1 0.84375 0.6454326923076923 0.23798076923076922 0.2127403846153846
1 0.15144230769230768 0.6490384615384616 0.2127403846153846 0.20072115384615385
1 0.05889423076923077 0.7331730769230769 0.11778846153846154 0.34975961538461536
1 0.4579326923076923 0.5576923076923077 0.1502403846153846 0.056490384615384616
1 0.4675480769230769 0.7884615384615384 0.4795673076923077 0.4182692307692308