1 0.05048076923076923 0.7319711538461539 0.09975961538461539 0.296875
4 0.359375 0.5276442307692307 0.037259615384615384 0.05889423076923077
0 0.19230769230769232 0.5540865384615384 0.06610576923076923 0.06490384615384616
1 0.14302884615384615 0.6550480769230769 0.22596153846153846 0.20552884615384615
1 0.4699519230769231 0.7884615384615384 0.4891826923076923 0.41586538461538464
2 0.3173076923076923 0.5961538461538461 0.04326923076923077 0.06971153846153846
1 0.4543269230769231 0.5649038461538461 0.15144230769230768 0.06490384615384616
1 0.8677884615384616 0.6574519230769231 0.25600961538461536 0.2127403846153846
2 0.2824519230769231 0.5540865384615384 0.019230769230769232 0.021634615384615384
3 0.24879807692307693 0.5516826923076923 0.010817307692307692 0.021634615384615384
4 0.5012019230769231 0.5252403846153846 0.01201923076923077 0.019230769230769232