1 0.021634615384615384 0.6009615384615384 0.042067307692307696 0.038461538461538464
1 0.07692307692307693 0.5925480769230769 0.07692307692307693 0.040865384615384616
1 0.46033653846153844 0.5697115384615384 0.016826923076923076 0.019230769230769232
1 0.5024038461538461 0.5793269230769231 0.04567307692307692 0.04927884615384615
1 0.5841346153846154 0.5721153846153846 0.03125 0.03125
4 0.5300480769230769 0.5673076923076923 0.03245192307692308 0.04927884615384615
3 0.9663461538461539 0.5805288461538461 0.038461538461538464 0.140625
3 0.6370192307692307 0.5588942307692307 0.010817307692307692 0.03485576923076923
3 0.6490384615384616 0.5564903846153846 0.010817307692307692 0.03485576923076923
3 0.6370192307692307 0.5841346153846154 0.019230769230769232 0.027644230769230768
3 0.6742788461538461 0.5661057692307693 0.014423076923076924 0.05048076923076923
2 0.3629807692307692 0.5709134615384616 0.009615384615384616 0.025240384615384616