1 0.0733173076923077 0.6322115384615384 0.1346153846153846 0.10697115384615384
1 0.5661057692307693 0.6502403846153846 0.17067307692307693 0.171875
1 0.4495192307692308 0.5961538461538461 0.06129807692307692 0.06610576923076923
1 0.38341346153846156 0.5853365384615384 0.042067307692307696 0.04447115384615385
1 0.2956730769230769 0.5877403846153846 0.052884615384615384 0.046875
1 0.34975961538461536 0.5817307692307693 0.037259615384615384 0.04326923076923077
4 0.4026442307692308 0.5637019230769231 0.027644230769230768 0.040865384615384616
1 0.8942307692307693 0.5600961538461539 0.20793269230769232 0.10096153846153846
1 0.6947115384615384 0.5600961538461539 0.09495192307692307 0.040865384615384616
1 0.6370192307692307 0.5576923076923077 0.06129807692307692 0.028846153846153848
1 0.8245192307692307 0.5384615384615384 0.040865384615384616 0.025240384615384616