0 0.9387019230769231 0.5024038461538461 0.11899038461538461 0.2091346153846154
1 0.35096153846153844 0.5709134615384616 0.030048076923076924 0.028846153846153848
0 0.4879807692307692 0.5492788461538461 0.03245192307692308 0.04447115384615385
1 0.625 0.5600961538461539 0.0625 0.03365384615384615
1 0.5192307692307693 0.5552884615384616 0.030048076923076924 0.037259615384615384
1 0.7259615384615384 0.5384615384615384 0.04326923076923077 0.013221153846153846
2 0.45913461538461536 0.5600961538461539 0.015625 0.027644230769230768
1 0.36899038461538464 0.5697115384615384 0.01201923076923077 0.018028846153846152
1 0.2932692307692308 0.5685096153846154 0.019230769230769232 0.019230769230769232
1 0.24278846153846154 0.5709134615384616 0.016826923076923076 0.021634615384615384
1 0.3269230769230769 0.5625 0.01201923076923077 0.01201923076923077