1 0.03485576923076923 0.5757211538461539 0.052884615384615384 0.04927884615384615
1 0.13701923076923078 0.5637019230769231 0.046875 0.025240384615384616
1 0.17548076923076922 0.5697115384615384 0.038461538461538464 0.037259615384615384
1 0.37259615384615385 0.5805288461538461 0.3016826923076923 0.1502403846153846
4 0.9471153846153846 0.5060096153846154 0.10096153846153846 0.14903846153846154
1 0.5528846153846154 0.5528846153846154 0.046875 0.038461538461538464
4 0.5637019230769231 0.5144230769230769 0.056490384615384616 0.06850961538461539
4 0.6262019230769231 0.5228365384615384 0.06129807692307692 0.052884615384615384
1 0.7992788461538461 0.5192307692307693 0.042067307692307696 0.019230769230769232
1 0.8545673076923077 0.5192307692307693 0.08413461538461539 0.02403846153846154
4 0.21153846153846154 0.5432692307692307 0.027644230769230768 0.02403846153846154
1 0.4735576923076923 0.5396634615384616 0.025240384615384616 0.018028846153846152