1 0.13822115384615385 0.6069711538461539 0.055288461538461536 0.056490384615384616
0 0.17548076923076922 0.5709134615384616 0.03125 0.037259615384615384
1 0.22596153846153846 0.5973557692307693 0.05048076923076923 0.05048076923076923
1 0.5 0.5805288461538461 0.09975961538461539 0.056490384615384616
1 0.5697115384615384 0.5432692307692307 0.057692307692307696 0.07451923076923077
1 0.6358173076923077 0.5480769230769231 0.06610576923076923 0.06009615384615385
2 0.9038461538461539 0.5853365384615384 0.038461538461538464 0.09134615384615384
1 0.29447115384615385 0.578125 0.03245192307692308 0.027644230769230768
1 0.8774038461538461 0.546875 0.09254807692307693 0.027644230769230768
0 0.3016826923076923 0.5625 0.015625 0.027644230769230768
1 0.8185096153846154 0.546875 0.055288461538461536 0.02403846153846154