0 0.09254807692307693 0.5649038461538461 0.18389423076923078 0.11298076923076923
1 0.359375 0.5661057692307693 0.05889423076923077 0.055288461538461536
2 0.453125 0.5564903846153846 0.040865384615384616 0.0625
1 0.5168269230769231 0.6033653846153846 0.140625 0.14903846153846154
4 0.6730769230769231 0.5252403846153846 0.03245192307692308 0.046875
3 0.9254807692307693 0.5132211538461539 0.016826923076923076 0.05889423076923077
1 0.7848557692307693 0.5288461538461539 0.038461538461538464 0.027644230769230768
0 0.5408653846153846 0.5240384615384616 0.020432692307692308 0.018028846153846152
1 0.25961538461538464 0.5528846153846154 0.026442307692307692 0.02403846153846154
1 0.3088942307692308 0.5612980769230769 0.03125 0.028846153846153848
1 0.20192307692307693 0.5552884615384616 0.042067307692307696 0.05048076923076923
1 0.5697115384615384 0.5384615384615384 0.02403846153846154 0.02403846153846154