2 0.48197115384615385 0.6610576923076923 0.07692307692307693 0.12740384615384615
2 0.9026442307692307 0.6225961538461539 0.036057692307692304 0.08413461538461539
1 0.36778846153846156 0.6177884615384616 0.051682692307692304 0.05048076923076923
1 0.71875 0.6899038461538461 0.40024038461538464 0.16346153846153846
0 0.22956730769230768 0.6009615384615384 0.040865384615384616 0.052884615384615384
4 0.7151442307692307 0.5576923076923077 0.0829326923076923 0.09134615384615384
4 0.8137019230769231 0.5697115384615384 0.08653846153846154 0.08413461538461539
1 0.015625 0.6274038461538461 0.03125 0.03125
1 0.41225961538461536 0.5997596153846154 0.021634615384615384 0.027644230769230768
0 0.39783653846153844 0.5865384615384616 0.016826923076923076 0.021634615384615384
1 0.3293269230769231 0.6045673076923077 0.026442307692307692 0.037259615384615384
1 0.5949519230769231 0.5901442307692307 0.038461538461538464 0.019230769230769232
1 0.46153846153846156 0.5973557692307693 0.014423076923076924 0.015625