2 0.046875 0.5973557692307693 0.052884615384615384 0.0625
3 0.08173076923076923 0.5769230769230769 0.015625 0.040865384615384616
2 0.18870192307692307 0.6177884615384616 0.07451923076923077 0.11778846153846154
1 0.38221153846153844 0.7620192307692307 0.4723557692307692 0.4723557692307692
2 0.6454326923076923 0.5528846153846154 0.037259615384615384 0.055288461538461536
2 0.7235576923076923 0.5528846153846154 0.019230769230769232 0.04326923076923077
1 0.9026442307692307 0.5360576923076923 0.09375 0.04927884615384615
1 0.8401442307692307 0.5348557692307693 0.06610576923076923 0.05048076923076923
3 0.9278846153846154 0.5024038461538461 0.021634615384615384 0.037259615384615384
3 0.9867788461538461 0.5444711538461539 0.014423076923076924 0.06850961538461539
1 0.7716346153846154 0.5360576923076923 0.042067307692307696 0.037259615384615384
1 0.7247596153846154 0.5348557692307693 0.04326923076923077 0.03485576923076923