3 0.05889423076923077 0.5913461538461539 0.01201923076923077 0.05048076923076923
3 0.06971153846153846 0.6033653846153846 0.009615384615384616 0.027644230769230768
1 0.14302884615384615 0.6153846153846154 0.1201923076923077 0.09735576923076923
1 0.20793269230769232 0.5889423076923077 0.03485576923076923 0.037259615384615384
1 0.3581730769230769 0.7007211538461539 0.3016826923076923 0.34134615384615385
2 0.6490384615384616 0.5649038461538461 0.014423076923076924 0.040865384615384616
2 0.7199519230769231 0.5877403846153846 0.038461538461538464 0.09014423076923077
1 0.84375 0.5492788461538461 0.05889423076923077 0.04326923076923077
1 0.9098557692307693 0.5528846153846154 0.09495192307692307 0.05048076923076923
3 0.9290865384615384 0.5216346153846154 0.020432692307692308 0.03485576923076923
3 0.9627403846153846 0.5372596153846154 0.014423076923076924 0.05048076923076923
0 0.48677884615384615 0.5540865384615384 0.020432692307692308 0.025240384615384616
1 0.4699519230769231 0.5612980769230769 0.010817307692307692 0.013221153846153846
1 0.5096153846153846 0.5600961538461539 0.01201923076923077 0.015625
4 0.6358173076923077 0.5492788461538461 0.03485576923076923 0.055288461538461536
1 0.6911057692307693 0.5588942307692307 0.030048076923076924 0.02403846153846154
1 0.78125 0.5540865384615384 0.046875 0.040865384615384616