3 0.07211538461538461 0.6069711538461539 0.015625 0.046875
3 0.08173076923076923 0.6117788461538461 0.01201923076923077 0.03485576923076923
1 0.042067307692307696 0.6935096153846154 0.08413461538461539 0.21153846153846154
1 0.1045673076923077 0.5865384615384616 0.056490384615384616 0.06009615384615385
1 0.15144230769230768 0.5865384615384616 0.03125 0.037259615384615384
1 0.23557692307692307 0.5949519230769231 0.030048076923076924 0.03365384615384615
2 0.9122596153846154 0.5709134615384616 0.030048076923076924 0.07211538461538461
4 0.7055288461538461 0.5480769230769231 0.038461538461538464 0.06009615384615385
1 0.8689903846153846 0.5492788461538461 0.05889423076923077 0.040865384615384616
1 0.9447115384615384 0.5444711538461539 0.078125 0.05048076923076923
1 0.9807692307692307 0.5528846153846154 0.03485576923076923 0.0625
1 0.19591346153846154 0.5865384615384616 0.03245192307692308 0.028846153846153848
0 0.546875 0.5528846153846154 0.019230769230769232 0.027644230769230768
1 0.5240384615384616 0.5600961538461539 0.01201923076923077 0.015625
1 0.8269230769230769 0.5480769230769231 0.020432692307692308 0.037259615384615384
1 0.8076923076923077 0.5540865384615384 0.019230769230769232 0.025240384615384616
4 0.3161057692307692 0.6177884615384616 0.1201923076923077 0.15625