1 0.21995192307692307 0.6959134615384616 0.2764423076923077 0.27524038461538464
4 0.32211538461538464 0.6045673076923077 0.07692307692307693 0.12259615384615384
2 0.8100961538461539 0.5865384615384616 0.036057692307692304 0.06610576923076923
2 0.5865384615384616 0.5649038461538461 0.027644230769230768 0.037259615384615384
3 0.040865384615384616 0.5997596153846154 0.01201923076923077 0.04326923076923077
3 0.04807692307692308 0.6069711538461539 0.009615384615384616 0.025240384615384616
1 0.9338942307692307 0.5528846153846154 0.10336538461538461 0.046875
4 0.6418269230769231 0.5492788461538461 0.037259615384615384 0.05889423076923077
3 0.9423076923076923 0.5240384615384616 0.01201923076923077 0.03125
1 0.8653846153846154 0.5516826923076923 0.0733173076923077 0.052884615384615384
1 0.06850961538461539 0.5889423076923077 0.052884615384615384 0.06009615384615385