2 0.03245192307692308 0.6334134615384616 0.036057692307692304 0.08413461538461539
1 0.12860576923076922 0.6081730769230769 0.07692307692307693 0.08413461538461539
1 0.36538461538461536 0.5829326923076923 0.03485576923076923 0.04447115384615385
1 0.5012019230769231 0.5769230769230769 0.030048076923076924 0.028846153846153848
2 0.6298076923076923 0.5757211538461539 0.015625 0.04447115384615385
1 0.7175480769230769 0.5877403846153846 0.06971153846153846 0.0625
1 0.6814903846153846 0.5865384615384616 0.038461538461538464 0.06009615384615385
3 0.9759615384615384 0.5721153846153846 0.014423076923076924 0.055288461538461536
1 0.9002403846153846 0.5757211538461539 0.0829326923076923 0.038461538461538464
4 0.5865384615384616 0.5600961538461539 0.03485576923076923 0.05048076923076923
1 0.4098557692307692 0.5733173076923077 0.014423076923076924 0.021634615384615384
2 0.21394230769230768 0.5997596153846154 0.027644230769230768 0.038461538461538464