0 0.03125 0.5625 0.0625 0.19951923076923078
1 0.17067307692307693 0.6021634615384616 0.12379807692307693 0.10336538461538461
1 0.3713942307692308 0.5973557692307693 0.0829326923076923 0.09014423076923077
1 0.49278846153846156 0.6105769230769231 0.1346153846153846 0.1346153846153846
2 0.7319711538461539 0.5661057692307693 0.036057692307692304 0.08653846153846154
1 0.8966346153846154 0.5504807692307693 0.08653846153846154 0.109375
3 0.9507211538461539 0.5612980769230769 0.036057692307692304 0.07211538461538461
1 0.5444711538461539 0.5564903846153846 0.06129807692307692 0.05048076923076923
1 0.41466346153846156 0.5649038461538461 0.030048076923076924 0.038461538461538464
3 0.6634615384615384 0.5492788461538461 0.01201923076923077 0.04326923076923077
3 0.6526442307692307 0.5600961538461539 0.010817307692307692 0.02403846153846154