2 0.03125 0.6165865384615384 0.025240384615384616 0.08052884615384616
0 0.28846153846153844 0.5625 0.07932692307692307 0.055288461538461536
1 0.4699519230769231 0.5673076923076923 0.03125 0.040865384615384616
0 0.5168269230769231 0.5444711538461539 0.12379807692307693 0.05889423076923077
1 0.5973557692307693 0.5685096153846154 0.02403846153846154 0.06610576923076923
1 0.6237980769230769 0.5612980769230769 0.03485576923076923 0.06009615384615385
3 0.7331730769230769 0.5576923076923077 0.020432692307692308 0.056490384615384616
1 0.8461538461538461 0.546875 0.08653846153846154 0.06971153846153846
1 0.8894230769230769 0.5721153846153846 0.14903846153846154 0.09375
3 0.7151442307692307 0.5564903846153846 0.010817307692307692 0.05048076923076923
1 0.4266826923076923 0.5637019230769231 0.027644230769230768 0.03365384615384615
1 0.44471153846153844 0.5600961538461539 0.020432692307692308 0.025240384615384616
3 0.7752403846153846 0.5649038461538461 0.015625 0.06971153846153846
3 0.0673076923076923 0.5865384615384616 0.019230769230769232 0.07211538461538461
3 0.12620192307692307 0.5829326923076923 0.010817307692307692 0.040865384615384616