1 0.21514423076923078 0.6418269230769231 0.1141826923076923 0.15865384615384615
1 0.43990384615384615 0.5132211538461539 0.15144230769230768 0.037259615384615384
1 0.4338942307692308 0.7620192307692307 0.5264423076923077 0.4723557692307692
2 0.8942307692307693 0.5793269230769231 0.05889423076923077 0.13822115384615385
2 0.7956730769230769 0.5420673076923077 0.03245192307692308 0.06850961538461539
3 0.6850961538461539 0.5576923076923077 0.014423076923076924 0.025240384615384616
3 0.07692307692307693 0.5721153846153846 0.010817307692307692 0.038461538461538464
3 0.10817307692307693 0.5721153846153846 0.01201923076923077 0.04326923076923077
3 0.7007211538461539 0.5444711538461539 0.014423076923076924 0.052884615384615384
1 0.5925480769230769 0.5348557692307693 0.019230769230769232 0.019230769230769232
3 0.6454326923076923 0.5324519230769231 0.006009615384615385 0.028846153846153848