1 0.43028846153846156 0.7632211538461539 0.5456730769230769 0.47115384615384615
1 0.20673076923076922 0.6490384615384616 0.10336538461538461 0.15865384615384615
1 0.4375 0.5204326923076923 0.15625 0.037259615384615384
2 0.8966346153846154 0.5865384615384616 0.057692307692307696 0.140625
2 0.8473557692307693 0.5480769230769231 0.027644230769230768 0.07211538461538461
3 0.6850961538461539 0.5649038461538461 0.014423076923076924 0.027644230769230768
3 0.08774038461538461 0.5805288461538461 0.01201923076923077 0.040865384615384616
3 0.10576923076923077 0.5793269230769231 0.015625 0.04447115384615385
3 0.6995192307692307 0.5492788461538461 0.01201923076923077 0.052884615384615384
1 0.5925480769230769 0.5408653846153846 0.021634615384615384 0.02403846153846154
3 0.6454326923076923 0.5384615384615384 0.006009615384615385 0.03125