1 0.07932692307692307 0.6862980769230769 0.15865384615384615 0.18990384615384615
1 0.24879807692307693 0.6225961538461539 0.1045673076923077 0.09014423076923077
1 0.30408653846153844 0.6057692307692307 0.0733173076923077 0.08173076923076923
1 0.35096153846153844 0.5961538461538461 0.052884615384615384 0.08052884615384616
1 0.44471153846153844 0.6201923076923077 0.10576923076923077 0.12259615384615384
1 0.4963942307692308 0.5793269230769231 0.037259615384615384 0.052884615384615384
1 0.5564903846153846 0.6045673076923077 0.06971153846153846 0.10697115384615384
1 0.5192307692307693 0.5661057692307693 0.021634615384615384 0.03485576923076923
1 0.6009615384615384 0.5697115384615384 0.021634615384615384 0.03125
2 0.6730769230769231 0.5841346153846154 0.027644230769230768 0.06971153846153846
3 0.7067307692307693 0.5733173076923077 0.016826923076923076 0.056490384615384616
1 0.8064903846153846 0.6610576923076923 0.3545673076923077 0.16947115384615385