3 0.015625 0.5745192307692307 0.015625 0.055288461538461536
1 0.018028846153846152 0.6021634615384616 0.036057692307692304 0.09134615384615384
1 0.27283653846153844 0.5745192307692307 0.07692307692307693 0.06971153846153846
1 0.33533653846153844 0.5841346153846154 0.0889423076923077 0.078125
1 0.37740384615384615 0.5576923076923077 0.030048076923076924 0.028846153846153848
1 0.4495192307692308 0.609375 0.16105769230769232 0.18028846153846154
1 0.5625 0.5733173076923077 0.09014423076923077 0.1310096153846154
1 0.6442307692307693 0.5360576923076923 0.021634615384615384 0.025240384615384616
3 0.7199519230769231 0.5360576923076923 0.014423076923076924 0.040865384615384616
3 0.8064903846153846 0.5709134615384616 0.020432692307692308 0.037259615384615384
3 0.8317307692307693 0.5540865384615384 0.016826923076923076 0.07572115384615384
3 0.8617788461538461 0.5444711538461539 0.014423076923076924 0.07211538461538461
2 0.6971153846153846 0.5552884615384616 0.02403846153846154 0.06490384615384616