2 0.14423076923076922 0.5997596153846154 0.025240384615384616 0.06610576923076923
3 0.1622596153846154 0.6009615384615384 0.019230769230769232 0.05889423076923077
2 0.2512019230769231 0.5877403846153846 0.021634615384615384 0.055288461538461536
1 0.19471153846153846 0.59375 0.04567307692307692 0.038461538461538464
1 0.20673076923076922 0.5745192307692307 0.046875 0.027644230769230768
1 0.2403846153846154 0.5865384615384616 0.051682692307692304 0.052884615384615384
1 0.3137019230769231 0.5769230769230769 0.05889423076923077 0.028846153846153848
1 0.45913461538461536 0.5625 0.019230769230769232 0.02403846153846154
1 0.5084134615384616 0.6069711538461539 0.08653846153846154 0.08774038461538461
1 0.5456730769230769 0.5697115384615384 0.016826923076923076 0.019230769230769232
0 0.4795673076923077 0.5564903846153846 0.01201923076923077 0.02403846153846154
1 0.5925480769230769 0.5757211538461539 0.051682692307692304 0.056490384615384616
3 0.7463942307692307 0.5564903846153846 0.01201923076923077 0.038461538461538464
1 0.6959134615384616 0.5588942307692307 0.042067307692307696 0.04326923076923077
1 0.7992788461538461 0.5576923076923077 0.055288461538461536 0.04447115384615385
1 0.8185096153846154 0.5600961538461539 0.037259615384615384 0.04447115384615385
1 0.5649038461538461 0.5612980769230769 0.02403846153846154 0.025240384615384616
1 0.9026442307692307 0.5480769230769231 0.15144230769230768 0.08413461538461539
1 0.9074519230769231 0.5516826923076923 0.052884615384615384 0.07211538461538461
1 0.9663461538461539 0.5492788461538461 0.06370192307692307 0.08413461538461539