1 0.04567307692307692 0.6009615384615384 0.09134615384615384 0.052884615384615384
1 0.056490384615384616 0.5745192307692307 0.055288461538461536 0.03125
3 0.1045673076923077 0.5889423076923077 0.01201923076923077 0.052884615384615384
1 0.23798076923076922 0.5913461538461539 0.07932692307692307 0.09375
1 0.5300480769230769 0.6033653846153846 0.09735576923076923 0.09375
1 0.3894230769230769 0.5625 0.016826923076923076 0.019230769230769232
1 0.40024038461538464 0.5612980769230769 0.01201923076923077 0.018028846153846152
1 0.41225961538461536 0.5528846153846154 0.020432692307692308 0.027644230769230768
1 0.49038461538461536 0.5576923076923077 0.025240384615384616 0.028846153846153848
1 0.5300480769230769 0.5492788461538461 0.04567307692307692 0.03365384615384615
1 0.4338942307692308 0.5552884615384616 0.010817307692307692 0.013221153846153846
1 0.43028846153846156 0.546875 0.015625 0.015625
1 0.47475961538461536 0.5492788461538461 0.015625 0.018028846153846152
2 0.3329326923076923 0.5649038461538461 0.009615384615384616 0.021634615384615384
2 0.3425480769230769 0.5649038461538461 0.007211538461538462 0.015625
1 0.5552884615384616 0.5504807692307693 0.014423076923076924 0.019230769230769232