1 0.3233173076923077 0.5697115384615384 0.04326923076923077 0.040865384615384616
1 0.4266826923076923 0.5588942307692307 0.027644230769230768 0.03125
1 0.4675480769230769 0.5552884615384616 0.037259615384615384 0.04326923076923077
1 0.5504807692307693 0.5588942307692307 0.05048076923076923 0.04326923076923077
0 0.41466346153846156 0.5444711538461539 0.020432692307692308 0.03125
1 0.3762019230769231 0.5504807692307693 0.016826923076923076 0.019230769230769232
0 0.5216346153846154 0.5348557692307693 0.019230769230769232 0.03485576923076923
1 0.9675480769230769 0.5300480769230769 0.0625 0.040865384615384616
1 0.8882211538461539 0.5276442307692307 0.07692307692307693 0.04326923076923077
1 0.8533653846153846 0.5528846153846154 0.13581730769230768 0.0625
1 0.8245192307692307 0.5540865384615384 0.10096153846153846 0.056490384615384616
1 0.8004807692307693 0.5444711538461539 0.0985576923076923 0.06610576923076923
1 0.7584134615384616 0.5444711538461539 0.04807692307692308 0.046875
1 0.7427884615384616 0.5492788461538461 0.0673076923076923 0.05048076923076923
1 0.7355769230769231 0.546875 0.08413461538461539 0.046875
1 0.7163461538461539 0.5396634615384616 0.06971153846153846 0.04927884615384615
4 0.10096153846153846 0.5805288461538461 0.10096153846153846 0.09615384615384616
1 0.15384615384615385 0.5865384615384616 0.055288461538461536 0.055288461538461536
0 0.23557692307692307 0.5528846153846154 0.11899038461538461 0.12139423076923077