1 0.46153846153846156 0.5588942307692307 0.040865384615384616 0.055288461538461536
4 0.10096153846153846 0.5805288461538461 0.09975961538461539 0.09615384615384616
1 0.15264423076923078 0.5865384615384616 0.0625 0.055288461538461536
1 0.21995192307692307 0.578125 0.057692307692307696 0.046875
0 0.2704326923076923 0.5492788461538461 0.09735576923076923 0.10096153846153846
1 0.39663461538461536 0.5649038461538461 0.036057692307692304 0.038461538461538464
1 0.35336538461538464 0.5637019230769231 0.037259615384615384 0.037259615384615384
1 0.3245192307692308 0.5552884615384616 0.010817307692307692 0.025240384615384616
0 0.41346153846153844 0.5444711538461539 0.021634615384615384 0.028846153846153848
3 0.5240384615384616 0.5576923076923077 0.014423076923076924 0.040865384615384616
1 0.5552884615384616 0.5588942307692307 0.040865384615384616 0.04326923076923077
0 0.5228365384615384 0.5384615384615384 0.020432692307692308 0.037259615384615384
1 0.96875 0.5288461538461539 0.05889423076923077 0.04447115384615385
1 0.8533653846153846 0.5528846153846154 0.140625 0.0625
1 0.8137019230769231 0.5552884615384616 0.08413461538461539 0.055288461538461536
1 0.8064903846153846 0.546875 0.11057692307692307 0.06971153846153846
1 0.7716346153846154 0.5504807692307693 0.0733173076923077 0.055288461538461536
1 0.7403846153846154 0.5492788461538461 0.05889423076923077 0.04927884615384615
1 0.7379807692307693 0.5504807692307693 0.08413461538461539 0.05048076923076923
1 0.7211538461538461 0.5444711538461539 0.07932692307692307 0.0625
0 0.8918269230769231 0.5240384615384616 0.06610576923076923 0.040865384615384616