4 0.09975961538461539 0.5793269230769231 0.10096153846153846 0.09615384615384616
1 0.15504807692307693 0.5853365384615384 0.04567307692307692 0.056490384615384616
0 0.22235576923076922 0.5504807692307693 0.12980769230769232 0.125
1 0.31009615384615385 0.5697115384615384 0.04807692307692308 0.04447115384615385
1 0.96875 0.5276442307692307 0.05889423076923077 0.04326923076923077
1 0.8918269230769231 0.5264423076923077 0.0673076923076923 0.04927884615384615
1 0.8521634615384616 0.5504807692307693 0.14182692307692307 0.0625
1 0.8052884615384616 0.5444711538461539 0.10817307692307693 0.06971153846153846
1 0.7884615384615384 0.546875 0.109375 0.046875
1 0.7536057692307693 0.546875 0.08413461538461539 0.046875
1 0.7283653846153846 0.546875 0.07211538461538461 0.04326923076923077
1 0.71875 0.5396634615384616 0.07451923076923077 0.052884615384615384
1 0.3762019230769231 0.5492788461538461 0.016826923076923076 0.021634615384615384
0 0.41346153846153844 0.5444711538461539 0.019230769230769232 0.028846153846153848
0 0.5240384615384616 0.5408653846153846 0.021634615384615384 0.04326923076923077
1 0.4338942307692308 0.5540865384615384 0.025240384615384616 0.028846153846153848
1 0.4735576923076923 0.5528846153846154 0.03485576923076923 0.04326923076923077
1 0.5480769230769231 0.5588942307692307 0.055288461538461536 0.04326923076923077