1 0.9519230769230769 0.5733173076923077 0.09254807692307693 0.15384615384615385
1 0.9074519230769231 0.5793269230769231 0.18269230769230768 0.12740384615384615
1 0.8100961538461539 0.5757211538461539 0.24519230769230768 0.10697115384615384
4 0.6262019230769231 0.5372596153846154 0.21754807692307693 0.140625
1 0.25961538461538464 0.5793269230769231 0.055288461538461536 0.06009615384615385
4 0.5576923076923077 0.5492788461538461 0.17548076923076922 0.10336538461538461
1 0.4338942307692308 0.5600961538461539 0.11778846153846154 0.055288461538461536
4 0.42788461538461536 0.5444711538461539 0.14903846153846154 0.08413461538461539
0 0.23557692307692307 0.5516826923076923 0.04326923076923077 0.06490384615384616
1 0.030048076923076924 0.6105769230769231 0.06009615384615385 0.12980769230769232
0 0.09375 0.5877403846153846 0.05048076923076923 0.05048076923076923