1 0.08774038461538461 0.6274038461538461 0.15264423076923078 0.11778846153846154
1 0.12860576923076922 0.5769230769230769 0.04807692307692308 0.052884615384615384
3 0.17548076923076922 0.5805288461538461 0.02403846153846154 0.0625
2 0.3557692307692308 0.6634615384615384 0.0985576923076923 0.21514423076923078
1 0.49278846153846156 0.5865384615384616 0.09014423076923077 0.11177884615384616
3 0.41346153846153844 0.5805288461538461 0.02403846153846154 0.08173076923076923
1 0.35336538461538464 0.5673076923076923 0.05048076923076923 0.06490384615384616
1 0.44591346153846156 0.5492788461538461 0.016826923076923076 0.021634615384615384
0 0.5024038461538461 0.5336538461538461 0.04807692307692308 0.06971153846153846
1 0.5444711538461539 0.5576923076923077 0.030048076923076924 0.052884615384615384
1 0.7956730769230769 0.5516826923076923 0.13942307692307693 0.09975961538461539
1 0.9086538461538461 0.5625 0.10817307692307693 0.12139423076923077
1 0.9591346153846154 0.5697115384615384 0.078125 0.14302884615384615
4 0.7247596153846154 0.5240384615384616 0.16105769230769232 0.11298076923076923