1 0.4074519230769231 0.5673076923076923 0.025240384615384616 0.028846153846153848
1 0.9615384615384616 0.578125 0.07451923076923077 0.140625
1 0.9254807692307693 0.5673076923076923 0.14543269230769232 0.12259615384615384
1 0.8197115384615384 0.5600961538461539 0.18028846153846154 0.10096153846153846
4 0.7379807692307693 0.5276442307692307 0.16105769230769232 0.12139423076923077
1 0.5396634615384616 0.5661057692307693 0.030048076923076924 0.055288461538461536
1 0.4891826923076923 0.5901442307692307 0.09375 0.09735576923076923
0 0.4987980769230769 0.5432692307692307 0.05048076923076923 0.078125
1 0.3293269230769231 0.5661057692307693 0.020432692307692308 0.019230769230769232
1 0.28725961538461536 0.5733173076923077 0.03125 0.025240384615384616
2 0.33774038461538464 0.5805288461538461 0.04326923076923077 0.04326923076923077
3 0.29086538461538464 0.5757211538461539 0.009615384615384616 0.025240384615384616
1 0.12379807692307693 0.5865384615384616 0.04807692307692308 0.04927884615384615
3 0.24639423076923078 0.5925480769230769 0.026442307692307692 0.08774038461538461
3 0.25841346153846156 0.5889423076923077 0.020432692307692308 0.08774038461538461
4 0.3389423076923077 0.5504807692307693 0.09975961538461539 0.03485576923076923
1 0.4362980769230769 0.5637019230769231 0.026442307692307692 0.03365384615384615
3 0.3870192307692308 0.5805288461538461 0.025240384615384616 0.05048076923076923