3 0.4170673076923077 0.5889423076923077 0.03125 0.09134615384615384
1 0.9615384615384616 0.578125 0.07451923076923077 0.140625
1 0.9254807692307693 0.5673076923076923 0.14543269230769232 0.12259615384615384
1 0.8197115384615384 0.5600961538461539 0.18028846153846154 0.10096153846153846
1 0.7487980769230769 0.5612980769230769 0.10576923076923077 0.07211538461538461
1 0.7199519230769231 0.5612980769230769 0.0673076923076923 0.04927884615384615
4 0.7512019230769231 0.5288461538461539 0.1875 0.11899038461538461
1 0.5528846153846154 0.5661057692307693 0.056490384615384616 0.055288461538461536
1 0.4891826923076923 0.5889423076923077 0.09014423076923077 0.09615384615384616
0 0.4987980769230769 0.5432692307692307 0.05048076923076923 0.078125
1 0.3293269230769231 0.5661057692307693 0.020432692307692308 0.019230769230769232
1 0.12620192307692307 0.5889423076923077 0.04807692307692308 0.04927884615384615
1 0.06971153846153846 0.6262019230769231 0.13942307692307693 0.12740384615384615
2 0.3425480769230769 0.5865384615384616 0.02403846153846154 0.06490384615384616
3 0.19230769230769232 0.5853365384615384 0.025240384615384616 0.06009615384615385