1 0.8810096153846154 0.5733173076923077 0.1875 0.1502403846153846
1 0.7283653846153846 0.5709134615384616 0.11899038461538461 0.11177884615384616
1 0.6935096153846154 0.5576923076923077 0.09975961538461539 0.11899038461538461
1 0.6057692307692307 0.5552884615384616 0.025240384615384616 0.03485576923076923
1 0.5168269230769231 0.5600961538461539 0.07692307692307693 0.037259615384615384
2 0.4326923076923077 0.578125 0.021634615384615384 0.0625
1 0.07451923076923077 0.5841346153846154 0.07451923076923077 0.03485576923076923
1 0.31971153846153844 0.5817307692307693 0.07451923076923077 0.07451923076923077
1 0.25600961538461536 0.5805288461538461 0.04326923076923077 0.055288461538461536
1 0.23798076923076922 0.5889423076923077 0.038461538461538464 0.056490384615384616
1 0.19831730769230768 0.5925480769230769 0.06610576923076923 0.08052884615384616
1 0.16346153846153846 0.6069711538461539 0.09495192307692307 0.09375