1 0.20192307692307693 0.5697115384615384 0.04807692307692308 0.038461538461538464
1 0.31850961538461536 0.5528846153846154 0.030048076923076924 0.03125
0 0.8161057692307693 0.5036057692307693 0.24519230769230768 0.3004807692307692
1 0.43149038461538464 0.5432692307692307 0.020432692307692308 0.027644230769230768
4 0.44471153846153844 0.5348557692307693 0.020432692307692308 0.03485576923076923
0 0.4831730769230769 0.5444711538461539 0.021634615384615384 0.027644230769230768
0 0.5240384615384616 0.5396634615384616 0.021634615384615384 0.025240384615384616
0 0.6262019230769231 0.5504807692307693 0.040865384615384616 0.038461538461538464
2 0.5612980769230769 0.5444711538461539 0.010817307692307692 0.03365384615384615
4 0.6105769230769231 0.5252403846153846 0.057692307692307696 0.078125
3 0.2980769230769231 0.546875 0.007211538461538462 0.038461538461538464
1 0.9711538461538461 0.5649038461538461 0.055288461538461536 0.11298076923076923