4 0.8521634615384616 0.5673076923076923 0.2920673076923077 0.36899038461538464
1 0.051682692307692304 0.6033653846153846 0.046875 0.078125
4 0.02403846153846154 0.5925480769230769 0.04807692307692308 0.20072115384615385
1 0.4170673076923077 0.5600961538461539 0.05889423076923077 0.028846153846153848
1 0.46033653846153844 0.5697115384615384 0.042067307692307696 0.046875
2 0.6177884615384616 0.5600961538461539 0.020432692307692308 0.040865384615384616
1 0.6670673076923077 0.5480769230769231 0.07211538461538461 0.03365384615384615
1 0.5300480769230769 0.5600961538461539 0.038461538461538464 0.046875
1 0.49158653846153844 0.5637019230769231 0.02403846153846154 0.040865384615384616
1 0.4807692307692308 0.5625 0.025240384615384616 0.03125
0 0.14423076923076922 0.5637019230769231 0.14543269230769232 0.052884615384615384