1 0.10336538461538461 0.6826923076923077 0.20673076923076922 0.1778846153846154
1 0.24639423076923078 0.6334134615384616 0.15745192307692307 0.14302884615384615
1 0.6310096153846154 0.5865384615384616 0.06850961538461539 0.07451923076923077
1 0.6911057692307693 0.5552884615384616 0.027644230769230768 0.03485576923076923
0 0.7463942307692307 0.5528846153846154 0.0889423076923077 0.140625
1 0.4675480769230769 0.5865384615384616 0.07451923076923077 0.056490384615384616
1 0.5180288461538461 0.5649038461538461 0.04567307692307692 0.040865384615384616
1 0.5540865384615384 0.5625 0.03245192307692308 0.03485576923076923
4 0.6069711538461539 0.5336538461538461 0.051682692307692304 0.09014423076923077
1 0.6778846153846154 0.5264423076923077 0.019230769230769232 0.021634615384615384
1 0.9278846153846154 0.5180288461538461 0.056490384615384616 0.04447115384615385
1 0.8870192307692307 0.5408653846153846 0.036057692307692304 0.03485576923076923
0 0.375 0.5576923076923077 0.2403846153846154 0.2247596153846154
4 0.5588942307692307 0.5444711538461539 0.056490384615384616 0.056490384615384616