2 0.055288461538461536 0.5913461538461539 0.1045673076923077 0.09615384615384616
1 0.19471153846153846 0.5865384615384616 0.07692307692307693 0.06610576923076923
1 0.44471153846153844 0.5649038461538461 0.055288461538461536 0.056490384615384616
1 0.9194711538461539 0.5216346153846154 0.14903846153846154 0.12860576923076922
1 0.7908653846153846 0.5444711538461539 0.11538461538461539 0.05889423076923077
4 0.30288461538461536 0.5324519230769231 0.11057692307692307 0.1622596153846154
0 0.5396634615384616 0.5384615384615384 0.0985576923076923 0.12139423076923077
1 0.4831730769230769 0.5492788461538461 0.025240384615384616 0.03125
1 0.36538461538461536 0.5625 0.037259615384615384 0.03125
1 0.3894230769230769 0.5528846153846154 0.026442307692307692 0.03485576923076923
4 0.43149038461538464 0.5336538461538461 0.030048076923076924 0.037259615384615384