4 0.040865384615384616 0.546875 0.08173076923076923 0.6057692307692307
4 0.8365384615384616 0.5120192307692307 0.3233173076923077 0.125
1 0.4182692307692308 0.578125 0.07451923076923077 0.10096153846153846
1 0.06850961538461539 0.5925480769230769 0.051682692307692304 0.06850961538461539
1 0.5300480769230769 0.5649038461538461 0.08173076923076923 0.056490384615384616
1 0.3112980769230769 0.5805288461538461 0.05048076923076923 0.052884615384615384
1 0.36778846153846156 0.5853365384615384 0.038461538461538464 0.06009615384615385
1 0.20673076923076922 0.5805288461538461 0.05048076923076923 0.055288461538461536
1 0.15504807692307693 0.5757211538461539 0.046875 0.04447115384615385
1 0.23677884615384615 0.5697115384615384 0.03245192307692308 0.028846153846153848
4 0.6658653846153846 0.5444711538461539 0.046875 0.04447115384615385
4 0.6201923076923077 0.5444711538461539 0.06610576923076923 0.04927884615384615