1 0.8221153846153846 0.6322115384615384 0.2091346153846154 0.22115384615384615
1 0.5192307692307693 0.6021634615384616 0.140625 0.1502403846153846
4 0.6153846153846154 0.5192307692307693 0.06129807692307692 0.09735576923076923
1 0.5612980769230769 0.5348557692307693 0.056490384615384616 0.06971153846153846
0 0.5348557692307693 0.4963942307692308 0.042067307692307696 0.04326923076923077
1 0.12379807692307693 0.6514423076923077 0.15264423076923078 0.1814903846153846
1 0.25 0.5757211538461539 0.12860576923076922 0.1310096153846154
1 0.4495192307692308 0.5288461538461539 0.027644230769230768 0.028846153846153848
1 0.39302884615384615 0.5432692307692307 0.036057692307692304 0.03125
1 0.32211538461538464 0.5516826923076923 0.038461538461538464 0.07572115384615384
1 0.359375 0.5504807692307693 0.040865384615384616 0.03485576923076923
1 0.028846153846153848 0.6430288461538461 0.057692307692307696 0.27163461538461536