1 0.2247596153846154 0.5673076923076923 0.10576923076923077 0.09615384615384616
1 0.2980769230769231 0.578125 0.042067307692307696 0.038461538461538464
1 0.3473557692307692 0.5649038461538461 0.042067307692307696 0.03365384615384615
1 0.41225961538461536 0.5588942307692307 0.03485576923076923 0.02403846153846154
1 0.578125 0.5204326923076923 0.027644230769230768 0.025240384615384616
1 0.5973557692307693 0.5733173076923077 0.06971153846153846 0.07211538461538461
1 0.515625 0.5733173076923077 0.05889423076923077 0.06009615384615385
1 0.5240384615384616 0.5360576923076923 0.019230769230769232 0.013221153846153846
4 0.5252403846153846 0.5252403846153846 0.026442307692307692 0.03125
1 0.5612980769230769 0.5504807692307693 0.030048076923076924 0.02403846153846154
3 0.7608173076923077 0.5240384615384616 0.01201923076923077 0.03365384615384615
3 0.7980769230769231 0.5240384615384616 0.015625 0.038461538461538464