3 0.9206730769230769 0.5168269230769231 0.021634615384615384 0.037259615384615384
3 0.84375 0.5264423076923077 0.015625 0.03365384615384615
1 0.04567307692307692 0.6286057692307693 0.09134615384615384 0.0985576923076923
1 0.25600961538461536 0.5901442307692307 0.09254807692307693 0.07451923076923077
1 0.3762019230769231 0.5733173076923077 0.06610576923076923 0.040865384615384616
1 0.6706730769230769 0.5745192307692307 0.07692307692307693 0.07451923076923077
1 0.5661057692307693 0.5600961538461539 0.03485576923076923 0.038461538461538464
1 0.5084134615384616 0.5492788461538461 0.02403846153846154 0.021634615384615384
1 0.44471153846153844 0.5564903846153846 0.036057692307692304 0.027644230769230768
1 0.6033653846153846 0.5709134615384616 0.056490384615384616 0.06009615384615385
1 0.6286057692307693 0.5228365384615384 0.03125 0.028846153846153848