1 0.08774038461538461 0.6322115384615384 0.17548076923076922 0.203125
1 0.24158653846153846 0.5913461538461539 0.0889423076923077 0.0625
1 0.7331730769230769 0.5913461538461539 0.12379807692307693 0.13221153846153846
1 0.5276442307692307 0.5961538461538461 0.09495192307692307 0.08653846153846154
1 0.6117788461538461 0.5805288461538461 0.06971153846153846 0.078125
1 0.6622596153846154 0.5697115384615384 0.05048076923076923 0.056490384615384616
4 0.5144230769230769 0.5132211538461539 0.07211538461538461 0.07451923076923077
1 0.39903846153846156 0.5637019230769231 0.037259615384615384 0.021634615384615384
1 0.43509615384615385 0.5564903846153846 0.030048076923076924 0.019230769230769232
3 0.9423076923076923 0.5240384615384616 0.019230769230769232 0.040865384615384616
3 0.7536057692307693 0.5264423076923077 0.010817307692307692 0.013221153846153846