1 0.7007211538461539 0.59375 0.14903846153846154 0.15264423076923078
1 0.53125 0.5805288461538461 0.09735576923076923 0.08413461538461539
1 0.5997596153846154 0.5540865384615384 0.05048076923076923 0.04927884615384615
1 0.21754807692307693 0.5649038461538461 0.10336538461538461 0.06009615384615385
1 0.31490384615384615 0.5600961538461539 0.06971153846153846 0.06490384615384616
1 0.3605769230769231 0.5480769230769231 0.015625 0.018028846153846152
1 0.38461538461538464 0.5444711538461539 0.036057692307692304 0.038461538461538464
4 0.47596153846153844 0.5276442307692307 0.05889423076923077 0.11298076923076923
1 0.5709134615384616 0.5336538461538461 0.030048076923076924 0.028846153846153848
3 0.7680288461538461 0.5144230769230769 0.010817307692307692 0.021634615384615384
3 0.7331730769230769 0.5132211538461539 0.009615384615384616 0.01201923076923077