1 0.13221153846153846 0.5829326923076923 0.11778846153846154 0.07572115384615384
1 0.4579326923076923 0.6213942307692307 0.15625 0.14903846153846154
1 0.7668269230769231 0.5769230769230769 0.09254807692307693 0.09134615384615384
1 0.8557692307692307 0.5552884615384616 0.08173076923076923 0.06490384615384616
1 0.9495192307692307 0.5252403846153846 0.09735576923076923 0.05048076923076923
1 0.9699519230769231 0.5264423076923077 0.056490384615384616 0.04927884615384615
1 0.25721153846153844 0.5865384615384616 0.09975961538461539 0.06850961538461539
1 0.28725961538461536 0.5625 0.057692307692307696 0.04326923076923077
1 0.3173076923076923 0.5516826923076923 0.04326923076923077 0.04447115384615385
4 0.5360576923076923 0.5240384615384616 0.10336538461538461 0.17427884615384615
1 0.43028846153846156 0.5384615384615384 0.03245192307692308 0.027644230769230768
1 0.3473557692307692 0.5492788461538461 0.021634615384615384 0.03485576923076923
1 0.38341346153846156 0.5456730769230769 0.036057692307692304 0.025240384615384616
2 0.8112980769230769 0.5348557692307693 0.021634615384615384 0.03485576923076923