1 0.07932692307692307 0.5949519230769231 0.1466346153846154 0.08413461538461539
1 0.39783653846153844 0.6442307692307693 0.18028846153846154 0.171875
1 0.9110576923076923 0.7115384615384616 0.17548076923076922 0.3125
1 0.8052884615384616 0.5973557692307693 0.13701923076923078 0.12860576923076922
1 0.6694711538461539 0.5685096153846154 0.06971153846153846 0.078125
1 0.6045673076923077 0.5588942307692307 0.052884615384615384 0.055288461538461536
1 0.28125 0.5697115384615384 0.06610576923076923 0.038461538461538464
1 0.3737980769230769 0.5492788461538461 0.037259615384615384 0.021634615384615384
1 0.40865384615384615 0.5480769230769231 0.026442307692307692 0.025240384615384616
1 0.5096153846153846 0.5300480769230769 0.1201923076923077 0.18990384615384615
1 0.9098557692307693 0.5216346153846154 0.0889423076923077 0.046875
1 0.8197115384615384 0.5276442307692307 0.09375 0.038461538461538464