2 0.9747596153846154 0.5480769230769231 0.04567307692307692 0.052884615384615384
1 0.3629807692307692 0.7872596153846154 0.4723557692307692 0.38221153846153844
1 0.03485576923076923 0.6862980769230769 0.06971153846153846 0.1814903846153846
1 0.04807692307692308 0.5997596153846154 0.09615384615384616 0.12740384615384615
1 0.125 0.6033653846153846 0.0625 0.07451923076923077
1 0.15625 0.5889423076923077 0.06610576923076923 0.07211538461538461
1 0.23197115384615385 0.5757211538461539 0.036057692307692304 0.03125
1 0.1971153846153846 0.5757211538461539 0.03485576923076923 0.038461538461538464
4 0.41586538461538464 0.5324519230769231 0.2920673076923077 0.2283653846153846
1 0.5889423076923077 0.5504807692307693 0.021634615384615384 0.019230769230769232
2 0.6189903846153846 0.5540865384615384 0.014423076923076924 0.028846153846153848