1 0.03485576923076923 0.59375 0.06610576923076923 0.10576923076923077
1 0.10817307692307693 0.6262019230769231 0.21634615384615385 0.17548076923076922
1 0.26802884615384615 0.6105769230769231 0.10817307692307693 0.10336538461538461
1 0.3473557692307692 0.5805288461538461 0.052884615384615384 0.06971153846153846
1 0.5300480769230769 0.6334134615384616 0.15625 0.15384615384615385
1 0.40865384615384615 0.5649038461538461 0.026442307692307692 0.028846153846153848
1 0.4362980769230769 0.5673076923076923 0.030048076923076924 0.028846153846153848
4 0.5288461538461539 0.4987980769230769 0.12620192307692307 0.1310096153846154
1 0.6826923076923077 0.5612980769230769 0.078125 0.037259615384615384
2 0.9903846153846154 0.5552884615384616 0.016826923076923076 0.07211538461538461
1 0.6069711538461539 0.5504807692307693 0.020432692307692308 0.019230769230769232