1 0.06971153846153846 0.65625 0.13942307692307693 0.15865384615384615
1 0.1502403846153846 0.6201923076923077 0.0673076923076923 0.06490384615384616
1 0.2091346153846154 0.6069711538461539 0.06370192307692307 0.05889423076923077
1 0.2932692307692308 0.6045673076923077 0.0733173076923077 0.056490384615384616
1 0.34375 0.5961538461538461 0.05048076923076923 0.05048076923076923
3 0.5072115384615384 0.578125 0.004807692307692308 0.01201923076923077
3 0.5240384615384616 0.5769230769230769 0.004807692307692308 0.013221153846153846
3 0.5120192307692307 0.5769230769230769 0.004807692307692308 0.013221153846153846
2 0.5913461538461539 0.5829326923076923 0.007211538461538462 0.021634615384615384
1 0.8858173076923077 0.5709134615384616 0.025240384615384616 0.025240384615384616
1 0.8413461538461539 0.5685096153846154 0.02403846153846154 0.015625