1 0.9314903846153846 0.5540865384615384 0.1141826923076923 0.052884615384615384
1 0.890625 0.5552884615384616 0.078125 0.05048076923076923
1 0.8870192307692307 0.5456730769230769 0.11057692307692307 0.06009615384615385
1 0.8533653846153846 0.5456730769230769 0.04567307692307692 0.04927884615384615
1 0.8209134615384616 0.5480769230769231 0.04807692307692308 0.04927884615384615
1 0.21754807692307693 0.5805288461538461 0.042067307692307696 0.025240384615384616
1 0.3954326923076923 0.5685096153846154 0.03485576923076923 0.038461538461538464
1 0.4735576923076923 0.5600961538461539 0.027644230769230768 0.03125
1 0.4963942307692308 0.5516826923076923 0.016826923076923076 0.021634615384615384
1 0.5216346153846154 0.5480769230769231 0.010817307692307692 0.013221153846153846
1 0.24639423076923078 0.5745192307692307 0.03485576923076923 0.027644230769230768
1 0.23317307692307693 0.5757211538461539 0.040865384615384616 0.027644230769230768