1 0.24519230769230768 0.5853365384615384 0.04326923076923077 0.056490384615384616
1 0.2848557692307692 0.5889423076923077 0.06129807692307692 0.04927884615384615
2 0.41947115384615385 0.5709134615384616 0.030048076923076924 0.04447115384615385
1 0.48197115384615385 0.5540865384615384 0.014423076923076924 0.025240384615384616
1 0.019230769230769232 0.6129807692307693 0.036057692307692304 0.04326923076923077
1 0.02403846153846154 0.609375 0.046875 0.038461538461538464
1 0.055288461538461536 0.6117788461538461 0.037259615384615384 0.03125
1 0.11778846153846154 0.5901442307692307 0.056490384615384616 0.015625
1 0.3389423076923077 0.5625 0.037259615384615384 0.015625
1 0.06009615384615385 0.6069711538461539 0.04807692307692308 0.037259615384615384
1 0.17548076923076922 0.5841346153846154 0.052884615384615384 0.019230769230769232
1 0.15745192307692307 0.5877403846153846 0.036057692307692304 0.015625
1 0.19951923076923078 0.5817307692307693 0.04567307692307692 0.015625
1 0.3786057692307692 0.5661057692307693 0.02403846153846154 0.027644230769230768
3 0.38221153846153844 0.5685096153846154 0.006009615384615385 0.02403846153846154