1 0.4495192307692308 0.5600961538461539 0.02403846153846154 0.03125
1 0.8112980769230769 0.5444711538461539 0.052884615384615384 0.025240384615384616
1 0.019230769230769232 0.6117788461538461 0.037259615384615384 0.04447115384615385
1 0.02403846153846154 0.6057692307692307 0.046875 0.038461538461538464
4 0.040865384615384616 0.5949519230769231 0.08173076923076923 0.06009615384615385
1 0.08774038461538461 0.6021634615384616 0.046875 0.037259615384615384
1 0.10576923076923077 0.5961538461538461 0.06610576923076923 0.04326923076923077
1 0.1310096153846154 0.5925480769230769 0.046875 0.037259615384615384
1 0.2860576923076923 0.5805288461538461 0.052884615384615384 0.040865384615384616
3 0.29086538461538464 0.5805288461538461 0.010817307692307692 0.03485576923076923
1 0.15504807692307693 0.5865384615384616 0.046875 0.03485576923076923
1 0.32091346153846156 0.5697115384615384 0.020432692307692308 0.02403846153846154
1 0.3389423076923077 0.5661057692307693 0.015625 0.02403846153846154
1 0.35336538461538464 0.5625 0.01201923076923077 0.019230769230769232