1 0.08533653846153846 0.5805288461538461 0.09254807692307693 0.03485576923076923
1 0.15144230769230768 0.5757211538461539 0.07451923076923077 0.03365384615384615
1 0.25600961538461536 0.5685096153846154 0.06129807692307692 0.04326923076923077
1 0.4098557692307692 0.5600961538461539 0.06971153846153846 0.03485576923076923
1 0.3112980769230769 0.6141826923076923 0.15144230769230768 0.11538461538461539
1 0.5372596153846154 0.5576923076923077 0.07692307692307693 0.040865384615384616
1 0.6442307692307693 0.5649038461538461 0.06129807692307692 0.06610576923076923
0 0.7331730769230769 0.5288461538461539 0.0985576923076923 0.13221153846153846
1 0.6802884615384616 0.5480769230769231 0.03485576923076923 0.040865384615384616
1 0.5805288461538461 0.5504807692307693 0.042067307692307696 0.03125
1 0.8557692307692307 0.5384615384615384 0.040865384615384616 0.037259615384615384
4 0.9326923076923077 0.5132211538461539 0.1310096153846154 0.07572115384615384
1 0.7884615384615384 0.5372596153846154 0.030048076923076924 0.04326923076923077
2 0.9074519230769231 0.5372596153846154 0.03485576923076923 0.04326923076923077