2 0.8810096153846154 0.5336538461538461 0.021634615384615384 0.03125
1 0.1658653846153846 0.6418269230769231 0.21514423076923078 0.13822115384615385
1 0.23918269230769232 0.5685096153846154 0.06610576923076923 0.03125
3 0.26802884615384615 0.5612980769230769 0.010817307692307692 0.037259615384615384
3 0.2800480769230769 0.5625 0.009615384615384616 0.038461538461538464
3 0.16466346153846154 0.5685096153846154 0.014423076923076924 0.02403846153846154
1 0.29086538461538464 0.5649038461538461 0.03245192307692308 0.02403846153846154
1 0.33052884615384615 0.5625 0.057692307692307696 0.03125
1 0.41586538461538464 0.5564903846153846 0.05048076923076923 0.03125
1 0.38461538461538464 0.5817307692307693 0.0733173076923077 0.0625
1 0.4639423076923077 0.5552884615384616 0.05048076923076923 0.028846153846153848
1 0.5396634615384616 0.5552884615384616 0.07692307692307693 0.04326923076923077
1 0.6598557692307693 0.5576923076923077 0.057692307692307696 0.06490384615384616
1 0.7872596153846154 0.5360576923076923 0.03485576923076923 0.028846153846153848
0 0.7367788461538461 0.5288461538461539 0.06971153846153846 0.10336538461538461
0 0.8834134615384616 0.5132211538461539 0.16105769230769232 0.08653846153846154