1 0.019230769230769232 0.5817307692307693 0.038461538461538464 0.05048076923076923
1 0.06610576923076923 0.5757211538461539 0.09495192307692307 0.0625
1 0.2980769230769231 0.5625 0.040865384615384616 0.038461538461538464
1 0.2776442307692308 0.5637019230769231 0.019230769230769232 0.037259615384615384
1 0.4026442307692308 0.5600961538461539 0.13221153846153846 0.06009615384615385
1 0.5060096153846154 0.5564903846153846 0.07692307692307693 0.046875
1 0.4014423076923077 0.6286057692307693 0.1622596153846154 0.15264423076923078
4 0.18870192307692307 0.5516826923076923 0.16105769230769232 0.09615384615384616
1 0.13341346153846154 0.6454326923076923 0.21995192307692307 0.1622596153846154
1 0.8341346153846154 0.6069711538461539 0.18028846153846154 0.18509615384615385
0 0.9495192307692307 0.5252403846153846 0.0985576923076923 0.3004807692307692