1 0.47475961538461536 0.5793269230769231 0.0889423076923077 0.07572115384615384
1 0.2403846153846154 0.59375 0.16706730769230768 0.08653846153846154
2 0.027644230769230768 0.6105769230769231 0.055288461538461536 0.09615384615384616
1 0.14423076923076922 0.5805288461538461 0.052884615384615384 0.04927884615384615
1 0.3137019230769231 0.5709134615384616 0.03125 0.037259615384615384
1 0.3942307692307692 0.5685096153846154 0.056490384615384616 0.038461538461538464
3 0.5853365384615384 0.5552884615384616 0.007211538461538462 0.04326923076923077
2 0.5985576923076923 0.5552884615384616 0.019230769230769232 0.04927884615384615
3 0.7536057692307693 0.5540865384615384 0.019230769230769232 0.056490384615384616
1 0.3557692307692308 0.5612980769230769 0.016826923076923076 0.018028846153846152
1 0.3942307692307692 0.5444711538461539 0.037259615384615384 0.018028846153846152