1 0.8112980769230769 0.6706730769230769 0.28125 0.26802884615384615
1 0.11899038461538461 0.7932692307692307 0.23798076923076922 0.34615384615384615
2 0.9387019230769231 0.5817307692307693 0.042067307692307696 0.078125
3 0.6057692307692307 0.5721153846153846 0.014423076923076924 0.04326923076923077
3 0.5913461538461539 0.5697115384615384 0.010817307692307692 0.04447115384615385
1 0.2920673076923077 0.5889423076923077 0.052884615384615384 0.052884615384615384
2 0.23076923076923078 0.5889423076923077 0.037259615384615384 0.06009615384615385
1 0.11057692307692307 0.6021634615384616 0.06971153846153846 0.056490384615384616
1 0.14903846153846154 0.5961538461538461 0.038461538461538464 0.055288461538461536
0 0.17307692307692307 0.5649038461538461 0.078125 0.08653846153846154
0 0.05048076923076923 0.5817307692307693 0.04567307692307692 0.05889423076923077
1 0.37259615384615385 0.5673076923076923 0.030048076923076924 0.013221153846153846
1 0.4014423076923077 0.5661057692307693 0.03125 0.015625