1 0.6454326923076923 0.5817307692307693 0.1466346153846154 0.12139423076923077
1 0.8461538461538461 0.7800480769230769 0.30528846153846156 0.43149038461538464
1 0.9206730769230769 0.5432692307692307 0.15625 0.05889423076923077
1 0.5396634615384616 0.5552884615384616 0.09254807692307693 0.09134615384615384
3 0.7043269230769231 0.5324519230769231 0.014423076923076924 0.04447115384615385
3 0.6850961538461539 0.5144230769230769 0.010817307692307692 0.025240384615384616
1 0.328125 0.5637019230769231 0.07451923076923077 0.08052884615384616
2 0.2091346153846154 0.5733173076923077 0.051682692307692304 0.09615384615384616
0 0.21514423076923078 0.5252403846153846 0.08774038461538461 0.12860576923076922
1 0.06009615384615385 0.6754807692307693 0.1201923076923077 0.22596153846153846
1 0.1141826923076923 0.5600961538461539 0.07451923076923077 0.07451923076923077
0 0.08653846153846154 0.5336538461538461 0.051682692307692304 0.06971153846153846
1 0.4411057692307692 0.5264423076923077 0.030048076923076924 0.018028846153846152
1 0.4675480769230769 0.5276442307692307 0.025240384615384616 0.015625