1 0.8822115384615384 0.7584134615384616 0.23076923076923078 0.37740384615384615
1 0.13942307692307693 0.7247596153846154 0.2776442307692308 0.24639423076923078
2 0.8365384615384616 0.5697115384615384 0.036057692307692304 0.06971153846153846
1 0.6682692307692307 0.6141826923076923 0.1658653846153846 0.16947115384615385
3 0.5997596153846154 0.5540865384615384 0.010817307692307692 0.040865384615384616
1 0.28966346153846156 0.5805288461538461 0.057692307692307696 0.056490384615384616
2 0.2127403846153846 0.5805288461538461 0.042067307692307696 0.05889423076923077
1 0.025240384615384616 0.6129807692307693 0.05048076923076923 0.08653846153846154
0 0.054086538461538464 0.5661057692307693 0.038461538461538464 0.0625
1 0.09254807692307693 0.5889423076923077 0.06971153846153846 0.04927884615384615
1 0.1346153846153846 0.578125 0.04326923076923077 0.04326923076923077
0 0.18509615384615385 0.5516826923076923 0.07692307692307693 0.09615384615384616
1 0.3737980769230769 0.5564903846153846 0.03245192307692308 0.015625
1 0.4026442307692308 0.5564903846153846 0.03125 0.015625