1 0.052884615384615384 0.5853365384615384 0.06971153846153846 0.052884615384615384
1 0.3786057692307692 0.6081730769230769 0.12860576923076922 0.11177884615384616
1 0.5649038461538461 0.5625 0.057692307692307696 0.08653846153846154
1 0.6514423076923077 0.5360576923076923 0.03125 0.028846153846153848
3 0.8533653846153846 0.5288461538461539 0.020432692307692308 0.06971153846153846
1 0.21754807692307693 0.5697115384615384 0.0673076923076923 0.03485576923076923
2 0.31850961538461536 0.5685096153846154 0.015625 0.055288461538461536
1 0.3269230769230769 0.5673076923076923 0.05048076923076923 0.06009615384615385
1 0.4026442307692308 0.5552884615384616 0.046875 0.027644230769230768
3 0.45913461538461536 0.5432692307692307 0.007211538461538462 0.027644230769230768
3 0.6947115384615384 0.5336538461538461 0.030048076923076924 0.025240384615384616