3 0.9915865384615384 0.5588942307692307 0.014423076923076924 0.10096153846153846
3 0.8509615384615384 0.5504807692307693 0.021634615384615384 0.06610576923076923
3 0.8245192307692307 0.5516826923076923 0.015625 0.06850961538461539
3 0.7908653846153846 0.5552884615384616 0.015625 0.06490384615384616
3 0.8377403846153846 0.5516826923076923 0.009615384615384616 0.06850961538461539
1 0.8918269230769231 0.5444711538461539 0.0625 0.05048076923076923
1 0.3629807692307692 0.5877403846153846 0.07211538461538461 0.06971153846153846
1 0.44471153846153844 0.5877403846153846 0.0829326923076923 0.09375
1 0.5120192307692307 0.5721153846153846 0.04567307692307692 0.046875
1 0.5637019230769231 0.5697115384615384 0.04807692307692308 0.06850961538461539
2 0.6418269230769231 0.5649038461538461 0.016826923076923076 0.046875