2 0.7163461538461539 0.5625 0.026442307692307692 0.05048076923076923
3 0.7884615384615384 0.5336538461538461 0.014423076923076924 0.03365384615384615
0 0.5949519230769231 0.5492788461538461 0.15504807692307693 0.19471153846153846
1 0.5745192307692307 0.6490384615384616 0.1935096153846154 0.21153846153846154
2 0.12860576923076922 0.5949519230769231 0.03245192307692308 0.052884615384615384
1 0.18028846153846154 0.6165865384615384 0.12860576923076922 0.08774038461538461
1 0.31490384615384615 0.6586538461538461 0.18870192307692307 0.16346153846153846
1 0.44591346153846156 0.6009615384615384 0.0829326923076923 0.10576923076923077
1 0.8846153846153846 0.5600961538461539 0.06610576923076923 0.06971153846153846
1 0.8245192307692307 0.5528846153846154 0.056490384615384616 0.0625
1 0.9651442307692307 0.5612980769230769 0.0673076923076923 0.10697115384615384
1 0.9723557692307693 0.5817307692307693 0.051682692307692304 0.05048076923076923