3 0.1814903846153846 0.6177884615384616 0.025240384615384616 0.05048076923076923
3 0.21754807692307693 0.5829326923076923 0.020432692307692308 0.037259615384615384
1 0.26322115384615385 0.6081730769230769 0.10817307692307693 0.08052884615384616
1 0.38221153846153844 0.5973557692307693 0.11057692307692307 0.08653846153846154
1 0.4423076923076923 0.5973557692307693 0.040865384615384616 0.055288461538461536
1 0.47596153846153844 0.5913461538461539 0.057692307692307696 0.052884615384615384
1 0.5144230769230769 0.5877403846153846 0.046875 0.05048076923076923
1 0.5444711538461539 0.5877403846153846 0.03245192307692308 0.04326923076923077
1 0.5685096153846154 0.5841346153846154 0.040865384615384616 0.046875
1 0.5949519230769231 0.5841346153846154 0.02403846153846154 0.038461538461538464
1 0.6129807692307693 0.5829326923076923 0.026442307692307692 0.040865384615384616
1 0.6298076923076923 0.5817307692307693 0.025240384615384616 0.038461538461538464
1 0.6490384615384616 0.5769230769230769 0.030048076923076924 0.037259615384615384
1 0.765625 0.5685096153846154 0.021634615384615384 0.019230769230769232