1 0.09134615384615384 0.65625 0.18269230769230768 0.15625
1 0.22355769230769232 0.640625 0.12860576923076922 0.11298076923076923
1 0.3269230769230769 0.6177884615384616 0.11899038461538461 0.10697115384615384
1 0.39783653846153844 0.6141826923076923 0.06971153846153846 0.07572115384615384
1 0.44711538461538464 0.6069711538461539 0.06129807692307692 0.06610576923076923
1 0.4879807692307692 0.6021634615384616 0.052884615384615384 0.06490384615384616
1 0.5372596153846154 0.5901442307692307 0.06610576923076923 0.055288461538461536
1 0.5637019230769231 0.5829326923076923 0.046875 0.06009615384615385
1 0.6466346153846154 0.5853365384615384 0.06610576923076923 0.06490384615384616
1 0.6947115384615384 0.5540865384615384 0.057692307692307696 0.07572115384615384
1 0.6057692307692307 0.5637019230769231 0.037259615384615384 0.025240384615384616
3 0.5036057692307693 0.5817307692307693 0.016826923076923076 0.02403846153846154