2 0.4074519230769231 0.6225961538461539 0.014423076923076924 0.04447115384615385
2 0.38221153846153844 0.6274038461538461 0.015625 0.04326923076923077
1 0.052884615384615384 0.6382211538461539 0.10576923076923077 0.07451923076923077
1 0.10336538461538461 0.6310096153846154 0.0625 0.03485576923076923
1 0.27403846153846156 0.6274038461538461 0.09254807692307693 0.037259615384615384
1 0.20432692307692307 0.6274038461538461 0.05048076923076923 0.03485576923076923
1 0.4675480769230769 0.6237980769230769 0.0673076923076923 0.06009615384615385
1 0.5973557692307693 0.6045673076923077 0.03125 0.028846153846153848
1 0.625 0.6009615384615384 0.027644230769230768 0.025240384615384616
1 0.6838942307692307 0.5961538461538461 0.026442307692307692 0.021634615384615384
1 0.2956730769230769 0.6141826923076923 0.09735576923076923 0.037259615384615384
1 0.36778846153846156 0.6165865384615384 0.0673076923076923 0.040865384615384616