1 0.025240384615384616 0.6634615384615384 0.05048076923076923 0.1502403846153846
1 0.24278846153846154 0.5625 0.10336538461538461 0.12139423076923077
1 0.06490384615384616 0.5024038461538461 0.036057692307692304 0.037259615384615384
3 0.25 0.48677884615384615 0.009615384615384616 0.028846153846153848
1 0.31850961538461536 0.5036057692307693 0.03125 0.038461538461538464
1 0.3473557692307692 0.5 0.04567307692307692 0.05048076923076923
1 0.8401442307692307 0.5673076923076923 0.17548076923076922 0.1346153846153846
1 0.7403846153846154 0.5492788461538461 0.109375 0.11177884615384616
1 0.5829326923076923 0.5240384615384616 0.08413461538461539 0.06610576923076923
1 0.5372596153846154 0.5072115384615384 0.05889423076923077 0.07572115384615384
1 0.4723557692307692 0.5120192307692307 0.06370192307692307 0.046875
1 0.4254807692307692 0.5072115384615384 0.051682692307692304 0.04447115384615385
1 0.3870192307692308 0.5060096153846154 0.038461538461538464 0.038461538461538464