1 0.23798076923076922 0.6069711538461539 0.09014423076923077 0.09014423076923077
1 0.21995192307692307 0.5697115384615384 0.046875 0.046875
1 0.18389423076923078 0.5612980769230769 0.038461538461538464 0.04927884615384615
1 0.12860576923076922 0.5540865384615384 0.040865384615384616 0.03365384615384615
1 0.9194711538461539 0.6274038461538461 0.15745192307692307 0.18990384615384615
1 0.7992788461538461 0.5913461538461539 0.15144230769230768 0.13221153846153846
1 0.7019230769230769 0.5817307692307693 0.09495192307692307 0.10096153846153846
1 0.6310096153846154 0.5661057692307693 0.09254807692307693 0.10096153846153846
1 0.5733173076923077 0.5697115384615384 0.05048076923076923 0.07451923076923077
3 0.5144230769230769 0.5348557692307693 0.01201923076923077 0.046875
1 0.056490384615384616 0.4987980769230769 0.015625 0.013221153846153846
1 0.0673076923076923 0.48677884615384615 0.01201923076923077 0.013221153846153846
1 0.1971153846153846 0.5300480769230769 0.019230769230769232 0.013221153846153846
1 0.17307692307692307 0.5300480769230769 0.019230769230769232 0.013221153846153846
1 0.14903846153846154 0.5288461538461539 0.021634615384615384 0.019230769230769232
1 0.12860576923076922 0.5252403846153846 0.019230769230769232 0.019230769230769232
1 0.11538461538461539 0.5180288461538461 0.019230769230769232 0.021634615384615384
1 0.10336538461538461 0.5204326923076923 0.009615384615384616 0.009615384615384616
1 0.09975961538461539 0.5024038461538461 0.014423076923076924 0.018028846153846152