1 0.8425480769230769 0.5576923076923077 0.13701923076923078 0.1814903846153846
1 0.7596153846153846 0.5817307692307693 0.03245192307692308 0.09375
1 0.7379807692307693 0.5637019230769231 0.04567307692307692 0.06009615384615385
1 0.4651442307692308 0.5324519230769231 0.027644230769230768 0.03365384615384615
1 0.47836538461538464 0.5240384615384616 0.026442307692307692 0.03125
1 0.5240384615384616 0.5024038461538461 0.015625 0.021634615384615384
1 0.5336538461538461 0.5012019230769231 0.007211538461538462 0.021634615384615384
1 0.5012019230769231 0.5132211538461539 0.01201923076923077 0.021634615384615384
1 0.49278846153846156 0.5180288461538461 0.010817307692307692 0.02403846153846154
1 0.5060096153846154 0.5060096153846154 0.019230769230769232 0.02403846153846154
1 0.6971153846153846 0.5552884615384616 0.04807692307692308 0.056490384615384616
1 0.6730769230769231 0.5036057692307693 0.02403846153846154 0.03125
1 0.6550480769230769 0.5084134615384616 0.009615384615384616 0.025240384615384616
1 0.6838942307692307 0.5288461538461539 0.03245192307692308 0.040865384615384616
3 0.41947115384615385 0.5348557692307693 0.010817307692307692 0.03485576923076923
3 0.6346153846153846 0.47115384615384615 0.007211538461538462 0.021634615384615384