3 0.8064903846153846 0.5649038461538461 0.021634615384615384 0.052884615384615384
2 0.8269230769230769 0.5625 0.021634615384615384 0.05048076923076923
1 0.3473557692307692 0.609375 0.0985576923076923 0.0625
1 0.4411057692307692 0.5865384615384616 0.056490384615384616 0.046875
1 0.4831730769230769 0.5805288461538461 0.036057692307692304 0.03485576923076923
1 0.6995192307692307 0.5757211538461539 0.046875 0.052884615384615384
1 0.6370192307692307 0.6225961538461539 0.12980769230769232 0.12740384615384615
0 0.39903846153846156 0.5661057692307693 0.0829326923076923 0.06971153846153846
4 0.5024038461538461 0.5600961538461539 0.042067307692307696 0.06009615384615385
1 0.5432692307692307 0.5661057692307693 0.027644230769230768 0.027644230769230768
1 0.8341346153846154 0.5420673076923077 0.06610576923076923 0.04447115384615385