1 0.04326923076923077 0.6310096153846154 0.08653846153846154 0.07932692307692307
1 0.1814903846153846 0.6033653846153846 0.06850961538461539 0.0625
1 0.24879807692307693 0.5853365384615384 0.051682692307692304 0.06490384615384616
1 0.31490384615384615 0.6694711538461539 0.21995192307692307 0.19110576923076922
1 0.42788461538461536 0.5913461538461539 0.052884615384615384 0.05889423076923077
1 0.39302884615384615 0.5817307692307693 0.042067307692307696 0.038461538461538464
1 0.5048076923076923 0.5757211538461539 0.027644230769230768 0.028846153846153848
1 0.5552884615384616 0.5817307692307693 0.0733173076923077 0.078125
1 0.6550480769230769 0.5841346153846154 0.07451923076923077 0.06971153846153846
1 0.6105769230769231 0.5889423076923077 0.037259615384615384 0.037259615384615384
1 0.6177884615384616 0.578125 0.051682692307692304 0.055288461538461536
0 0.6814903846153846 0.5444711538461539 0.1622596153846154 0.08173076923076923
0 0.5552884615384616 0.5384615384615384 0.051682692307692304 0.03485576923076923