1 0.4495192307692308 0.6225961538461539 0.10336538461538461 0.07451923076923077
1 0.5408653846153846 0.5985576923076923 0.055288461538461536 0.04447115384615385
1 0.6274038461538461 0.5853365384615384 0.038461538461538464 0.037259615384615384
4 0.7127403846153846 0.5745192307692307 0.036057692307692304 0.04326923076923077
1 0.7403846153846154 0.5685096153846154 0.01201923076923077 0.019230769230769232
1 0.7560096153846154 0.5697115384615384 0.026442307692307692 0.02403846153846154
1 0.8112980769230769 0.5841346153846154 0.052884615384615384 0.05048076923076923
1 0.875 0.5625 0.015625 0.015625
1 0.8918269230769231 0.5600961538461539 0.010817307692307692 0.015625
1 0.8365384615384616 0.5625 0.016826923076923076 0.019230769230769232
1 0.7860576923076923 0.5661057692307693 0.01201923076923077 0.019230769230769232