1 0.15264423076923078 0.6742788461538461 0.22355769230769232 0.13822115384615385
1 0.4254807692307692 0.6117788461538461 0.07692307692307693 0.06009615384615385
1 0.5769230769230769 0.5877403846153846 0.04807692307692308 0.04326923076923077
4 0.6754807692307693 0.5733173076923077 0.04567307692307692 0.052884615384615384
1 0.7355769230769231 0.5685096153846154 0.025240384615384616 0.027644230769230768
1 0.7776442307692307 0.5600961538461539 0.021634615384615384 0.021634615384615384
1 0.8161057692307693 0.5757211538461539 0.052884615384615384 0.055288461538461536
1 0.8605769230769231 0.5552884615384616 0.015625 0.013221153846153846
1 0.8822115384615384 0.5576923076923077 0.019230769230769232 0.018028846153846152
1 0.9014423076923077 0.5528846153846154 0.01201923076923077 0.01201923076923077
1 0.9158653846153846 0.5444711538461539 0.007211538461538462 0.009615384615384616