3 0.17067307692307693 0.6177884615384616 0.021634615384615384 0.08173076923076923
1 0.22115384615384615 0.6322115384615384 0.1141826923076923 0.08413461538461539
1 0.3894230769230769 0.6117788461538461 0.07451923076923077 0.056490384615384616
1 0.49278846153846156 0.6117788461538461 0.0733173076923077 0.056490384615384616
1 0.5216346153846154 0.5925480769230769 0.04326923076923077 0.04447115384615385
1 0.5492788461538461 0.5961538461538461 0.026442307692307692 0.03485576923076923
1 0.6394230769230769 0.5853365384615384 0.04567307692307692 0.04447115384615385
1 0.9495192307692307 0.5805288461538461 0.055288461538461536 0.046875
1 0.8509615384615384 0.5925480769230769 0.0733173076923077 0.08413461538461539
1 0.7884615384615384 0.5697115384615384 0.030048076923076924 0.046875
1 0.8064903846153846 0.5649038461538461 0.010817307692307692 0.021634615384615384