1 0.6682692307692307 0.5697115384615384 0.025240384615384616 0.03125
1 0.6382211538461539 0.5757211538461539 0.036057692307692304 0.03485576923076923
1 0.6911057692307693 0.5649038461538461 0.016826923076923076 0.02403846153846154
1 0.6706730769230769 0.5552884615384616 0.010817307692307692 0.009615384615384616
1 0.6814903846153846 0.5540865384615384 0.007211538461538462 0.009615384615384616
2 0.9591346153846154 0.5625 0.021634615384615384 0.046875
1 0.7596153846153846 0.6009615384615384 0.10817307692307693 0.1502403846153846
1 0.8064903846153846 0.5576923076923077 0.019230769230769232 0.025240384615384616
1 0.8293269230769231 0.5600961538461539 0.02403846153846154 0.028846153846153848
1 0.8557692307692307 0.5649038461538461 0.037259615384615384 0.055288461538461536
1 0.8858173076923077 0.5745192307692307 0.06610576923076923 0.07451923076923077
1 0.9771634615384616 0.6502403846153846 0.042067307692307696 0.19951923076923078