1 0.5324519230769231 0.6117788461538461 0.057692307692307696 0.05048076923076923
1 0.6033653846153846 0.5985576923076923 0.040865384615384616 0.040865384615384616
1 0.6514423076923077 0.5865384615384616 0.025240384615384616 0.025240384615384616
1 0.6586538461538461 0.5745192307692307 0.010817307692307692 0.01201923076923077
1 0.6742788461538461 0.5865384615384616 0.016826923076923076 0.03125
1 0.7572115384615384 0.5817307692307693 0.030048076923076924 0.03485576923076923
1 0.7740384615384616 0.5745192307692307 0.016826923076923076 0.019230769230769232
1 0.7956730769230769 0.578125 0.021634615384615384 0.03125
1 0.8221153846153846 0.5805288461538461 0.036057692307692304 0.038461538461538464
1 0.8521634615384616 0.5913461538461539 0.06129807692307692 0.06850961538461539
1 0.9411057692307693 0.65625 0.11538461538461539 0.21514423076923078
1 0.7163461538461539 0.6081730769230769 0.08653846153846154 0.12259615384615384