4 0.6418269230769231 0.5252403846153846 0.037259615384615384 0.015625
4 0.7007211538461539 0.5384615384615384 0.03245192307692308 0.052884615384615384
1 0.7103365384615384 0.5552884615384616 0.04567307692307692 0.05889423076923077
1 0.7331730769230769 0.5612980769230769 0.0673076923076923 0.056490384615384616
1 0.6370192307692307 0.5673076923076923 0.057692307692307696 0.06490384615384616
1 0.5336538461538461 0.5889423076923077 0.0829326923076923 0.08774038461538461
1 0.5721153846153846 0.5600961538461539 0.04567307692307692 0.05048076923076923
1 0.5925480769230769 0.5540865384615384 0.021634615384615384 0.040865384615384616
1 0.6706730769230769 0.5456730769230769 0.001201923076923077 0.03365384615384615
1 0.8617788461538461 0.7043269230769231 0.27403846153846156 0.49759615384615385
4 0.6370192307692307 0.5180288461538461 0.05048076923076923 0.027644230769230768
1 0.5048076923076923 0.5444711538461539 0.021634615384615384 0.015625