1 0.5649038461538461 0.47836538461538464 0.019230769230769232 0.026442307692307692
1 0.49038461538461536 0.47475961538461536 0.025240384615384616 0.03125
1 0.008413461538461538 0.5072115384615384 0.016826923076923076 0.03365384615384615
3 0.7295673076923077 0.47836538461538464 0.01201923076923077 0.03365384615384615
2 0.3858173076923077 0.48197115384615385 0.014423076923076924 0.03365384615384615
1 0.546875 0.48677884615384615 0.03485576923076923 0.042067307692307696
1 0.46634615384615385 0.48677884615384615 0.03485576923076923 0.037259615384615384
1 0.35096153846153844 0.4831730769230769 0.039663461538461536 0.038461538461538464
1 0.5120192307692307 0.5024038461538461 0.0625 0.0625
1 0.25841346153846156 0.5252403846153846 0.12379807692307693 0.09134615384615384
1 0.009615384615384616 0.5625 0.019230769230769232 0.0673076923076923
3 0.6730769230769231 0.47475961538461536 0.009615384615384616 0.026442307692307692
1 0.5757211538461539 0.47475961538461536 0.01201923076923077 0.016826923076923076