1 0.46153846153846156 0.4735576923076923 0.021634615384615384 0.025240384615384616
1 0.4483173076923077 0.47596153846153844 0.028846153846153848 0.025240384615384616
3 0.84375 0.5060096153846154 0.03365384615384615 0.10096153846153846
1 0.3641826923076923 0.4831730769230769 0.027644230769230768 0.03485576923076923
1 0.5 0.4699519230769231 0.018028846153846152 0.018028846153846152
1 0.5204326923076923 0.46875 0.016826923076923076 0.016826923076923076
3 0.7884615384615384 0.5072115384615384 0.027644230769230768 0.09134615384615384
1 0.6838942307692307 0.4699519230769231 0.025240384615384616 0.03245192307692308
1 0.4206730769230769 0.47716346153846156 0.030048076923076924 0.028846153846153848
1 0.3317307692307692 0.484375 0.04567307692307692 0.042067307692307696
1 0.390625 0.48197115384615385 0.038461538461538464 0.03485576923076923
4 0.5841346153846154 0.4639423076923077 0.014423076923076924 0.021634615384615384
1 0.5661057692307693 0.46875 0.01201923076923077 0.014423076923076924
1 0.5745192307692307 0.46875 0.009615384615384616 0.013221153846153846
1 0.6694711538461539 0.4735576923076923 0.009615384615384616 0.02283653846153846
1 0.6382211538461539 0.4675480769230769 0.010817307692307692 0.015625
1 0.8449519230769231 0.5132211538461539 0.0985576923076923 0.078125